@relation ionosphere-10-7tra.dat
@attribute Pulse1 integer [0, 1]
@attribute Pulse3 real [-1.0, 1.0]
@attribute Pulse4 real [-1.0, 1.0]
@attribute Pulse5 real [-1.0, 1.0]
@attribute Pulse6 real [-1.0, 1.0]
@attribute Pulse7 real [-1.0, 1.0]
@attribute Pulse8 real [-1.0, 1.0]
@attribute Pulse9 real [-1.0, 1.0]
@attribute Pulse10 real [-1.0, 1.0]
@attribute Pulse11 real [-1.0, 1.0]
@attribute Pulse12 real [-1.0, 1.0]
@attribute Pulse13 real [-1.0, 1.0]
@attribute Pulse14 real [-1.0, 1.0]
@attribute Pulse15 real [-1.0, 1.0]
@attribute Pulse16 real [-1.0, 1.0]
@attribute Pulse17 real [-1.0, 1.0]
@attribute Pulse18 real [-1.0, 1.0]
@attribute Pulse19 real [-1.0, 1.0]
@attribute Pulse20 real [-1.0, 1.0]
@attribute Pulse21 real [-1.0, 1.0]
@attribute Pulse22 real [-1.0, 1.0]
@attribute Pulse23 real [-1.0, 1.0]
@attribute Pulse24 real [-1.0, 1.0]
@attribute Pulse25 real [-1.0, 1.0]
@attribute Pulse26 real [-1.0, 1.0]
@attribute Pulse27 real [-1.0, 1.0]
@attribute Pulse28 real [-1.0, 1.0]
@attribute Pulse29 real [-1.0, 1.0]
@attribute Pulse30 real [-1.0, 1.0]
@attribute Pulse31 real [-1.0, 1.0]
@attribute Pulse32 real [-1.0, 1.0]
@attribute Pulse33 real [-1.0, 1.0]
@attribute Pulse34 real [-1.0, 1.0]
@attribute Class integer [0, 1]
@inputs Pulse1, Pulse3, Pulse4, Pulse5, Pulse6, Pulse7, Pulse8, Pulse9, Pulse10, Pulse11, Pulse12, Pulse13, Pulse14, Pulse15, Pulse16, Pulse17, Pulse18, Pulse19, Pulse20, Pulse21, Pulse22, Pulse23, Pulse24, Pulse25, Pulse26, Pulse27, Pulse28, Pulse29, Pulse30, Pulse31, Pulse32, Pulse33, Pulse34
@outputs Class
@data
1, 0.9975, 0.47050000000000003, 0.9259999999999999, 0.5115, 0.917, 0.3115, 1.0, 0.519, 0.9259999999999999, 0.41100000000000003, 0.7989999999999999, 0.27549999999999997, 0.8025, 0.309, 0.9219999999999999, 0.3075, 0.7909999999999999, 0.33899999999999997, 0.7849999999999999, 0.35150000000000003, 0.6845, 0.263, 0.784, 0.244, 0.7055, 0.269, 0.6065, 0.3295, 0.7115, 0.22749999999999998, 0.593, 0.27349999999999997, 0
1, 1.0, 0.274, 1.0, 1.0, 0.856, 0.0, 0.5, 0.5, 0.5, 0.5, 0.5, 0.5, 0.0, 0.5725, 0.7705, 0.3035, 0.0, 0.22749999999999998, 0.15000000000000002, 1.0, 0.5, 0.5, 1.0, 0.9535, 0.758, 1.0, 1.0, 0.39949999999999997, 0.6285000000000001, 1.0, 0.33799999999999997, 1.0, 1
1, 1.0, 0.488, 0.9704999999999999, 0.5325, 0.9605, 0.3835, 0.886, 0.418, 0.764, 0.39849999999999997, 0.782, 0.4965, 0.6719999999999999, 0.3625, 0.7645, 0.391, 0.7255, 0.41100000000000003, 0.53, 0.322, 0.5115, 0.2355, 0.5165, 0.174, 0.5665, 0.23399999999999999, 0.512, 0.189, 0.4715, 0.202, 0.477, 0.17149999999999999, 0
1, 0.5115, 0.497, 0.4505, 0.4405, 0.496, 0.441, 0.5735, 0.533, 0.519, 0.4685, 0.5, 0.5, 0.477, 0.4225, 0.4985, 0.449, 0.442, 0.473, 0.509, 0.5185, 0.5075, 0.5045, 0.5175, 0.4925, 0.484, 0.546, 0.4605, 0.5035, 0.5, 0.5, 0.5, 0.56, 1
1, 0.988, 0.447, 0.973, 0.396, 0.964, 0.358, 0.9299999999999999, 0.3635, 0.899, 0.2605, 0.891, 0.246, 0.873, 0.193, 0.7895, 0.15949999999999998, 0.6895, 0.132, 0.6815, 0.11699999999999999, 0.6595, 0.10099999999999998, 0.614, 0.09200000000000003, 0.5685, 0.08750000000000002, 0.523, 0.08800000000000002, 0.4785, 0.09350000000000003, 0.431, 0.09499999999999997, 0
0, 0.5, 0.5, 0.5, 0.5, 1.0, 0.0, 0.5, 0.5, 0.0, 0.0, 0.5, 0.5, 0.5, 0.5, 1.0, 1.0, 0.0, 0.0, 0.5, 0.5, 0.5, 0.5, 1.0, 1.0, 1.0, 1.0, 0.5, 0.5, 1.0, 1.0, 0.5, 0.5, 1
1, 0.982, 0.464, 1.0, 0.4285, 1.0, 0.3935, 1.0, 0.319, 0.9630000000000001, 0.28200000000000003, 0.9724999999999999, 0.2965, 0.952, 0.268, 0.9915, 0.3235, 0.9225, 0.16999999999999998, 0.8765000000000001, 0.197, 0.848, 0.179, 0.9255, 0.173, 0.788, 0.15150000000000002, 0.627, 0.1805, 0.7255, 0.136, 0.6945, 0.133, 0
1, 0.4905, 0.4575, 0.5, 0.5, 0.5, 0.5, 0.5575, 0.366, 0.27149999999999996, 0.309, 0.5, 0.5, 0.3315, 0.6930000000000001, 0.3145, 0.575, 0.8185, 0.6105, 0.5, 0.5, 0.5, 0.5, 0.426, 0.4935, 0.603, 0.4885, 0.5, 0.5, 0.583, 0.6205, 0.459, 0.6905, 1
1, 1.0, 0.5335, 1.0, 0.40800000000000003, 1.0, 0.3635, 1.0, 0.2845, 1.0, 0.2935, 0.981, 0.2405, 0.9535, 0.20500000000000002, 0.946, 0.16749999999999998, 0.8494999999999999, 0.14500000000000002, 0.853, 0.1185, 0.8155, 0.09749999999999998, 0.7795000000000001, 0.05449999999999999, 0.736, 0.0675, 0.7015, 0.08150000000000002, 0.655, 0.05449999999999999, 0.615, 0.05399999999999999, 0
1, 1.0, 0.22899999999999998, 1.0, 0.0, 1.0, 0.0, 1.0, 0.681, 1.0, 0.2945, 1.0, 1.0, 1.0, 0.0, 1.0, 0.353, 1.0, 0.03199999999999997, 1.0, 1.0, 1.0, 1.0, 1.0, 0.2955, 1.0, 0.1865, 1.0, 0.0, 1.0, 0.0, 1.0, 0.0, 1
1, 1.0, 0.4185, 1.0, 0.449, 1.0, 0.424, 1.0, 0.40349999999999997, 0.9704999999999999, 0.324, 0.9784999999999999, 0.351, 0.9685, 0.328, 0.9724999999999999, 0.3595, 0.9505, 0.28300000000000003, 0.9299999999999999, 0.2635, 0.915, 0.244, 0.9205, 0.2645, 0.881, 0.20800000000000002, 0.8285, 0.15600000000000003, 0.8435, 0.1775, 0.8235, 0.16399999999999998, 0
1, 1.0, 0.0665, 1.0, 0.6115, 0.9275, 0.3005, 1.0, 0.4395, 1.0, 0.6755, 1.0, 0.539, 1.0, 0.426, 1.0, 0.0, 1.0, 0.0, 0.8089999999999999, 0.579, 1.0, 0.8115, 1.0, 0.415, 1.0, 0.6795, 1.0, 0.16749999999999998, 1.0, 0.942, 1.0, 0.406, 1
1, 1.0, 0.537, 1.0, 0.517, 1.0, 0.472, 1.0, 0.544, 1.0, 0.5985, 1.0, 0.6015, 1.0, 0.5640000000000001, 1.0, 0.553, 1.0, 0.6355, 1.0, 0.724, 1.0, 0.709, 1.0, 0.6, 1.0, 0.6835, 0.978, 0.743, 1.0, 0.6625, 1.0, 0.7335, 0
1, 0.7545, 0.030000000000000027, 1.0, 0.6335, 0.4825, 0.0, 1.0, 0.0, 0.7185, 0.0, 0.5, 0.5, 0.0, 0.3285, 0.3115, 0.518, 1.0, 0.0, 0.5, 0.5, 0.5, 0.5, 0.4185, 0.9610000000000001, 0.6990000000000001, 0.6325000000000001, 0.5, 0.5, 1.0, 0.616, 0.5, 0.5, 1
0, 0.5, 0.5, 0.0, 0.0, 1.0, 1.0, 0.0, 1.0, 0.0, 1.0, 1.0, 0.0, 1.0, 1.0, 0.0, 0.0, 0.0, 1.0, 1.0, 0.0, 0.0, 1.0, 0.0, 1.0, 1.0, 0.0, 0.0, 1.0, 0.0, 0.0, 1.0, 0.0, 1
1, 0.8355, 0.5125, 0.833, 0.525, 0.786, 0.594, 0.544, 0.6705, 0.8180000000000001, 0.5605, 0.8105, 0.5715, 0.893, 0.555, 0.792, 0.591, 0.572, 0.706, 0.7695000000000001, 0.6065, 0.757, 0.613, 0.744, 0.6185, 0.731, 0.623, 0.717, 0.6265000000000001, 0.7035, 0.629, 1.0, 0.665, 0
0, 1.0, 0.0, 0.5, 0.5, 0.5, 0.5, 1.0, 1.0, 1.0, 0.0, 0.1405, 1.0, 0.5, 0.5, 0.0, 1.0, 1.0, 1.0, 0.0, 1.0, 1.0, 0.781, 0.0, 1.0, 1.0, 1.0, 1.0, 0.0, 1.0, 1.0, 1.0, 1.0, 1
1, 1.0, 0.497, 1.0, 0.451, 1.0, 0.462, 1.0, 0.447, 1.0, 0.4445, 1.0, 0.3025, 1.0, 0.422, 0.9605, 0.3405, 0.9325, 0.3275, 0.9585, 0.27949999999999997, 0.9804999999999999, 0.2655, 0.9095, 0.298, 0.9135, 0.28900000000000003, 0.879, 0.309, 0.902, 0.297, 0.872, 0.275, 0
0, 1.0, 1.0, 0.5, 0.5, 0.5, 0.5, 0.0, 0.0, 0.5, 0.5, 0.5, 0.5, 0.0, 0.0, 0.0, 0.0, 0.0, 1.0, 0.0, 1.0, 0.5, 0.5, 0.5, 0.5, 1.0, 0.0, 0.0, 1.0, 0.0, 1.0, 0.0, 1.0, 1
0, 0.0, 1.0, 0.5, 0.5, 0.5, 0.5, 0.0, 1.0, 1.0, 1.0, 0.5, 0.5, 0.5, 0.5, 1.0, 0.0, 0.0, 1.0, 1.0, 1.0, 0.5, 0.5, 0.0, 0.0, 1.0, 0.0, 1.0, 1.0, 0.0, 1.0, 0.5, 0.5, 1
1, 1.0, 0.469, 1.0, 0.5145, 1.0, 0.4745, 1.0, 0.4915, 1.0, 0.4415, 0.9225, 0.474, 0.9670000000000001, 0.46699999999999997, 0.846, 0.463, 0.8285, 0.398, 0.9744999999999999, 0.34199999999999997, 0.9045000000000001, 0.3415, 0.9245, 0.326, 0.8625, 0.354, 0.8654999999999999, 0.307, 0.772, 0.3685, 0.821, 0.3025, 0
1, 1.0, 0.4565, 1.0, 0.4135, 0.933, 0.09100000000000003, 0.974, 0.8055, 0.9775, 0.29300000000000004, 0.9425, 0.3415, 0.9395, 0.383, 0.9055, 0.189, 0.5609999999999999, 0.0, 0.9515, 0.5555, 0.812, 0.10749999999999998, 0.777, 0.08550000000000002, 0.7404999999999999, 0.067, 0.7030000000000001, 0.05149999999999999, 0.665, 0.03949999999999998, 0.4335, 0.0, 0
1, 1.0, 0.542, 1.0, 0.587, 1.0, 0.4335, 0.991, 0.8225, 1.0, 0.7395, 1.0, 0.7955, 1.0, 0.854, 1.0, 0.9139999999999999, 1.0, 0.9755, 1.0, 1.0, 0.99, 1.0, 0.958, 1.0, 0.9195, 1.0, 0.874, 1.0, 0.8220000000000001, 1.0, 0.7625, 1.0, 0
0, 0.0, 0.0, 1.0, 1.0, 1.0, 0.0, 0.0, 1.0, 1.0, 0.0, 0.0, 0.0, 0.5, 0.5, 1.0, 1.0, 0.0, 0.0, 1.0, 0.0, 1.0, 0.0, 1.0, 1.0, 1.0, 0.0, 1.0, 0.0, 0.0, 1.0, 1.0, 0.0, 1
1, 1.0, 0.429, 1.0, 0.4185, 1.0, 0.3815, 1.0, 0.4625, 1.0, 0.375, 1.0, 0.369, 1.0, 0.39, 1.0, 0.307, 1.0, 0.269, 1.0, 0.3225, 1.0, 0.2015, 1.0, 0.262, 0.994, 0.2515, 1.0, 0.121, 1.0, 0.121, 1.0, 0.07800000000000001, 0
1, 1.0, 0.0, 1.0, 1.0, 1.0, 0.0, 1.0, 0.0, 1.0, 0.0, 1.0, 0.491, 1.0, 0.0, 1.0, 1.0, 1.0, 0.07200000000000001, 1.0, 1.0, 1.0, 0.0, 0.5, 0.5, 1.0, 1.0, 1.0, 0.10449999999999998, 1.0, 1.0, 1.0, 1.0, 1
1, 0.9410000000000001, 0.427, 0.9670000000000001, 0.4445, 0.9605, 0.418, 0.9415, 0.415, 0.9425, 0.34099999999999997, 0.9265, 0.3425, 0.9105, 0.3205, 0.9035, 0.33199999999999996, 0.876, 0.265, 0.853, 0.264, 0.831, 0.2495, 0.8065, 0.2595, 0.784, 0.22699999999999998, 0.751, 0.2005, 0.7355, 0.21300000000000002, 0.711, 0.20950000000000002, 0
1, 0.8565, 0.487, 0.7065, 0.3845, 0.99, 0.4525, 0.9984999999999999, 0.449, 1.0, 0.445, 0.7949999999999999, 1.0, 0.9185, 0.0, 0.9115, 0.4105, 0.904, 0.35850000000000004, 0.3705, 0.9635, 0.7595000000000001, 0.5275, 0.8275, 0.398, 0.9655, 0.2935, 0.819, 0.3905, 0.9305, 0.063, 0.384, 0.0, 1
1, 1.0, 0.4205, 0.8614999999999999, 0.6385000000000001, 0.917, 0.20800000000000002, 1.0, 0.359, 1.0, 0.2505, 0.9, 0.4375, 0.884, 0.573, 1.0, 0.6965, 1.0, 0.633, 0.982, 0.4905, 0.9630000000000001, 0.04349999999999998, 1.0, 0.574, 1.0, 0.442, 1.0, 0.4445, 1.0, 0.767, 1.0, 0.21100000000000002, 0
1, 0.831, 0.0, 1.0, 1.0, 1.0, 0.16349999999999998, 0.9045000000000001, 0.298, 1.0, 0.0, 1.0, 0.05299999999999999, 1.0, 0.867, 0.588, 0.855, 1.0, 0.89, 1.0, 0.9265, 1.0, 0.0, 1.0, 0.927, 1.0, 0.457, 0.98, 0.319, 1.0, 0.8265, 1.0, 0.6735, 1
1, 1.0, 0.502, 1.0, 0.494, 1.0, 0.485, 1.0, 0.46499999999999997, 0.989, 0.4685, 1.0, 0.4675, 0.9864999999999999, 0.4605, 0.9630000000000001, 0.4315, 0.971, 0.4285, 0.998, 0.429, 0.974, 0.432, 0.9475, 0.3955, 0.9455, 0.4105, 0.9279999999999999, 0.40700000000000003, 0.919, 0.39949999999999997, 0.9195, 0.396, 0
0, 1.0, 1.0, 1.0, 0.0, 0.5, 0.5, 0.5, 0.5, 0.0, 0.0, 0.5, 0.5, 0.5, 0.5, 0.0, 1.0, 1.0, 1.0, 0.0, 1.0, 0.0, 1.0, 1.0, 0.0, 1.0, 1.0, 0.0, 1.0, 1.0, 1.0, 0.5, 0.5, 1
1, 0.956, 0.5215, 0.971, 0.5115, 0.9735, 0.5265, 0.968, 0.5065, 0.9595, 0.5315, 0.964, 0.5605, 0.96, 0.531, 0.9445, 0.5635, 0.9185, 0.572, 0.905, 0.5589999999999999, 0.885, 0.571, 0.879, 0.5565, 0.868, 0.5665, 0.8320000000000001, 0.5765, 0.8545, 0.554, 0.8265, 0.557, 0
1, 0.0, 0.0, 1.0, 1.0, 1.0, 0.428, 0.5, 0.5, 0.0, 1.0, 1.0, 1.0, 0.5895, 0.0, 0.0, 0.0, 0.544, 0.0, 1.0, 0.0, 0.0, 1.0, 0.0, 0.0, 1.0, 0.0, 0.0, 0.0, 1.0, 1.0, 0.5, 0.5, 1
1, 0.9545, 0.544, 0.9325, 0.5845, 1.0, 0.583, 0.776, 0.841, 0.851, 0.6835, 0.5815, 0.7135, 0.788, 0.7305, 0.7555000000000001, 0.748, 0.658, 0.565, 0.6890000000000001, 0.7725, 0.6565, 0.779, 0.6245, 0.7825, 0.593, 0.7829999999999999, 0.563, 0.7805, 0.5345, 0.7755000000000001, 0.5605, 0.8385, 0
1, 0.995, 0.471, 0.999, 0.435, 0.9935, 0.403, 0.997, 0.371, 0.9635, 0.34950000000000003, 0.9635, 0.31, 0.9490000000000001, 0.281, 0.9245, 0.2395, 0.937, 0.21450000000000002, 0.895, 0.201, 0.8734999999999999, 0.177, 0.8415, 0.15749999999999997, 0.8260000000000001, 0.134, 0.8049999999999999, 0.123, 0.774, 0.09849999999999998, 0.746, 0.08400000000000002, 0
0, 0.5, 0.5, 0.5, 0.5, 0.5, 0.5, 1.0, 1.0, 1.0, 1.0, 0.5, 0.5, 0.5, 0.5, 0.3125, 0.0, 0.0, 0.0, 0.5, 0.5, 0.5, 0.5, 0.0, 0.0, 0.0, 0.0, 0.0, 1.0, 1.0, 0.5, 0.5, 0.5, 1
1, 1.0, 0.4815, 1.0, 0.463, 0.998, 0.445, 0.999, 0.4505, 0.9944999999999999, 0.431, 0.9835, 0.3915, 0.9764999999999999, 0.3745, 0.956, 0.328, 0.9530000000000001, 0.33899999999999997, 0.95, 0.3265, 0.9395, 0.312, 0.931, 0.28500000000000003, 0.9159999999999999, 0.2845, 0.907, 0.28700000000000003, 0.8895, 0.26, 0.8755, 0.249, 0
1, 0.973, 0.4865, 0.0, 0.6305000000000001, 0.318, 0.6779999999999999, 0.8465, 0.183, 1.0, 0.483, 0.355, 0.497, 0.22549999999999998, 0.5775, 0.9595, 0.26849999999999996, 1.0, 0.248, 0.35150000000000003, 0.3425, 0.1305, 0.687, 0.9195, 0.26649999999999996, 0.761, 0.20950000000000002, 1.0, 0.193, 0.452, 0.6025, 0.46950000000000003, 0.7095, 1
1, 0.991, 0.5045, 0.9904999999999999, 0.481, 0.988, 0.4715, 0.9795, 0.46499999999999997, 0.995, 0.4775, 0.9735, 0.4445, 0.9670000000000001, 0.436, 0.971, 0.442, 0.8985000000000001, 0.404, 0.9415, 0.41300000000000003, 0.9315, 0.4065, 0.9425, 0.40149999999999997, 0.909, 0.3945, 0.8925000000000001, 0.3805, 0.8845000000000001, 0.3845, 0.8714999999999999, 0.3805, 0
1, 0.5, 0.5, 1.0, 0.7585, 0.5, 0.5, 0.555, 0.0, 0.5, 0.5, 0.5, 0.5, 0.0, 0.388, 0.22149999999999997, 0.08350000000000002, 0.8845000000000001, 0.8155, 0.5, 0.5, 0.767, 0.6785, 0.04849999999999999, 0.724, 1.0, 0.0, 0.0, 0.9079999999999999, 0.5, 0.5, 0.5, 0.5, 1
0, 1.0, 1.0, 1.0, 0.0, 0.5, 0.5, 0.5, 0.5, 1.0, 1.0, 1.0, 1.0, 0.0, 0.0, 1.0, 0.0, 0.0, 1.0, 0.5, 0.5, 1.0, 0.0, 1.0, 0.0, 1.0, 1.0, 0.0, 0.0, 0.5, 0.5, 0.5, 0.5, 1
1, 1.0, 1.0, 1.0, 1.0, 0.9550000000000001, 1.0, 0.365, 1.0, 0.08400000000000002, 1.0, 0.0, 1.0, 0.0, 0.8625, 0.0, 0.21100000000000002, 0.0, 0.2895, 0.0, 0.0, 0.236, 0.0, 0.95, 0.0, 1.0, 0.0, 1.0, 0.0, 1.0, 0.3265, 1.0, 0.6739999999999999, 0
1, 0.16049999999999998, 0.0, 0.0, 1.0, 1.0, 0.8165, 0.5175, 0.0, 0.0, 0.0, 1.0, 1.0, 0.9435, 0.0, 0.0, 1.0, 0.919, 1.0, 1.0, 0.0, 0.0, 0.0, 0.40549999999999997, 1.0, 1.0, 0.0, 0.0, 0.0, 0.0, 1.0, 1.0, 0.668, 1
1, 0.9784999999999999, 0.5405, 0.9875, 0.4715, 0.986, 0.4575, 0.9804999999999999, 0.46699999999999997, 0.9735, 0.5065, 0.977, 0.416, 0.973, 0.40249999999999997, 0.998, 0.3385, 0.9515, 0.3205, 0.9570000000000001, 0.3635, 0.9505, 0.351, 0.9995, 0.2965, 0.9359999999999999, 0.327, 0.9605, 0.347, 0.9199999999999999, 0.3045, 0.911, 0.29400000000000004, 0
1, 0.5415, 0.3965, 0.0, 1.0, 0.0, 1.0, 0.8594999999999999, 0.736, 0.08950000000000002, 0.1865, 0.0, 0.0, 0.0, 1.0, 0.486, 0.796, 0.2895, 0.2895, 0.127, 0.0, 0.0, 0.266, 0.0, 0.619, 1.0, 0.0, 0.0, 0.3055, 0.0, 0.0, 0.0, 0.8075, 1
1, 1.0, 0.4885, 1.0, 0.4775, 1.0, 0.4665, 1.0, 0.456, 1.0, 0.781, 1.0, 0.4365, 1.0, 0.4275, 1.0, 0.662, 1.0, 0.41200000000000003, 0.9975, 0.40549999999999997, 0.978, 0.39949999999999997, 1.0, 0.03849999999999998, 0.9365, 0.391, 0.9145, 0.388, 0.8925000000000001, 0.386, 0.87, 0.385, 0
0, 0.0, 1.0, 1.0, 0.0, 0.0, 1.0, 0.5, 0.5, 1.0, 1.0, 0.0, 0.406, 1.0, 1.0, 0.0, 0.0, 1.0, 0.0, 0.0, 0.0, 1.0, 1.0, 1.0, 0.0, 1.0, 1.0, 1.0, 1.0, 0.5, 0.5, 0.0, 0.0, 1
1, 1.0, 0.529, 0.9724999999999999, 0.537, 1.0, 0.5660000000000001, 1.0, 0.4905, 0.974, 0.535, 0.9784999999999999, 0.573, 0.9744999999999999, 0.556, 0.9545, 0.6005, 0.9835, 0.5815, 0.9984999999999999, 0.5715, 0.954, 0.582, 0.9585, 0.612, 0.942, 0.618, 0.9430000000000001, 0.6125, 0.8915, 0.648, 0.9179999999999999, 0.656, 0
1, 0.586, 0.0, 0.0, 1.0, 0.5, 0.5, 0.5, 0.5, 0.0, 1.0, 0.5, 0.5, 0.193, 0.16149999999999998, 0.9025000000000001, 0.6805, 0.76, 0.572, 0.5, 0.5, 0.0, 0.3645, 0.07600000000000001, 0.981, 1.0, 1.0, 0.0, 0.8385, 0.5, 0.5, 0.5, 0.5, 1
1, 0.5085, 0.322, 0.5, 0.5, 0.5, 0.5, 0.5, 0.5, 0.5, 0.5, 0.5, 0.5, 0.5615, 0.22499999999999998, 0.614, 0.9139999999999999, 1.0, 0.2885, 0.5, 0.5, 0.5415, 0.0, 0.447, 0.4165, 1.0, 0.11649999999999999, 0.0, 0.5945, 0.5, 0.5, 1.0, 0.3635, 1
1, 0.819, 1.0, 0.604, 0.0, 1.0, 1.0, 0.9385, 0.6545, 0.16549999999999998, 1.0, 0.47050000000000003, 0.794, 0.509, 0.525, 0.2425, 0.0, 0.5715, 0.4835, 0.6635, 0.28049999999999997, 0.0, 1.0, 0.9045000000000001, 0.0, 1.0, 0.46950000000000003, 1.0, 1.0, 0.603, 0.0, 1.0, 1.0, 1
1, 1.0, 0.2925, 1.0, 0.8805000000000001, 0.9355, 0.593, 1.0, 0.4505, 0.969, 0.74, 0.8275, 0.4195, 1.0, 0.5045, 0.988, 0.2495, 0.9, 0.3775, 0.9405, 0.40449999999999997, 1.0, 0.4385, 0.968, 0.5535, 0.9645, 0.464, 1.0, 0.363, 0.72, 0.599, 0.757, 0.473, 0
1, 0.9239999999999999, 0.553, 1.0, 0.6955, 1.0, 0.0, 0.8345, 0.542, 1.0, 0.635, 1.0, 0.8029999999999999, 1.0, 0.6775, 1.0, 0.5135, 0.792, 0.28500000000000003, 1.0, 0.8175, 0.9455, 0.633, 0.9550000000000001, 0.3335, 1.0, 0.5795, 0.6885, 0.4905, 1.0, 0.6125, 1.0, 0.687, 1
1, 1.0, 0.64, 1.0, 0.5125, 1.0, 0.539, 1.0, 0.5215, 0.994, 0.6665, 1.0, 0.5275, 1.0, 0.522, 0.979, 0.377, 0.9219999999999999, 0.4565, 1.0, 0.521, 0.9995, 0.637, 1.0, 0.3045, 0.982, 0.489, 0.9335, 0.617, 0.973, 0.39, 0.902, 0.4635, 0
1, 1.0, 0.839, 0.9065, 0.9099999999999999, 0.715, 1.0, 0.603, 0.9025000000000001, 0.28049999999999997, 1.0, 0.10449999999999998, 0.8855, 0.0, 0.7015, 0.305, 0.20700000000000002, 0.01050000000000001, 0.28600000000000003, 0.1345, 0.1185, 0.3115, 0.012500000000000011, 0.707, 0.0, 0.709, 0.033499999999999974, 0.629, 0.0, 0.968, 0.324, 0.994, 0.517, 0
1, 1.0, 1.0, 1.0, 0.0, 1.0, 0.0, 1.0, 1.0, 1.0, 1.0, 1.0, 1.0, 1.0, 0.0, 1.0, 1.0, 1.0, 1.0, 1.0, 1.0, 1.0, 1.0, 1.0, 1.0, 1.0, 0.75, 0.5, 0.5, 1.0, 0.0, 1.0, 0.0, 1
1, 1.0, 0.5175, 1.0, 0.5915, 1.0, 0.635, 1.0, 0.6255, 1.0, 0.644, 1.0, 0.6930000000000001, 1.0, 0.6585, 1.0, 0.8285, 1.0, 0.769, 1.0, 0.8065, 1.0, 0.7975, 0.948, 0.8415, 0.9475, 0.857, 0.9279999999999999, 0.8355, 0.872, 0.9279999999999999, 0.8574999999999999, 0.879, 0
0, 1.0, 0.0, 1.0, 1.0, 0.0, 0.0, 1.0, 0.0, 0.5, 0.5, 0.5, 0.5, 0.0, 1.0, 1.0, 0.0, 1.0, 0.0, 0.125, 1.0, 1.0, 0.0, 1.0, 0.0, 1.0, 0.0, 0.0, 0.0, 0.5, 0.5, 1.0, 0.0, 1
1, 0.847, 0.6945, 0.5, 0.5, 0.3355, 0.849, 0.5, 0.5, 0.5, 0.5, 0.5, 0.5, 0.603, 0.379, 0.605, 0.597, 0.732, 0.891, 0.5, 0.5, 0.5, 0.5, 0.867, 0.637, 0.881, 0.8175, 0.5, 0.5, 0.5, 0.5, 0.5, 0.5, 1
1, 1.0, 0.5255, 1.0, 0.554, 1.0, 0.5975, 1.0, 0.6425, 1.0, 0.6739999999999999, 1.0, 0.6915, 0.973, 0.7145, 0.9455, 0.752, 0.8795, 0.794, 0.903, 0.8, 0.898, 0.8140000000000001, 0.833, 0.8195, 0.7969999999999999, 0.847, 0.7475, 0.8634999999999999, 0.735, 0.8585, 0.667, 0.876, 0
0, 1.0, 1.0, 0.5, 0.5, 1.0, 0.0, 1.0, 0.0, 1.0, 1.0, 1.0, 1.0, 1.0, 0.0, 1.0, 1.0, 1.0, 1.0, 1.0, 0.0, 0.0, 0.0, 1.0, 0.0, 1.0, 0.0, 1.0, 1.0, 0.5, 0.5, 1.0, 0.0, 1
1, 1.0, 0.5205, 1.0, 0.56, 1.0, 0.581, 1.0, 0.6395, 0.9935, 0.6545, 0.9635, 0.688, 0.9555, 0.6985, 0.9095, 0.7305, 0.893, 0.735, 0.897, 0.7815, 0.8514999999999999, 0.7905, 0.8355, 0.7985, 0.7945, 0.8049999999999999, 0.77, 0.8045, 0.7265, 0.8180000000000001, 0.702, 0.8135, 0
0, 1.0, 1.0, 1.0, 0.0, 1.0, 1.0, 1.0, 1.0, 1.0, 1.0, 1.0, 1.0, 1.0, 1.0, 1.0, 0.0, 0.0, 1.0, 0.0, 1.0, 0.0, 1.0, 1.0, 0.0, 1.0, 1.0, 0.0, 1.0, 0.0, 0.0, 0.0, 1.0, 1
1, 1.0, 0.621, 1.0, 0.743, 1.0, 0.865, 1.0, 1.0, 1.0, 1.0, 1.0, 1.0, 1.0, 0.8855, 1.0, 1.0, 1.0, 1.0, 0.8725, 1.0, 0.948, 1.0, 0.823, 1.0, 0.6915, 1.0, 0.554, 1.0, 0.41300000000000003, 1.0, 0.09300000000000003, 1.0, 0
0, 1.0, 1.0, 1.0, 0.0, 1.0, 1.0, 0.0, 1.0, 0.5, 0.5, 1.0, 1.0, 0.5, 0.5, 0.5, 0.5, 0.0, 1.0, 0.0, 1.0, 1.0, 1.0, 1.0, 0.0, 1.0, 1.0, 1.0, 1.0, 1.0, 0.0, 0.0, 1.0, 1
1, 1.0, 0.46699999999999997, 1.0, 0.8145, 1.0, 0.548, 1.0, 0.6015, 1.0, 0.0, 1.0, 0.297, 1.0, 0.4205, 1.0, 0.5245, 1.0, 0.1925, 1.0, 0.367, 1.0, 0.0, 1.0, 0.21000000000000002, 1.0, 0.09300000000000003, 1.0, 0.0, 1.0, 0.10699999999999998, 1.0, 0.2585, 0
0, 1.0, 0.0, 1.0, 1.0, 1.0, 1.0, 1.0, 1.0, 1.0, 1.0, 1.0, 0.0, 1.0, 0.0, 1.0, 1.0, 1.0, 0.0, 1.0, 1.0, 1.0, 1.0, 1.0, 0.0, 1.0, 1.0, 1.0, 0.0, 1.0, 1.0, 1.0, 0.0, 1
1, 0.9615, 0.539, 0.9635, 0.5815, 0.9485, 0.623, 0.9205, 0.6759999999999999, 0.894, 0.711, 0.8534999999999999, 0.735, 0.854, 0.7825, 0.8025, 0.821, 0.756, 0.8245, 0.6995, 0.835, 0.671, 0.8415, 0.6185, 0.8805000000000001, 0.594, 0.8694999999999999, 0.5485, 0.855, 0.5135, 0.8855, 0.48, 0.8474999999999999, 0
1, 0.841, 0.4135, 0.9115, 0.6095, 0.733, 0.6645, 0.629, 0.7915, 1.0, 0.424, 0.5055, 0.7225, 0.5055, 0.6945, 0.5935, 0.706, 0.553, 0.6819999999999999, 0.5215, 0.6535, 0.4995, 0.6245, 0.4855, 0.597, 0.4785, 0.5725, 0.476, 0.5515, 0.477, 0.5355, 0.48, 0.523, 1
1, 0.8745, 0.486, 0.8285, 0.474, 0.903, 0.514, 0.9295, 0.5125, 0.8175, 0.5435, 0.858, 0.539, 0.8654999999999999, 0.526, 0.893, 0.361, 0.8300000000000001, 0.4925, 0.8935, 0.535, 0.673, 0.40700000000000003, 0.827, 0.514, 0.8049999999999999, 0.46699999999999997, 0.768, 0.394, 0.7949999999999999, 0.4295, 0.782, 0.515, 0
1, 0.696, 0.4685, 0.9875, 0.5215, 1.0, 1.0, 0.679, 0.5765, 0.7725, 0.5655, 0.808, 0.08950000000000002, 0.7889999999999999, 0.8395, 0.8340000000000001, 0.448, 0.733, 0.442, 0.8280000000000001, 0.574, 0.9159999999999999, 0.7275, 0.735, 0.582, 0.7464999999999999, 0.573, 0.6625, 0.487, 0.6955, 0.5675, 0.6719999999999999, 0.5640000000000001, 1
1, 0.8634999999999999, 0.475, 0.946, 0.5175, 1.0, 0.8634999999999999, 0.8320000000000001, 0.47050000000000003, 0.741, 0.416, 0.909, 0.548, 0.784, 1.0, 0.7525, 0.609, 0.8340000000000001, 0.55, 1.0, 0.35, 0.993, 0.0, 0.7865, 0.6635, 0.7849999999999999, 0.5735, 0.7115, 0.541, 0.7444999999999999, 0.573, 1.0, 1.0, 1
1, 0.788, 0.492, 0.702, 0.5, 0.692, 0.5645, 0.7, 0.47050000000000003, 0.7825, 0.5705, 0.7335, 0.541, 0.7625, 0.4725, 0.79, 0.508, 0.751, 0.5, 0.7295, 0.5335, 0.79, 0.541, 0.749, 0.502, 0.743, 0.55, 0.7315, 0.541, 0.7255, 0.6174999999999999, 0.7155, 0.5865, 0
1, 0.7095, 0.5625, 0.675, 0.5625, 0.616, 0.64, 0.482, 0.7215, 0.5225, 0.681, 0.40449999999999997, 0.668, 0.433, 0.6365000000000001, 0.5135, 0.7025, 0.326, 0.5635, 0.4, 0.5255, 0.40700000000000003, 0.6819999999999999, 0.43, 0.476, 0.45, 0.4645, 0.0, 0.0, 0.4855, 0.4625, 0.4975, 0.4685, 1
1, 0.923, 0.457, 0.3415, 0.09699999999999998, 0.455, 0.21800000000000003, 0.903, 0.523, 0.9475, 0.496, 0.4075, 0.8200000000000001, 0.4, 0.15949999999999998, 0.9285, 0.4435, 0.89, 0.4215, 0.46499999999999997, 0.754, 0.3295, 0.9045000000000001, 0.8945000000000001, 0.4815, 0.8545, 0.3735, 0.8895, 0.4295, 0.393, 0.10899999999999999, 0.4075, 0.2005, 1
1, 0.22899999999999998, 0.5745, 0.3315, 0.867, 0.76, 0.4305, 0.6595, 0.46599999999999997, 0.6035, 0.424, 0.737, 0.545, 0.7815, 0.4225, 0.582, 0.726, 0.6685, 0.517, 0.7525, 0.5355, 0.181, 0.192, 1.0, 0.8280000000000001, 0.7065, 0.2995, 0.424, 0.5555, 0.512, 0.779, 0.763, 0.455, 1
1, 0.896, 0.5845, 0.5, 0.5, 0.7825, 0.5345, 0.6975, 1.0, 0.692, 0.998, 0.488, 0.766, 0.6185, 0.5645, 0.4865, 0.9755, 0.245, 0.9245, 0.449, 0.694, 0.28700000000000003, 0.6185, 0.04199999999999998, 0.9035, 0.3295, 0.9410000000000001, 0.0, 0.847, 0.0, 0.5645, 0.5, 0.5, 1
1, 0.9505, 0.583, 0.8965000000000001, 0.687, 0.865, 0.7525, 0.7989999999999999, 0.865, 0.7215, 0.906, 0.622, 0.9375, 0.532, 0.925, 0.437, 0.937, 0.35650000000000004, 0.898, 0.267, 0.8295, 0.21450000000000002, 0.769, 0.15899999999999997, 0.7, 0.14100000000000001, 0.629, 0.138, 0.556, 0.14250000000000002, 0.4725, 0.16149999999999998, 0.40049999999999997, 0
1, 0.9884999999999999, 0.595, 0.9135, 0.7315, 0.859, 0.7935, 0.74, 0.9215, 0.657, 0.9630000000000001, 0.5515, 0.9695, 0.4335, 0.9215, 0.33999999999999997, 0.958, 0.2395, 0.8975, 0.15849999999999997, 0.7475, 0.11299999999999999, 0.6675, 0.07300000000000001, 0.589, 0.08350000000000002, 0.493, 0.08800000000000002, 0.40349999999999997, 0.16349999999999998, 0.3315, 0.2005, 0.2515, 0
1, 0.0, 0.0, 0.5, 0.5, 0.754, 0.10749999999999998, 0.8029999999999999, 0.6645, 0.0, 0.29300000000000004, 0.5, 0.5, 0.5, 0.5, 1.0, 0.3665, 0.6825, 0.1825, 0.9855, 0.0, 0.0, 0.0, 1.0, 0.202, 0.0, 0.0, 0.0, 0.0, 1.0, 0.0, 0.5, 0.5, 1
1, 1.0, 0.0, 0.5, 0.5, 0.8895, 0.003500000000000003, 0.9045000000000001, 0.7755000000000001, 0.2905, 0.025500000000000023, 0.5, 0.5, 0.5, 0.5, 0.8605, 0.11399999999999999, 0.8674999999999999, 0.1985, 0.5, 0.5, 0.592, 0.0, 0.0, 0.0, 0.0, 0.0, 1.0, 0.0, 1.0, 0.0, 0.5, 0.5, 1
1, 0.9784999999999999, 0.4395, 0.8165, 0.4365, 0.982, 0.40900000000000003, 0.985, 0.5425, 0.96, 0.4945, 0.9175, 0.3765, 1.0, 0.34299999999999997, 0.9964999999999999, 0.394, 0.9935, 0.395, 1.0, 0.364, 0.9655, 0.3025, 1.0, 0.404, 0.944, 0.34199999999999997, 0.907, 0.3815, 0.9455, 0.3405, 0.8474999999999999, 0.29200000000000004, 0
1, 0.5, 0.5, 0.5, 0.5, 0.5, 0.5, 0.5, 0.5, 0.8109999999999999, 1.0, 0.5, 0.5, 0.5, 0.5, 0.683, 0.14, 0.7805, 0.0, 0.5, 0.5, 0.5, 0.5, 0.5, 0.5, 1.0, 0.555, 0.5, 0.5, 0.5, 0.5, 0.5, 0.5, 1
1, 0.997, 0.5025, 0.9205, 0.4435, 0.9410000000000001, 0.418, 0.9955, 0.4685, 0.9824999999999999, 0.4625, 0.9259999999999999, 0.515, 0.9359999999999999, 0.396, 0.9695, 0.435, 0.9915, 0.4555, 0.9495, 0.5005, 0.9390000000000001, 0.47050000000000003, 0.9670000000000001, 0.40049999999999997, 0.938, 0.41100000000000003, 0.9715, 0.417, 0.9015, 0.3715, 0.883, 0.361, 0
1, 0.5505, 0.554, 0.5, 0.5, 0.5, 0.5, 0.7735000000000001, 0.9119999999999999, 0.6555, 1.0, 0.5, 0.5, 0.5, 0.5, 0.6859999999999999, 0.0, 0.6655, 0.0, 0.5, 0.5, 0.5, 0.5, 0.28700000000000003, 0.0, 1.0, 0.0, 0.777, 0.382, 0.5, 0.5, 0.5, 0.5, 1
1, 1.0, 0.21400000000000002, 0.996, 0.133, 0.9475, 0.013000000000000012, 1.0, 0.321, 1.0, 0.384, 0.8145, 0.068, 1.0, 0.21250000000000002, 1.0, 0.10199999999999998, 0.884, 0.05499999999999999, 0.983, 0.0, 0.8505, 0.1255, 0.8095, 0.11549999999999999, 0.769, 0.10999999999999999, 0.905, 0.0, 1.0, 0.0, 0.652, 0.1195, 0
1, 0.8295, 0.1855, 0.5, 0.5, 0.5, 0.5, 0.8865000000000001, 1.0, 1.0, 0.36, 0.5, 0.5, 0.5, 0.5, 0.8105, 0.3865, 0.9205, 0.0, 1.0, 0.0, 0.5, 0.5, 0.5, 0.5, 1.0, 0.030500000000000027, 0.4355, 0.033999999999999975, 0.5, 0.5, 0.5, 0.5, 1
1, 0.9315, 0.5965, 0.9045000000000001, 0.7055, 0.8360000000000001, 0.779, 0.773, 0.85, 0.6835, 0.9075, 0.598, 0.9285, 0.4795, 0.9315, 0.41400000000000003, 0.879, 0.3295, 0.8285, 0.259, 0.7805, 0.199, 0.705, 0.20400000000000001, 0.6285000000000001, 0.185, 0.544, 0.21400000000000002, 0.461, 0.22549999999999998, 0.40049999999999997, 0.2855, 0.33999999999999997, 0
1, 0.71, 0.195, 0.5, 0.5, 1.0, 0.0, 0.95, 1.0, 0.715, 0.8200000000000001, 0.5, 0.5, 0.5, 0.5, 0.835, 0.355, 0.9199999999999999, 0.0, 0.5, 0.5, 0.5, 0.5, 0.605, 0.8400000000000001, 1.0, 0.61, 0.5, 0.5, 0.5, 0.5, 0.5, 0.5, 1
1, 0.9570000000000001, 0.9079999999999999, 0.135, 1.0, 0.3025, 0.7785, 0.527, 0.6485, 0.40700000000000003, 0.449, 0.484, 0.455, 0.507, 0.483, 0.5055, 0.4975, 0.5015, 0.5005, 0.5, 0.5005, 0.5, 0.5, 0.5, 0.5, 0.5, 0.5, 0.5, 0.5, 0.5, 0.5, 0.5, 0.5, 1
1, 0.607, 0.4525, 0.6665, 0.5355, 0.595, 0.595, 0.619, 0.5475, 0.7025, 0.512, 0.655, 0.476, 0.655, 0.476, 0.643, 0.4405, 0.6665, 0.524, 0.655, 0.5, 0.607, 0.4405, 0.6785, 0.476, 0.6105, 0.4885, 0.595, 0.5, 0.585, 0.49, 0.5735, 0.4905, 0
1, 0.991, 0.5, 0.9430000000000001, 0.5155, 0.931, 0.523, 0.9, 0.5, 0.8454999999999999, 0.5225, 0.8965000000000001, 0.542, 0.8855, 0.548, 0.8135, 0.6275, 0.841, 0.5635, 0.8534999999999999, 0.563, 0.843, 0.5675, 0.8725, 0.6135, 0.823, 0.5755, 0.8365, 0.5135, 0.8035, 0.5825, 0.794, 0.5855, 0
1, 0.9345, 0.4645, 1.0, 0.4875, 1.0, 0.4655, 0.9390000000000001, 0.501, 0.9179999999999999, 0.46799999999999997, 1.0, 0.4635, 1.0, 0.4, 0.9345, 0.5265, 0.94, 0.481, 1.0, 0.4425, 1.0, 0.4065, 0.9219999999999999, 0.518, 1.0, 0.429, 0.911, 0.4265, 1.0, 0.422, 1.0, 0.279, 0
1, 0.718, 0.4365, 0.7909999999999999, 0.4275, 0.591, 0.16349999999999998, 0.6725, 0.482, 0.6455, 0.4725, 0.6455, 0.6455, 0.6819999999999999, 0.29100000000000004, 0.6, 0.491, 0.6819999999999999, 0.5275, 0.5635, 0.7455, 0.8089999999999999, 0.582, 0.6635, 0.582, 0.7055, 0.46499999999999997, 0.6725, 0.4725, 0.5635, 0.318, 0.6455, 0.35450000000000004, 1
1, 1.0, 0.03749999999999998, 1.0, 0.8775, 0.7455, 0.4715, 0.8115, 0.5, 1.0, 0.4995, 0.7265, 0.5375, 0.8115, 0.4715, 0.9944999999999999, 0.4995, 0.764, 0.5, 0.764, 0.5375, 0.976, 0.4995, 1.0, 0.896, 0.9610000000000001, 0.4995, 0.9715, 0.0, 1.0, 0.717, 0.717, 0.4435, 0
1, 0.719, 0.521, 0.7915, 0.448, 0.698, 0.5, 0.6665, 0.469, 0.7395, 0.5, 0.646, 0.552, 0.771, 0.5105, 0.719, 0.3855, 0.677, 0.3855, 0.6665, 0.5415, 0.625, 0.594, 0.698, 0.406, 0.72, 0.4495, 0.7085, 0.4585, 0.7915, 0.344, 0.6665, 0.469, 0
1, 1.0, 1.0, 0.5, 0.5, 0.5, 0.5, 0.5, 0.5, 0.7384999999999999, 0.05449999999999999, 0.2425, 0.7275, 0.02250000000000002, 0.643, 0.8235, 1.0, 0.5, 0.5, 0.5, 0.5, 0.81, 0.6015, 0.0, 0.0, 1.0, 0.0, 1.0, 1.0, 0.5, 0.5, 0.5, 0.5, 1
1, 0.976, 0.533, 0.968, 0.565, 0.9550000000000001, 0.596, 0.9245, 0.25, 0.95, 0.8065, 0.8895, 0.6715, 0.8614999999999999, 0.69, 0.8305, 0.704, 0.9775, 0.7995, 0.7665, 0.7205, 0.734, 0.7225, 0.702, 0.721, 0.6719999999999999, 0.716, 0.9515, 1.0, 0.617, 0.698, 0.593, 0.6859999999999999, 0
1, 0.9795, 0.5505, 1.0, 0.4905, 0.9915, 0.513, 0.985, 0.4535, 0.995, 0.4865, 0.99, 0.4845, 1.0, 0.4735, 1.0, 0.474, 0.969, 0.508, 0.988, 0.4535, 0.9895, 0.4735, 0.958, 0.4215, 0.9784999999999999, 0.46499999999999997, 0.9550000000000001, 0.5065, 1.0, 0.446, 0.9655, 0.4655, 0
1, 0.5, 0.5, 0.3315, 0.927, 0.5, 0.5, 0.8445, 0.0, 0.9855, 0.657, 0.37, 0.20400000000000001, 0.349, 0.8280000000000001, 0.971, 0.582, 0.5, 0.5, 0.5, 0.5, 0.41000000000000003, 0.0, 0.5, 0.5, 1.0, 0.0, 0.5, 0.5, 0.522, 0.8095, 0.5, 0.5, 1
1, 0.9844999999999999, 0.5045, 1.0, 0.504, 0.9935, 0.496, 0.9895, 0.486, 0.999, 0.4825, 1.0, 0.4935, 1.0, 0.487, 1.0, 0.494, 0.9924999999999999, 0.5, 1.0, 0.487, 1.0, 0.4765, 0.98, 0.4775, 0.996, 0.4825, 0.985, 0.4875, 1.0, 0.4805, 0.992, 0.4795, 0
1, 0.5, 0.5, 0.9944999999999999, 0.3865, 0.5945, 0.473, 0.5, 0.5, 0.966, 0.5365, 1.0, 0.4, 1.0, 0.535, 1.0, 0.443, 0.5, 0.5, 1.0, 0.3945, 1.0, 0.29200000000000004, 0.5, 0.5, 1.0, 0.41200000000000003, 0.5, 0.5, 1.0, 0.3705, 0.6445, 0.4215, 1
1, 0.8205, 0.507, 0.6705, 0.488, 0.764, 0.5175, 0.5975, 0.5609999999999999, 0.7165, 0.524, 0.61, 0.5245, 0.6465, 0.5, 0.683, 0.5, 0.6585, 0.5365, 0.634, 0.5609999999999999, 0.6185, 0.529, 0.61, 0.549, 0.5965, 0.528, 0.587, 0.5275, 0.5975, 0.5, 0.5855, 0.5365, 0
1, 1.0, 1.0, 1.0, 0.0, 0.5, 0.5, 0.5, 0.5, 1.0, 1.0, 1.0, 0.0, 1.0, 1.0, 1.0, 0.0, 0.5, 0.5, 0.5, 0.5, 1.0, 0.361, 0.5, 0.5, 1.0, 0.0, 1.0, 1.0, 1.0, 0.0, 0.5, 0.5, 1
1, 0.6735, 0.602, 0.7344999999999999, 0.6225, 0.704, 0.602, 0.7344999999999999, 0.7245, 0.653, 0.796, 0.5609999999999999, 0.7755000000000001, 0.5, 0.755, 0.46950000000000003, 0.7755000000000001, 0.398, 0.7755000000000001, 0.357, 0.7245, 0.357, 0.6635, 0.194, 0.612, 0.267, 0.5745, 0.20400000000000001, 0.592, 0.3265, 0.5, 0.3675, 0.3775, 0
1, 0.5, 0.5, 1.0, 0.0, 0.5, 0.5, 0.5, 0.5, 1.0, 1.0, 1.0, 0.3735, 1.0, 0.6165, 1.0, 0.0, 0.5, 0.5, 0.5, 0.5, 1.0, 1.0, 0.5, 0.5, 1.0, 0.0, 0.5, 0.5, 1.0, 0.0, 0.5, 0.5, 1
1, 0.9485, 0.6910000000000001, 0.956, 0.6875, 0.8714999999999999, 0.8380000000000001, 0.728, 0.8895, 0.5955, 0.9450000000000001, 0.489, 0.9299999999999999, 0.397, 0.9119999999999999, 0.3125, 0.8380000000000001, 0.25, 0.739, 0.1325, 0.6910000000000001, 0.07, 0.544, 0.1285, 0.4375, 0.16049999999999998, 0.3795, 0.22449999999999998, 0.28700000000000003, 0.27949999999999997, 0.2465, 0.35650000000000004, 0.21700000000000003, 0
1, 0.6335, 0.45, 0.7665, 0.5, 0.6665, 0.4335, 0.6835, 0.5585, 0.7835, 0.5085, 0.8585, 0.5415, 0.85, 0.4665, 0.7665, 0.6, 0.7085, 0.4915, 0.6585, 0.6, 0.85, 0.5, 0.625, 0.5665, 0.731, 0.527, 0.7, 0.5165, 0.7335, 0.5165, 0.7085, 0.475, 0
1, 0.3665, 0.7, 0.3635, 0.5609999999999999, 0.41100000000000003, 0.478, 0.531, 0.4655, 0.5225, 0.513, 0.4955, 0.5135, 0.492, 0.499, 0.4995, 0.4955, 0.5025, 0.499, 0.5005, 0.501, 0.4995, 0.5005, 0.4995, 0.5, 0.5, 0.5, 0.5, 0.5, 0.5, 0.5, 0.5, 0.5, 1
1, 1.0, 0.311, 0.8245, 0.6485, 0.8245, 0.3785, 0.9325, 0.5945, 1.0, 0.365, 0.757, 0.5, 0.8109999999999999, 0.473, 0.662, 0.392, 0.859, 0.4115, 0.8109999999999999, 0.527, 0.8785000000000001, 0.5675, 0.6755, 0.35150000000000003, 0.8049999999999999, 0.389, 0.7925, 0.385, 0.865, 0.2025, 0.757, 0.3785, 0
1, 0.9724999999999999, 0.4825, 0.0, 0.33399999999999996, 0.0, 0.492, 0.9864999999999999, 0.506, 0.9670000000000001, 0.49, 0.0, 0.582, 0.0, 0.498, 0.9764999999999999, 0.4825, 0.9610000000000001, 0.4865, 0.0040000000000000036, 0.5585, 0.032999999999999974, 0.6739999999999999, 0.9784999999999999, 0.498, 0.9099999999999999, 0.569, 0.9510000000000001, 0.46699999999999997, 0.0, 0.406, 0.0, 0.328, 1
1, 0.976, 0.5115, 0.969, 0.4935, 0.9675, 0.506, 0.9835, 0.4915, 0.9844999999999999, 0.5025, 0.9784999999999999, 0.4845, 0.9764999999999999, 0.498, 0.9975, 0.4865, 0.999, 0.509, 0.968, 0.475, 0.969, 0.488, 0.9855, 0.4775, 0.981, 0.492, 0.987, 0.5095, 0.977, 0.483, 0.979, 0.504, 0
1, 1.0, 0.4725, 1.0, 0.0, 0.75, 0.4445, 0.6805, 0.389, 1.0, 0.3715, 0.5835, 0.4445, 1.0, 0.3265, 1.0, 0.3055, 1.0, 0.2855, 0.5, 0.375, 1.0, 0.2485, 1.0, 0.361, 1.0, 0.21450000000000002, 1.0, 0.361, 1.0, 0.184, 1.0, 0.17049999999999998, 1
1, 0.655, 0.4485, 0.6205, 0.4485, 0.6035, 0.4655, 0.537, 0.473, 0.518, 0.4815, 0.5085, 0.488, 0.5035, 0.4925, 0.5015, 0.4955, 0.5005, 0.4975, 0.5, 0.4985, 0.5, 0.499, 0.5, 0.4995, 0.5, 0.5, 0.5, 0.5, 0.5, 0.5, 0.5, 0.5, 0
1, 0.8135, 0.461, 0.8625, 0.5, 0.804, 0.461, 0.8135, 0.441, 0.843, 0.441, 0.8335, 0.4315, 0.8235, 0.451, 0.7745, 0.441, 0.7745, 0.392, 0.794, 0.402, 0.8335, 0.3825, 0.7255, 0.3725, 0.762, 0.3765, 0.7845, 0.34299999999999997, 0.7155, 0.392, 0.7355, 0.3625, 1
1, 0.625, 0.5835, 0.7335, 0.6335, 0.595, 0.62, 0.539, 0.5995, 0.5055, 0.5745, 0.488, 0.551, 0.4815, 0.5315, 0.481, 0.5175, 0.484, 0.5075, 0.4875, 0.502, 0.4915, 0.4985, 0.4945, 0.4975, 0.497, 0.497, 0.4985, 0.4975, 0.4995, 0.498, 0.5, 0.4985, 0
1, 0.172, 0.578, 0.531, 0.5, 0.5, 0.531, 0.8125, 0.531, 0.594, 0.5, 0.4845, 0.547, 0.531, 0.5, 0.578, 0.422, 0.719, 0.3125, 0.5, 0.453, 0.5, 0.5, 0.5155, 0.2655, 0.5155, 0.5, 0.1405, 0.5155, 0.4845, 0.5, 0.5, 0.547, 1
1, 1.0, 0.4945, 1.0, 0.4865, 1.0, 0.4675, 0.9755, 0.492, 0.9944999999999999, 0.484, 0.9944999999999999, 0.543, 1.0, 0.4675, 0.9755, 0.546, 0.989, 0.4975, 1.0, 0.5325, 1.0, 0.5215, 0.989, 0.546, 0.993, 0.5065, 1.0, 0.484, 1.0, 0.5135, 1.0, 0.46499999999999997, 0
1, 0.9265, 0.527, 1.0, 0.5405, 1.0, 1.0, 0.9575, 0.496, 0.9185, 0.5195, 1.0, 0.636, 1.0, 1.0, 0.907, 0.5235, 0.9535, 0.558, 1.0, 0.7535000000000001, 1.0, 0.0, 0.903, 0.5195, 1.0, 0.858, 0.9225, 0.535, 1.0, 0.9365, 1.0, 1.0, 1
1, 0.3975, 0.644, 0.615, 0.55, 0.641, 0.659, 0.661, 0.675, 0.6815, 0.327, 0.546, 0.6375, 0.4525, 0.605, 0.456, 0.6174999999999999, 0.32899999999999996, 0.657, 0.26, 0.46, 0.6495, 0.666, 0.21000000000000002, 0.38, 0.661, 0.35750000000000004, 0.265, 0.5925, 0.3645, 0.344, 0.702, 0.515, 1
1, 0.8, 0.5165, 0.8165, 0.5335, 0.85, 0.5335, 0.85, 0.5, 0.8165, 0.5, 0.9, 0.5, 0.8665, 0.5, 0.85, 0.55, 0.8335, 0.55, 0.8665, 0.4835, 0.8835, 0.5, 0.8165, 0.5665, 0.8295, 0.551, 0.8, 0.5665, 0.8, 0.5835, 0.8165, 0.5835, 0
1, 0.5295, 0.496, 0.5335, 0.504, 0.5, 0.4945, 0.503, 0.4805, 0.5085, 0.4625, 0.497, 0.5265, 0.532, 0.483, 0.5, 0.5475, 0.46799999999999997, 0.5375, 0.4765, 0.5125, 0.514, 0.497, 0.504, 0.503, 0.5515, 0.496, 0.5155, 0.4985, 0.5225, 0.5, 0.5235, 0.483, 1
1, 0.9735, 0.6435, 0.863, 0.8360000000000001, 0.738, 0.9125, 0.5065, 0.9455, 0.3755, 0.9225, 0.262, 0.7805, 0.1205, 0.7085, 0.16749999999999998, 0.536, 0.173, 0.40249999999999997, 0.2375, 0.28, 0.34550000000000003, 0.22449999999999998, 0.4795, 0.176, 0.5805, 0.21800000000000003, 0.6839999999999999, 0.2905, 0.7305, 0.3875, 0.752, 0.47, 0
1, 0.5275, 0.507, 0.487, 0.523, 0.507, 0.523, 0.461, 0.5045, 0.5085, 0.46699999999999997, 0.4815, 0.5215, 0.4585, 0.477, 0.4525, 0.54, 0.48, 0.526, 0.51, 0.5115, 0.4815, 0.4945, 0.516, 0.4955, 0.5045, 0.5085, 0.513, 0.5055, 0.513, 0.5055, 0.477, 0.497, 1
1, 0.862, 0.4945, 0.8985000000000001, 0.5055, 0.9, 0.501, 0.895, 0.5055, 0.892, 0.495, 0.917, 0.5165, 0.9255, 0.5085, 0.9005000000000001, 0.496, 0.8955, 0.485, 0.88, 0.517, 0.874, 0.5275, 0.863, 0.4925, 0.89, 0.503, 0.8705, 0.475, 0.915, 0.515, 0.895, 0.504, 0
1, 0.5195, 0.513, 0.502, 0.5, 0.51, 0.49, 0.5105, 0.475, 0.476, 0.4935, 0.507, 0.4885, 0.5, 0.4835, 0.4765, 0.4855, 0.4915, 0.518, 0.5105, 0.502, 0.5255, 0.4885, 0.5255, 0.5095, 0.52, 0.508, 0.51, 0.5035, 0.487, 0.4905, 0.493, 0.51, 1
1, 0.7355, 0.614, 0.7115, 0.668, 0.6285000000000001, 0.738, 0.5095, 0.7475, 0.4895, 0.77, 0.3295, 0.656, 0.2935, 0.6625, 0.242, 0.5345, 0.25, 0.442, 0.426, 0.427, 0.426, 0.3095, 0.3835, 0.5015, 0.518, 0.3415, 0.5795, 0.3915, 0.6245, 0.3785, 0.6335, 0.521, 0
1, 0.5435, 0.5035, 0.5700000000000001, 0.4795, 0.5525, 0.459, 0.563, 0.469, 0.6165, 0.4945, 0.562, 0.539, 0.573, 0.4325, 0.6455, 0.476, 0.595, 0.5365, 0.5585, 0.5, 0.556, 0.499, 0.5755, 0.4485, 0.5425, 0.507, 0.556, 0.46699999999999997, 0.548, 0.4635, 0.5585, 0.4655, 1
1, 0.9715, 0.6930000000000001, 0.7415, 0.8225, 0.608, 0.8875, 0.22049999999999997, 0.8245, 0.1315, 0.71, 0.1195, 0.5, 0.1865, 0.34450000000000003, 0.308, 0.189, 0.436, 0.15350000000000003, 0.7495, 0.182, 0.8574999999999999, 0.3115, 0.8694999999999999, 0.4725, 0.8005, 0.652, 0.7275, 0.8025, 0.5135, 0.7725, 0.392, 0.7525, 0
1, 0.51, 0.5035, 0.5205, 0.496, 0.5105, 0.5055, 0.5055, 0.522, 0.5015, 0.5005, 0.51, 0.4845, 0.49, 0.5305, 0.4795, 0.5135, 0.488, 0.498, 0.522, 0.4875, 0.509, 0.5, 0.5, 0.4935, 0.509, 0.4945, 0.503, 0.492, 0.4915, 0.488, 0.5035, 0.5, 1
1, 0.9285, 0.5005, 0.9095, 0.4715, 0.8875, 0.479, 0.9215, 0.545, 0.9315, 0.5595, 0.9405, 0.46950000000000003, 0.8915, 0.5175, 0.9185, 0.46599999999999997, 0.9179999999999999, 0.429, 0.9405, 0.506, 0.9525, 0.511, 0.8985000000000001, 0.4905, 0.9119999999999999, 0.4815, 0.9405, 0.46799999999999997, 0.8694999999999999, 0.4905, 0.8955, 0.454, 0
1, 1.0, 0.0, 1.0, 1.0, 0.0, 1.0, 1.0, 0.0, 1.0, 0.0, 0.0, 0.0, 0.0, 1.0, 1.0, 1.0, 1.0, 1.0, 0.0, 1.0, 1.0, 0.0, 1.0, 0.0, 1.0, 1.0, 1.0, 1.0, 0.0, 1.0, 0.0, 1.0, 1
1, 0.9259999999999999, 0.6965, 0.6945, 0.882, 0.5445, 0.9944999999999999, 0.28700000000000003, 0.9435, 0.119, 0.75, 0.034499999999999975, 0.554, 0.07050000000000001, 0.345, 0.16999999999999998, 0.22349999999999998, 0.40349999999999997, 0.0695, 0.642, 0.09749999999999998, 0.823, 0.324, 0.889, 0.3835, 0.8585, 0.6065, 0.6890000000000001, 0.7915, 0.5985, 0.8315, 0.444, 0.8245, 0
1, 1.0, 0.7745, 0.8135, 1.0, 0.51, 1.0, 0.255, 0.9610000000000001, 0.08800000000000002, 0.794, 0.0, 0.5589999999999999, 0.019500000000000017, 0.3335, 0.1765, 0.15699999999999997, 0.3825, 0.0685, 0.6765, 0.0, 0.8725, 0.1375, 0.9610000000000001, 0.392, 0.9645, 0.6095, 0.8625, 0.7845, 0.6174999999999999, 0.9510000000000001, 0.441, 0.9510000000000001, 0
1, 0.722, 0.722, 0.7685, 0.954, 0.389, 1.0, 0.3335, 0.9445, 0.0, 0.6665, 0.0, 0.4445, 0.0, 0.389, 0.16649999999999998, 0.11099999999999999, 0.778, 0.0, 0.389, 0.11099999999999999, 0.889, 0.389, 0.6665, 0.5, 0.9605, 0.725, 0.7875, 0.9219999999999999, 0.611, 1.0, 0.22199999999999998, 1.0, 0
0, 0.5, 0.5, 0.5, 0.5, 0.5, 0.5, 0.5, 0.5, 0.5, 0.5, 0.5, 0.5, 0.5, 0.5, 0.5, 0.5, 0.5, 0.5, 0.5, 0.5, 0.5, 0.5, 0.5, 0.5, 1.0, 0.5, 0.5, 0.5, 0.5, 0.5, 0.5, 0.5, 1
1, 1.0, 0.5, 1.0, 0.5, 0.75, 0.75, 0.875, 0.5, 0.956, 0.5605, 0.9455, 0.571, 0.9345, 0.581, 0.875, 0.625, 0.875, 0.75, 0.875, 0.5, 1.0, 0.375, 0.75, 0.75, 0.8694999999999999, 0.632, 0.875, 0.625, 0.848, 0.6455, 0.8375, 0.6515, 0
0, 0.0, 1.0, 1.0, 1.0, 0.5, 0.5, 1.0, 0.0, 1.0, 0.0, 1.0, 0.0, 0.0, 0.0, 0.5, 0.5, 0.0, 0.0, 0.5, 0.5, 0.5, 0.5, 0.0, 0.0, 1.0, 0.0, 1.0, 1.0, 0.0, 0.0, 0.5, 0.5, 1
1, 1.0, 0.5589999999999999, 1.0, 0.6174999999999999, 1.0, 0.706, 1.0, 0.5295, 1.0, 0.6174999999999999, 1.0, 0.5589999999999999, 1.0, 0.7355, 1.0, 0.47050000000000003, 1.0, 0.441, 1.0, 0.6765, 1.0, 0.706, 1.0, 0.441, 1.0, 0.601, 1.0, 0.5295, 1.0, 0.6765, 1.0, 0.6174999999999999, 0
1, 0.5, 0.5, 0.0, 0.186, 1.0, 0.7555000000000001, 0.54, 0.383, 0.0, 0.319, 0.5640000000000001, 0.20500000000000002, 1.0, 0.0, 0.5, 0.5, 0.915, 0.46, 0.375, 1.0, 0.585, 0.14650000000000002, 0.5, 0.5, 0.40449999999999997, 0.266, 0.3885, 0.2555, 0.8725, 0.952, 0.16199999999999998, 0.7285, 1
1, 0.9585, 0.646, 0.9165, 0.4165, 0.854, 0.625, 0.9375, 0.4585, 0.9585, 0.521, 0.9165, 0.5625, 0.854, 0.5, 0.9375, 0.521, 1.0, 0.5415, 0.8335, 0.4585, 0.875, 0.5835, 0.9165, 0.4375, 0.919, 0.5275, 1.0, 0.604, 0.854, 0.5, 0.854, 0.521, 0
1, 0.593, 0.4165, 0.5, 0.5, 0.5, 0.5, 0.5, 0.5, 0.5, 0.5, 0.5575, 0.40449999999999997, 0.5, 0.5, 0.5, 0.5, 0.5, 0.5, 0.5, 0.5, 0.4745, 0.46699999999999997, 0.5395, 0.545, 0.5865, 0.4455, 0.5625, 0.548, 0.513, 0.476, 0.584, 0.598, 1
1, 1.0, 1.0, 0.0, 1.0, 0.0, 0.08750000000000002, 0.673, 0.6055, 0.7305, 0.535, 0.614, 0.5285, 0.6755, 0.673, 0.864, 0.4805, 0.614, 0.7655000000000001, 0.5, 0.5, 0.351, 0.419, 1.0, 0.16649999999999998, 1.0, 0.0, 1.0, 0.377, 0.6755, 0.601, 0.9145, 0.5395, 1
1, 0.9610000000000001, 0.403, 0.982, 0.4115, 0.935, 0.387, 0.9085, 0.3645, 0.8965000000000001, 0.35550000000000004, 0.8514999999999999, 0.252, 0.8165, 0.25, 0.6865, 0.14650000000000002, 0.6355, 0.1395, 0.7025, 0.22899999999999998, 0.6675, 0.2015, 0.574, 0.182, 0.5465, 0.202, 0.464, 0.22549999999999998, 0.491, 0.22949999999999998, 0.4625, 0.2605, 0
1, 0.0, 0.0, 0.2465, 1.0, 1.0, 0.0, 1.0, 0.769, 0.5, 0.5, 0.62, 0.0, 1.0, 1.0, 0.5, 0.5, 1.0, 1.0, 1.0, 1.0, 0.5, 0.5, 0.14250000000000002, 1.0, 0.6665, 0.0, 1.0, 0.0, 0.849, 0.0, 0.738, 1.0, 1
1, 0.921, 0.7175, 0.75, 0.881, 0.5495, 0.9675, 0.311, 0.9410000000000001, 0.138, 0.806, 0.030500000000000027, 0.597, 0.0665, 0.3725, 0.1855, 0.172, 0.3745, 0.07150000000000001, 0.581, 0.0675, 0.7575000000000001, 0.16549999999999998, 0.8745, 0.35550000000000004, 0.8895, 0.5395, 0.8205, 0.714, 0.657, 0.812, 0.498, 0.847, 0
1, 1.0, 1.0, 0.5, 0.5, 1.0, 0.0, 0.0, 0.0, 1.0, 1.0, 1.0, 0.0, 0.5, 0.5, 1.0, 0.0, 1.0, 1.0, 0.5, 0.5, 1.0, 0.0, 0.0, 0.0, 1.0, 1.0, 0.0, 1.0, 0.0, 1.0, 0.5, 0.5, 1
1, 1.0, 0.8175, 1.0, 1.0, 0.8855, 1.0, 0.3335, 1.0, 0.0, 1.0, 0.5, 1.0, 0.0, 1.0, 0.0, 0.5, 0.0, 0.16649999999999998, 0.0, 0.03749999999999998, 0.0, 0.3335, 0.3335, 0.0, 0.596, 0.0, 1.0, 0.0, 0.5, 0.0, 1.0, 0.16649999999999998, 0
0, 0.0, 1.0, 0.0, 0.0, 0.5, 0.5, 0.0, 1.0, 1.0, 0.0, 0.0, 0.0, 0.0, 1.0, 0.5, 0.5, 0.0, 0.0, 0.0, 1.0, 0.5, 0.5, 1.0, 0.0, 1.0, 1.0, 1.0, 0.0, 1.0, 1.0, 0.5, 0.5, 1
1, 1.0, 0.534, 1.0, 0.571, 1.0, 0.6105, 1.0, 0.4375, 1.0, 0.6975, 1.0, 0.745, 1.0, 0.7949999999999999, 0.3125, 1.0, 1.0, 0.5, 1.0, 0.96, 1.0, 1.0, 1.0, 1.0, 1.0, 1.0, 1.0, 0.625, 1.0, 1.0, 1.0, 1.0, 0
0, 0.0, 0.0, 0.5, 0.5, 0.5, 0.5, 0.5, 0.5, 0.5, 0.5, 0.5, 0.5, 1.0, 0.0, 0.5, 0.5, 0.0, 0.0, 0.5, 0.5, 1.0, 1.0, 1.0, 0.0, 1.0, 0.0, 0.5, 0.5, 0.5, 0.5, 0.5, 0.5, 1
1, 0.8245, 0.4605, 0.7915, 0.428, 0.4345, 0.393, 0.649, 0.522, 0.6905, 0.3685, 0.6445, 0.33999999999999997, 0.5175, 0.40549999999999997, 0.6015, 0.353, 0.576, 0.35450000000000004, 0.5475, 0.3425, 0.533, 0.366, 0.515, 0.3745, 0.5, 0.384, 0.487, 0.3945, 0.4765, 0.405, 0.5065, 0.364, 0
1, 0.5, 0.5, 0.5, 0.5, 0.5, 0.5, 0.5, 0.5, 1.0, 0.3335, 0.5835, 0.63, 0.5, 0.5, 0.5, 0.5, 0.5, 0.5, 0.401, 0.3905, 0.4165, 0.9530000000000001, 0.0, 0.75, 0.521, 0.875, 0.3855, 0.0, 0.4375, 0.3645, 0.401, 0.031000000000000028, 1
1, 1.0, 0.5255, 0.997, 0.5505, 0.9804999999999999, 0.574, 0.9775, 0.3675, 0.8300000000000001, 0.7735000000000001, 0.902, 0.6265000000000001, 0.869, 0.637, 0.8340000000000001, 0.6435, 0.798, 0.6465, 0.7625, 0.646, 0.728, 0.6425, 0.6950000000000001, 0.636, 0.6645, 0.628, 0.637, 0.618, 0.612, 0.607, 0.5905, 0.5955, 0
1, 0.9685, 0.499, 0.804, 0.716, 0.9615, 0.2995, 0.9655, 0.584, 0.981, 0.5455, 0.9984999999999999, 0.541, 0.958, 0.5255, 0.923, 0.3735, 0.937, 0.4275, 0.9245, 0.6305000000000001, 0.8755, 0.482, 0.9225, 0.487, 0.9365, 0.4885, 0.9924999999999999, 0.547, 0.8915, 0.449, 0.929, 0.4265, 0
1, 1.0, 0.0, 1.0, 1.0, 1.0, 1.0, 1.0, 0.25, 1.0, 1.0, 1.0, 1.0, 1.0, 1.0, 0.5, 0.5, 1.0, 1.0, 1.0, 1.0, 1.0, 0.0, 1.0, 1.0, 1.0, 0.8125, 1.0, 0.125, 0.125, 1.0, 1.0, 1.0, 1
1, 0.6845, 0.0, 0.0, 0.0, 0.4615, 1.0, 1.0, 0.975, 0.873, 0.3065, 0.0, 0.10349999999999998, 0.4515, 1.0, 0.7435, 0.7325, 0.659, 0.3625, 0.4285, 0.399, 0.44, 0.5345, 0.515, 0.533, 0.517, 0.494, 0.498, 0.4915, 0.496, 0.5005, 0.5, 0.5015, 1
1, 0.899, 0.6915, 0.904, 0.415, 1.0, 0.4615, 0.991, 0.463, 0.851, 0.6035, 0.9984999999999999, 0.5105, 0.991, 0.5125, 1.0, 0.4345, 0.9784999999999999, 0.5385, 1.0, 0.501, 0.9515, 0.654, 1.0, 0.4275, 1.0, 0.498, 0.878, 0.5395, 1.0, 0.406, 1.0, 0.4715, 0
0, 0.5, 0.5, 0.5, 0.5, 0.5, 0.5, 0.5, 0.5, 0.5, 0.5, 1.0, 1.0, 1.0, 1.0, 1.0, 0.0, 0.5, 0.5, 1.0, 1.0, 1.0, 0.0, 1.0, 1.0, 1.0, 0.5, 1.0, 1.0, 1.0, 0.0, 0.5, 0.5, 1
1, 1.0, 0.358, 1.0, 0.3735, 0.973, 0.3245, 1.0, 0.347, 0.9635, 0.2545, 0.954, 0.27949999999999997, 0.8785000000000001, 0.20550000000000002, 0.8485, 0.21000000000000002, 0.798, 0.21200000000000002, 0.8425, 0.14500000000000002, 0.7725, 0.0635, 0.746, 0.1335, 0.6775, 0.1195, 0.632, 0.10899999999999999, 0.583, 0.1345, 0.5700000000000001, 0.15000000000000002, 0
1, 0.5, 0.5, 0.5, 0.5, 0.5, 0.5, 0.07500000000000001, 0.0, 0.5, 0.5, 1.0, 0.0, 0.5, 0.5, 0.0, 0.0, 0.0, 0.0, 1.0, 0.0, 0.2, 0.0, 1.0, 1.0, 0.0, 0.4, 1.0, 0.0, 0.5, 1.0, 0.5, 0.5, 1
1, 1.0, 0.5455, 0.9775, 0.4545, 0.8865000000000001, 0.5, 1.0, 0.5, 0.9775, 0.5, 1.0, 0.5225, 0.9545, 0.4775, 1.0, 0.5, 1.0, 0.5, 0.9319999999999999, 0.5455, 0.8865000000000001, 0.5455, 0.9545, 0.5225, 0.9575, 0.5145, 0.9775, 0.5455, 0.9319999999999999, 0.4545, 0.9319999999999999, 0.5225, 0
0, 0.5, 0.5, 0.0, 1.0, 1.0, 1.0, 0.0, 0.0, 0.5, 0.5, 0.0, 0.0, 0.0, 0.344, 0.0, 0.0, 1.0, 0.0, 1.0, 0.0, 0.5, 0.5, 1.0, 0.0, 0.0, 0.0, 0.5, 0.5, 1.0, 0.0, 0.5, 0.5, 1
1, 0.956, 0.456, 0.9855, 0.588, 0.9119999999999999, 0.544, 0.956, 0.4855, 0.9855, 0.41200000000000003, 0.9855, 0.5735, 0.9704999999999999, 0.5145, 1.0, 0.5, 1.0, 0.5, 0.8825000000000001, 0.5589999999999999, 0.9410000000000001, 0.5145, 0.9265, 0.5145, 0.9635, 0.513, 0.9704999999999999, 0.441, 0.9855, 0.5295, 0.956, 0.5295, 0
1, 0.0, 1.0, 0.0, 0.576, 0.642, 1.0, 0.0, 1.0, 0.0, 0.0, 1.0, 1.0, 0.0, 0.3825, 0.6415, 0.0, 1.0, 1.0, 0.34299999999999997, 0.0, 0.0, 0.0, 1.0, 0.0, 0.0, 0.482, 1.0, 0.0, 0.0, 0.3385, 0.5745, 1.0, 1
1, 0.737, 0.4475, 0.919, 0.509, 0.9159999999999999, 0.513, 0.8420000000000001, 0.4735, 0.8420000000000001, 0.5, 0.8995, 0.525, 0.8915, 0.529, 0.921, 0.737, 1.0, 0.5265, 0.863, 0.538, 0.8514999999999999, 0.5405, 0.7105, 0.6055, 0.827, 0.545, 0.763, 0.3945, 0.8009999999999999, 0.5475, 0.7869999999999999, 0.5485, 0
1, 0.497, 0.25, 0.5, 0.5, 0.4905, 1.0, 0.5, 0.5, 0.5, 0.5, 0.5, 0.5, 0.5, 0.5, 0.5, 0.5, 0.657, 0.9645, 0.3235, 0.872, 0.327, 0.09599999999999997, 0.5, 0.5, 0.1925, 0.2435, 0.5, 0.5, 0.5, 0.5, 0.5, 0.5, 1
0, 0.0, 0.0, 1.0, 0.0, 0.0, 1.0, 0.5, 0.5, 1.0, 0.0, 1.0, 0.0, 0.5, 0.5, 0.5, 0.5, 0.5, 0.5, 0.0, 1.0, 1.0, 0.0, 0.0, 1.0, 1.0, 1.0, 0.5, 0.5, 1.0, 0.75, 0.5, 0.5, 1
1, 0.7275, 0.5455, 0.8180000000000001, 0.5455, 0.6365000000000001, 0.591, 0.8180000000000001, 0.5, 0.6819999999999999, 0.4545, 0.7275, 0.4545, 0.743, 0.4935, 0.8180000000000001, 0.40900000000000003, 0.7275, 0.5, 0.6819999999999999, 0.4545, 0.6365000000000001, 0.591, 0.6819999999999999, 0.4545, 0.6719999999999999, 0.491, 0.6365000000000001, 0.5, 0.6819999999999999, 0.5, 0.645, 0.491, 0
1, 0.0, 0.2015, 0.5, 0.5, 0.0, 0.8225, 0.0645, 1.0, 0.5, 0.5, 0.5, 0.5, 0.5, 0.5, 0.5, 0.5, 0.5, 0.5, 0.0, 0.0, 0.5, 0.5, 0.649, 0.617, 1.0, 0.758, 0.5, 0.5, 0.5, 0.5, 0.5, 0.5, 1
1, 1.0, 0.5715, 1.0, 0.857, 1.0, 0.857, 1.0, 0.4285, 0.9285, 0.4285, 1.0, 0.5125, 1.0, 0.5, 0.7145, 0.4285, 1.0, 0.518, 1.0, 0.357, 1.0, 0.5, 0.643, 0.357, 1.0, 0.5245, 1.0, 0.526, 1.0, 0.7855, 1.0, 0.5, 0
0, 1.0, 1.0, 1.0, 0.0, 1.0, 1.0, 1.0, 1.0, 1.0, 1.0, 1.0, 0.0, 1.0, 1.0, 1.0, 0.0, 1.0, 0.0, 1.0, 1.0, 1.0, 1.0, 1.0, 0.0, 1.0, 1.0, 1.0, 1.0, 1.0, 1.0, 1.0, 1.0, 1
0, 1.0, 0.0, 1.0, 1.0, 1.0, 0.0, 1.0, 1.0, 1.0, 0.0, 1.0, 0.0, 1.0, 0.0, 1.0, 1.0, 1.0, 1.0, 1.0, 1.0, 1.0, 0.0, 1.0, 1.0, 1.0, 1.0, 1.0, 1.0, 1.0, 1.0, 1.0, 0.0, 1
1, 0.9635, 0.521, 0.9465, 0.579, 0.9305, 0.599, 0.9185, 0.6825, 0.903, 0.7010000000000001, 0.881, 0.7030000000000001, 0.833, 0.742, 0.8005, 0.759, 0.767, 0.761, 0.742, 0.771, 0.7125, 0.7785, 0.6665, 0.7765, 0.635, 0.771, 0.6115, 0.767, 0.5715, 0.7455, 0.558, 0.733, 0
1, 0.9675, 0.5680000000000001, 0.9685, 0.627, 0.9285, 0.694, 0.895, 0.7355, 0.862, 0.7995, 0.8265, 0.875, 0.754, 0.868, 0.708, 0.9135, 0.6275, 0.9299999999999999, 0.5685, 0.9279999999999999, 0.5025, 0.9445, 0.463, 0.899, 0.395, 0.89, 0.33399999999999996, 0.8574999999999999, 0.3075, 0.8220000000000001, 0.263, 0.779, 0
0, 1.0, 0.0, 0.0, 1.0, 0.0, 1.0, 1.0, 1.0, 1.0, 1.0, 0.0, 0.0, 0.0, 0.0, 1.0, 1.0, 1.0, 0.0, 0.0, 0.0, 0.0, 0.0, 1.0, 0.5, 1.0, 0.0, 1.0, 0.0, 0.0, 1.0, 0.0, 1.0, 1
1, 0.903, 0.5655, 0.8654999999999999, 0.6214999999999999, 0.823, 0.595, 0.6845, 0.728, 0.724, 0.732, 0.625, 0.7865, 0.626, 0.6855, 0.576, 0.7595000000000001, 0.451, 0.7875, 0.4825, 0.7145, 0.4555, 0.722, 0.4255, 0.7, 0.40049999999999997, 0.675, 0.381, 0.6475, 0.367, 0.6194999999999999, 0.381, 0.656, 0
0, 1.0, 0.0, 1.0, 1.0, 1.0, 0.0, 1.0, 1.0, 1.0, 0.0, 1.0, 1.0, 1.0, 0.0, 1.0, 0.0, 1.0, 1.0, 1.0, 1.0, 1.0, 0.0, 1.0, 0.0, 1.0, 0.0, 1.0, 1.0, 1.0, 0.0, 1.0, 1.0, 1
1, 0.9875, 0.5655, 0.9704999999999999, 0.6, 0.944, 0.661, 0.9450000000000001, 0.6635, 0.9279999999999999, 0.726, 0.8614999999999999, 0.7615000000000001, 0.8494999999999999, 0.794, 0.7925, 0.8345, 0.7444999999999999, 0.852, 0.721, 0.841, 0.6765, 0.878, 0.634, 0.881, 0.584, 0.8925000000000001, 0.5375, 0.902, 0.485, 0.8885000000000001, 0.4485, 0.871, 0
0, 0.5, 0.5, 1.0, 1.0, 0.5, 0.5, 1.0, 1.0, 0.5, 0.5, 1.0, 0.0, 0.5, 0.5, 0.5, 0.5, 0.5, 0.5, 0.5, 0.5, 0.5, 0.5, 0.5, 0.5, 1.0, 0.0, 0.5, 0.5, 0.0, 1.0, 0.5, 0.5, 1
1, 0.9615, 0.5775, 0.9319999999999999, 0.649, 0.863, 0.6839999999999999, 0.853, 0.784, 0.7869999999999999, 0.8135, 0.7165, 0.8734999999999999, 0.6585, 0.8385, 0.5955, 0.884, 0.5235, 0.881, 0.4395, 0.885, 0.4075, 0.8565, 0.35350000000000004, 0.8285, 0.306, 0.7929999999999999, 0.266, 0.7505, 0.2345, 0.7035, 0.21899999999999997, 0.6755, 0
0, 0.5, 0.5, 1.0, 1.0, 1.0, 1.0, 0.5, 0.5, 0.5, 0.5, 0.0, 0.0, 0.5, 0.5, 0.0, 0.0, 0.5, 0.5, 0.5, 0.5, 1.0, 1.0, 0.5, 0.5, 1.0, 1.0, 0.5, 0.5, 0.0, 1.0, 0.5, 0.5, 1
1, 0.944, 0.6905, 0.8295, 0.847, 0.6455, 0.9395, 0.4665, 0.9505, 0.302, 0.902, 0.177, 0.7825, 0.08500000000000002, 0.6345000000000001, 0.10549999999999998, 0.459, 0.186, 0.34550000000000003, 0.267, 0.22199999999999998, 0.418, 0.1785, 0.548, 0.1945, 0.652, 0.258, 0.716, 0.351, 0.735, 0.4525, 0.711, 0.563, 0
1, 0.8674999999999999, 0.3085, 0.901, 0.5515, 0.894, 0.5765, 0.778, 0.5265, 1.0, 0.606, 0.8594999999999999, 0.645, 0.844, 0.6645, 0.7484999999999999, 0.5865, 0.8215, 0.486, 0.7869999999999999, 0.7125, 0.7655000000000001, 0.7245, 0.9724999999999999, 0.7875, 0.721, 0.741, 0.5625, 1.0, 0.6755, 0.7484999999999999, 0.653, 0.749, 0
0, 0.5, 0.5, 0.5, 0.5, 0.5, 0.5, 0.5, 0.5, 0.5, 0.5, 0.5, 0.5, 0.5, 0.5, 0.5, 0.5, 0.5, 0.5, 0.5, 0.5, 0.5, 0.5, 0.5, 0.5, 1.0, 1.0, 0.5, 0.5, 0.5, 0.5, 0.5, 0.5, 1
1, 0.973, 0.5045, 0.9864999999999999, 0.4985, 0.9944999999999999, 0.502, 0.979, 0.508, 0.9704999999999999, 0.5175, 0.986, 0.5235, 0.993, 0.5095, 0.9715, 0.5355, 0.993, 0.4965, 0.989, 0.525, 0.982, 0.5355, 0.9665, 0.5405, 0.976, 0.522, 0.9875, 0.504, 0.989, 0.5355, 1.0, 0.4985, 0
0, 1.0, 1.0, 0.0, 0.0, 0.0, 0.0, 0.5, 0.5, 0.5, 0.5, 0.0, 0.0, 0.5, 0.5, 0.5, 0.5, 0.5, 0.5, 0.0, 1.0, 1.0, 1.0, 0.5, 0.5, 1.0, 0.0, 0.5, 0.5, 0.0, 0.0, 0.0, 0.0, 1
1, 0.7525, 0.4155, 0.857, 0.5075, 0.8554999999999999, 0.5115, 0.8405, 0.5065, 0.673, 0.528, 0.845, 0.522, 0.8405, 0.5255, 0.835, 0.5285, 0.817, 0.4765, 0.8225, 0.5345, 0.8155, 0.537, 0.9199999999999999, 0.5905, 0.7995, 0.5415, 0.6910000000000001, 0.534, 0.7825, 0.545, 0.773, 0.5465, 0
1, 0.8435, 1.0, 0.96, 0.1195, 0.909, 0.5215, 0.8805000000000001, 0.5535, 0.9339999999999999, 0.8685, 0.8505, 0.591, 0.8795, 0.5685, 0.9675, 0.3745, 0.8534999999999999, 0.5935, 0.8245, 0.623, 0.8009999999999999, 0.887, 1.0, 0.23099999999999998, 0.9465, 0.611, 0.8554999999999999, 0.769, 1.0, 0.4675, 0.7825, 0.6194999999999999, 1
1, 0.8815, 0.461, 1.0, 0.352, 1.0, 0.07150000000000001, 0.9, 0.5305, 0.728, 0.28600000000000003, 1.0, 0.437, 1.0, 0.08250000000000002, 0.7464999999999999, 0.5095, 0.911, 0.47050000000000003, 0.991, 0.40049999999999997, 1.0, 0.61, 0.848, 0.3675, 0.9605, 0.3775, 0.8945000000000001, 0.51, 0.9375, 0.3645, 1.0, 0.21500000000000002, 0
1, 0.6925, 0.578, 0.706, 0.537, 0.6325000000000001, 0.6205, 0.6165, 0.5660000000000001, 0.5975, 0.6265000000000001, 0.6225, 0.685, 0.5445, 0.615, 0.4805, 0.685, 0.5255, 0.6245, 0.6245, 0.5485, 0.539, 0.65, 0.4875, 0.6425, 0.47, 0.6315, 0.426, 0.574, 0.4535, 0.6555, 0.40449999999999997, 0.644, 1
1, 0.532, 0.4235, 0.478, 0.5295, 0.542, 0.4875, 0.4925, 0.5935, 0.532, 0.5, 0.5615, 0.4505, 0.5295, 0.5, 0.51, 0.485, 0.436, 0.3965, 0.5345, 0.5075, 0.5345, 0.515, 0.5395, 0.5815, 0.6405000000000001, 0.4755, 0.47050000000000003, 0.453, 0.522, 0.527, 0.537, 0.446, 1
1, 0.8095, 0.554, 0.8534999999999999, 0.4655, 0.852, 0.5085, 0.8714999999999999, 0.501, 0.855, 0.579, 0.858, 0.499, 0.899, 0.533, 0.9185, 0.417, 0.8435, 0.4545, 0.8125, 0.4935, 0.8049999999999999, 0.5585, 0.8565, 0.4525, 0.849, 0.4915, 0.8165, 0.524, 0.8945000000000001, 0.4745, 0.8260000000000001, 0.4765, 0
1, 0.6265000000000001, 0.6795, 0.5, 0.5, 0.352, 0.0, 0.5, 0.5, 0.538, 0.4635, 0.5, 0.5, 0.5, 0.5, 0.5, 0.5, 0.5, 0.5, 0.504, 0.8405, 0.4, 0.6685, 0.448, 0.6785, 0.528, 0.0, 0.5, 0.5, 0.5315, 0.0, 0.5, 0.5, 1
1, 0.9445, 0.508, 0.96, 0.5065, 0.962, 0.507, 0.946, 0.449, 0.9505, 0.458, 0.9650000000000001, 0.495, 0.9655, 0.4555, 0.9299999999999999, 0.4745, 0.9475, 0.48, 0.942, 0.4395, 0.9445, 0.4405, 0.915, 0.4295, 0.9325, 0.441, 0.9275, 0.4345, 0.9175, 0.4375, 0.9339999999999999, 0.439, 0
1, 0.5, 0.5, 0.5, 0.5, 0.5, 0.5, 0.5, 0.5, 0.5, 0.5, 0.0, 1.0, 1.0, 0.776, 0.5, 0.5, 0.5, 0.5, 0.5, 0.5, 0.5, 0.5, 0.5, 0.5, 1.0, 1.0, 0.5, 0.5, 0.5, 0.5, 0.5, 0.5, 1
1, 0.7495, 0.509, 0.7155, 0.452, 0.753, 0.479, 0.7505, 0.548, 0.7235, 0.53, 0.779, 0.4405, 0.7585, 0.482, 0.7635000000000001, 0.47, 0.7765, 0.495, 0.743, 0.483, 0.7455, 0.495, 0.796, 0.5, 0.766, 0.4835, 0.7155, 0.517, 0.7725, 0.4725, 0.7949999999999999, 0.457, 0
0, 0.5, 0.5, 0.5, 0.5, 0.5, 0.5, 0.5, 0.5, 0.5, 0.5, 0.5, 0.5, 0.5, 0.5, 0.5, 0.5, 0.5, 0.5, 0.5, 0.5, 0.5, 0.5, 0.5, 0.5, 1.0, 0.0, 0.5, 0.5, 0.5, 0.5, 0.5, 0.5, 1
1, 1.0, 0.75, 1.0, 0.625, 0.625, 1.0, 0.5845, 0.956, 0.4335, 0.9025000000000001, 0.3295, 0.804, 0.281, 0.6895, 0.2815, 0.5835, 0.3165, 0.5035, 0.3675, 0.455, 0.419, 0.435, 0.461, 0.4365, 0.4895, 0.449, 0.505, 0.46499999999999997, 0.511, 0.4795, 0.511, 0.49, 0
1, 0.5, 0.5, 0.5, 0.5, 1.0, 1.0, 0.0, 0.0, 0.5, 0.5, 1.0, 0.4445, 0.5, 0.5, 0.5, 0.5, 0.0, 1.0, 1.0, 1.0, 1.0, 0.0, 0.5, 0.5, 1.0, 0.0, 0.5, 0.5, 0.5, 0.5, 1.0, 1.0, 1
1, 0.935, 0.69, 0.8205, 0.846, 0.6565, 0.933, 0.4805, 0.9535, 0.28900000000000003, 0.8965000000000001, 0.14700000000000002, 0.758, 0.09499999999999997, 0.6135, 0.09449999999999997, 0.4375, 0.16249999999999998, 0.3095, 0.3085, 0.1855, 0.435, 0.14600000000000002, 0.578, 0.16799999999999998, 0.6925, 0.242, 0.763, 0.35050000000000003, 0.781, 0.47050000000000003, 0.7575000000000001, 0.583, 0
1, 0.5, 0.5, 0.5, 0.5, 0.5, 0.5, 0.0, 1.0, 0.5, 0.5, 1.0, 0.6865, 0.44, 0.44, 0.5, 0.5, 0.0, 0.0, 0.5, 0.5, 1.0, 0.0, 0.5, 0.5, 1.0, 0.6135, 0.5, 0.5, 0.5, 0.5, 0.5, 0.5, 1
1, 0.9410000000000001, 0.7175, 0.798, 0.8885000000000001, 0.5985, 0.9724999999999999, 0.3795, 0.9625, 0.1875, 0.8565, 0.068, 0.6685, 0.03799999999999998, 0.4735, 0.11299999999999999, 0.27649999999999997, 0.265, 0.1335, 0.449, 0.08900000000000002, 0.632, 0.11199999999999999, 0.78, 0.22049999999999997, 0.8605, 0.378, 0.8625, 0.548, 0.7905, 0.6945, 0.6735, 0.7885, 0
1, 0.664, 0.5125, 0.576, 0.6065, 0.5745, 0.87, 0.3715, 0.9615, 0.4485, 0.597, 0.193, 0.629, 0.029500000000000026, 0.473, 0.4345, 0.4285, 0.34850000000000003, 0.277, 0.443, 0.07200000000000001, 0.5135, 0.386, 0.6395, 0.4685, 0.6685, 0.4405, 0.6385000000000001, 0.443, 0.5755, 0.5665, 0.5609999999999999, 0.6025, 0
1, 0.917, 0.6955, 0.77, 0.893, 0.5615, 0.9470000000000001, 0.33399999999999996, 0.9179999999999999, 0.14950000000000002, 0.798, 0.067, 0.6095, 0.07800000000000001, 0.379, 0.2015, 0.1905, 0.403, 0.061, 0.562, 0.05449999999999999, 0.7555000000000001, 0.1375, 0.8955, 0.3615, 0.915, 0.5435, 0.833, 0.7455, 0.6875, 0.85, 0.48, 0.897, 0
1, 0.8115, 0.4825, 0.7955, 0.5025, 0.802, 0.4625, 0.8160000000000001, 0.505, 0.8125, 0.4625, 0.835, 0.536, 0.8145, 0.458, 0.8375, 0.5455, 0.8355, 0.5, 0.7949999999999999, 0.5505, 0.7505, 0.5155, 0.8295, 0.5705, 0.8025, 0.51, 0.757, 0.5225, 0.8085, 0.495, 0.8069999999999999, 0.4545, 0
1, 0.872, 0.488, 0.854, 0.5165, 0.861, 0.5845, 0.896, 0.5385, 0.907, 0.7195, 0.819, 0.503, 0.854, 0.6085, 1.0, 0.5305, 0.8049999999999999, 0.5255, 0.8375, 0.521, 0.76, 0.375, 0.865, 0.421, 0.8085, 0.5355, 0.6545, 0.543, 0.7795000000000001, 0.5375, 0.8015, 0.6085, 0
1, 0.8075, 0.5945, 0.891, 0.509, 0.8875, 0.513, 0.8255, 0.4485, 0.8875, 0.54, 0.87, 0.5255, 0.8614999999999999, 0.529, 0.843, 0.4555, 0.8085, 0.5815, 0.831, 0.538, 0.8195, 0.54, 0.8009999999999999, 0.464, 0.794, 0.544, 0.7755000000000001, 0.6285000000000001, 0.767, 0.546, 0.753, 0.5465, 0
1, 0.8415, 0.527, 0.9239999999999999, 0.501, 0.9215, 0.5015, 0.9215, 0.5495, 0.879, 0.5205, 0.9095, 0.503, 0.9035, 0.5035, 0.903, 0.438, 0.8895, 0.4825, 0.882, 0.5045, 0.873, 0.505, 0.898, 0.479, 0.854, 0.5055, 0.8109999999999999, 0.558, 0.833, 0.506, 0.8220000000000001, 0.506, 0
1, 0.75, 0.5, 0.6935, 0.552, 0.7455, 0.5325, 0.735, 0.4805, 0.6785, 0.437, 0.7285, 0.524, 0.752, 0.513, 0.6785, 0.598, 0.711, 0.574, 0.711, 0.487, 0.661, 0.4435, 0.737, 0.4955, 0.709, 0.5345, 0.6935, 0.5195, 0.6759999999999999, 0.574, 0.724, 0.587, 0
1, 1.0, 0.549, 1.0, 0.6255, 0.992, 0.665, 0.902, 0.765, 0.875, 0.8015, 0.7845, 0.8594999999999999, 0.7765, 0.8705, 0.6475, 0.911, 0.6055, 0.899, 0.5485, 0.911, 0.4915, 0.8995, 0.4245, 0.878, 0.386, 0.846, 0.3415, 0.8045, 0.2985, 0.7725, 0.28600000000000003, 0.7225, 0
1, 0.9470000000000001, 0.567, 0.935, 0.6575, 0.8945000000000001, 0.717, 0.817, 0.8, 0.77, 0.855, 0.6985, 0.881, 0.6214999999999999, 0.8975, 0.5455, 0.898, 0.454, 0.8815, 0.399, 0.8345, 0.34850000000000003, 0.813, 0.297, 0.7525, 0.269, 0.704, 0.2485, 0.6365000000000001, 0.236, 0.596, 0.256, 0.53, 0
1, 0.973, 0.5875, 0.9545, 0.6655, 0.9255, 0.75, 0.8685, 0.819, 0.796, 0.869, 0.7435, 0.9179999999999999, 0.6525, 0.9535, 0.59, 0.9670000000000001, 0.4965, 0.9655, 0.40549999999999997, 0.9470000000000001, 0.33499999999999996, 0.9125, 0.26749999999999996, 0.8825000000000001, 0.20700000000000002, 0.8315, 0.16049999999999998, 0.763, 0.1235, 0.7125, 0.09399999999999997, 0.6305000000000001, 0
1, 0.9590000000000001, 0.591, 0.9305, 0.6775, 0.8645, 0.7285, 0.802, 0.8494999999999999, 0.752, 0.8745, 0.6805, 0.909, 0.5785, 0.9179999999999999, 0.502, 0.9259999999999999, 0.418, 0.8895, 0.32, 0.881, 0.2845, 0.827, 0.2345, 0.7695000000000001, 0.1985, 0.705, 0.1775, 0.6365000000000001, 0.17149999999999999, 0.5685, 0.1795, 0.527, 0
1, 0.883, 0.6055, 0.8195, 0.6905, 0.742, 0.7625, 0.575, 0.6115, 0.569, 0.798, 0.4615, 0.7225, 0.5, 0.743, 0.3625, 0.71, 0.21949999999999997, 0.6839999999999999, 0.317, 0.5945, 0.2975, 0.538, 0.3075, 0.484, 0.3305, 0.4375, 0.3625, 0.40149999999999997, 0.4, 0.377, 0.4405, 0.364, 0
1, 0.7945, 0.1955, 0.927, 0.7765, 0.9055, 0.5365, 0.7829999999999999, 0.581, 0.664, 0.621, 0.7515000000000001, 0.5615, 0.8195, 0.5995, 0.8594999999999999, 0.7135, 0.7715000000000001, 0.5695, 0.8260000000000001, 0.639, 0.8445, 0.5365, 0.7595000000000001, 0.6335, 0.745, 0.6385000000000001, 0.731, 0.643, 0.7175, 0.6465, 0.704, 0.6495, 0
1, 1.0, 0.557, 0.85, 0.4395, 0.9079999999999999, 0.5485, 0.856, 0.5055, 0.781, 0.461, 0.8454999999999999, 0.5625, 0.7929999999999999, 0.52, 0.7655000000000001, 0.483, 0.847, 0.5845, 0.8634999999999999, 0.536, 0.6605, 0.5295, 0.7665, 0.687, 0.7455, 0.59, 0.576, 0.662, 0.7205, 0.5945, 0.781, 0.576, 0
1, 0.9239999999999999, 0.534, 0.903, 0.4885, 0.885, 0.4835, 0.8335, 0.46699999999999997, 0.798, 0.4615, 0.8365, 0.471, 0.8215, 0.46799999999999997, 0.696, 0.5225, 0.8565, 0.507, 0.78, 0.46, 0.767, 0.4575, 0.735, 0.386, 0.7435, 0.4545, 0.763, 0.4575, 0.7215, 0.452, 0.711, 0.451, 0
1, 1.0, 0.54, 0.984, 0.4975, 0.9835, 0.4965, 0.94, 0.4805, 1.0, 0.507, 0.981, 0.493, 0.9795, 0.4915, 0.9924999999999999, 0.505, 0.956, 0.456, 0.975, 0.488, 0.973, 0.487, 0.991, 0.51, 0.969, 0.485, 1.0, 0.471, 0.964, 0.4825, 0.9610000000000001, 0.4815, 0
1, 0.7395, 0.438, 0.714, 0.438, 0.8505, 0.304, 0.866, 0.536, 0.6315, 0.392, 0.7475, 0.58, 0.727, 0.4405, 0.7115, 0.531, 0.75, 0.3635, 0.773, 0.593, 0.7115, 0.541, 0.853, 0.598, 0.767, 0.438, 0.5775, 0.3685, 0.737, 0.5205, 0.727, 0.2425, 0
1, 0.8175, 0.478, 0.8825000000000001, 0.515, 0.8069999999999999, 0.6799999999999999, 0.827, 0.4975, 0.821, 0.5415, 0.897, 0.28300000000000003, 0.8625, 0.775, 0.798, 0.5695, 0.8175, 0.6095, 0.8165, 0.373, 0.855, 0.577, 0.8235, 0.6155, 0.844, 0.5885, 0.8085, 0.538, 0.8315, 0.599, 0.8454999999999999, 0.6835, 0
1, 0.7505, 0.482, 0.8055, 0.5065, 0.7945, 0.508, 0.7945, 0.5125, 0.8335, 0.498, 0.8585, 0.4765, 0.8325, 0.5045, 0.7865, 0.5125, 0.8235, 0.463, 0.7845, 0.571, 0.7875, 0.482, 0.7325, 0.5245, 0.7829999999999999, 0.504, 0.738, 0.482, 0.773, 0.553, 0.8035, 0.4595, 0
1, 0.8574999999999999, 0.497, 0.8335, 0.479, 0.8155, 0.474, 0.89, 0.5405, 0.8365, 0.5485, 0.8235, 0.5795, 0.8009999999999999, 0.4905, 0.772, 0.4775, 0.7344999999999999, 0.45, 0.8235, 0.5745, 0.696, 0.6085, 0.762, 0.4725, 0.7255, 0.5, 0.657, 0.46599999999999997, 0.746, 0.4465, 0.652, 0.474, 0
1, 0.8405, 0.552, 0.885, 0.5175, 0.8260000000000001, 0.5405, 0.8049999999999999, 0.4975, 0.895, 0.5595, 0.7989999999999999, 0.5245, 0.8125, 0.548, 0.8915, 0.4125, 0.869, 0.4455, 0.743, 0.505, 0.8049999999999999, 0.5405, 0.8335, 0.436, 0.819, 0.4875, 0.8825000000000001, 0.511, 0.806, 0.464, 0.757, 0.4765, 0
1, 0.8035, 0.4865, 0.8355, 0.5205, 0.7645, 0.478, 0.7525, 0.5185, 0.8525, 0.461, 0.79, 0.49, 0.766, 0.539, 0.8205, 0.5595, 0.7845, 0.488, 0.766, 0.5035, 0.8574999999999999, 0.483, 0.7645, 0.483, 0.7865, 0.504, 0.7929999999999999, 0.4985, 0.7949999999999999, 0.4865, 0.751, 0.534, 0
1, 0.7475, 0.5485, 0.648, 0.529, 0.675, 0.5, 0.7865, 0.488, 0.7915, 0.512, 0.6675, 0.5245, 0.762, 0.5025, 0.7355, 0.4465, 0.716, 0.5025, 0.675, 0.529, 0.5945, 0.6285000000000001, 0.6555, 0.425, 0.6825, 0.519, 0.6965, 0.5875, 0.631, 0.5, 0.687, 0.4905, 0
1, 0.994, 0.511, 0.9655, 0.6705, 0.9195, 0.6759999999999999, 0.8734999999999999, 0.7444999999999999, 0.868, 0.7595000000000001, 0.7755000000000001, 0.8009999999999999, 0.7155, 0.831, 0.659, 0.852, 0.642, 0.8445, 0.5375, 0.8685, 0.5315, 0.8565, 0.4175, 0.8485, 0.417, 0.8025, 0.419, 0.779, 0.3265, 0.721, 0.3325, 0.6875, 0
1, 0.9895, 0.579, 0.9505, 0.6759999999999999, 0.9099999999999999, 0.743, 0.859, 0.8245, 0.794, 0.8685, 0.7015, 0.9159999999999999, 0.6255, 0.9239999999999999, 0.5235, 0.9275, 0.439, 0.8985000000000001, 0.369, 0.904, 0.311, 0.8585, 0.245, 0.7915, 0.21200000000000002, 0.73, 0.1905, 0.654, 0.17099999999999999, 0.5915, 0.1795, 0.515, 0
1, 0.9984999999999999, 0.6085, 0.96, 0.735, 0.8845000000000001, 0.812, 0.7665, 0.8905000000000001, 0.6839999999999999, 0.9415, 0.5505, 0.9165, 0.46599999999999997, 0.9465, 0.35850000000000004, 0.8605, 0.2815, 0.8085, 0.22099999999999997, 0.7404999999999999, 0.175, 0.6775, 0.1765, 0.5795, 0.16649999999999998, 0.5115, 0.1755, 0.4325, 0.22699999999999998, 0.3855, 0.264, 0.325, 0
1, 0.9715, 0.6, 0.9804999999999999, 0.704, 0.9025000000000001, 0.7829999999999999, 0.7835, 0.854, 0.709, 0.9159999999999999, 0.5745, 0.9475, 0.526, 0.9685, 0.3765, 0.9195, 0.28600000000000003, 0.878, 0.2485, 0.813, 0.1725, 0.752, 0.15550000000000003, 0.6545, 0.11449999999999999, 0.578, 0.123, 0.478, 0.124, 0.4105, 0.16549999999999998, 0.328, 0
1, 0.97, 0.6405000000000001, 0.9025000000000001, 0.764, 0.7909999999999999, 0.866, 0.675, 0.9025000000000001, 0.554, 0.952, 0.4, 0.9465, 0.3015, 0.911, 0.20600000000000002, 0.8145, 0.1185, 0.702, 0.09350000000000003, 0.5945, 0.09350000000000003, 0.4785, 0.1235, 0.3655, 0.184, 0.268, 0.268, 0.193, 0.368, 0.14600000000000002, 0.4555, 0.14350000000000002, 0
1, 0.9490000000000001, 0.6759999999999999, 0.8365, 0.8109999999999999, 0.7195, 0.972, 0.482, 0.9025000000000001, 0.386, 0.8765000000000001, 0.3745, 0.744, 0.21300000000000002, 0.642, 0.16599999999999998, 0.553, 0.263, 0.469, 0.09449999999999997, 0.47, 0.33399999999999996, 0.262, 0.4355, 0.23199999999999998, 0.536, 0.2405, 0.6214999999999999, 0.2825, 0.683, 0.34950000000000003, 0.714, 0.5665, 0
1, 0.6455, 0.55, 0.6165, 0.5865, 0.519, 0.6715, 0.56, 0.6315, 0.5315, 0.6065, 0.4765, 0.5640000000000001, 0.4685, 0.5395, 0.4685, 0.5205, 0.473, 0.507, 0.479, 0.4985, 0.4855, 0.494, 0.491, 0.4925, 0.4955, 0.4925, 0.4985, 0.494, 0.5005, 0.4955, 0.5015, 0.497, 0
1, 0.9355, 0.5215, 0.8995, 0.5915, 0.995, 0.6465, 0.9475, 0.4585, 0.9430000000000001, 0.49, 0.952, 0.3665, 0.9470000000000001, 0.6, 0.9430000000000001, 0.477, 0.9225, 0.495, 0.9895, 0.32999999999999996, 0.895, 0.3745, 0.9335, 0.454, 0.9299999999999999, 0.4855, 0.894, 0.4795, 0.8795, 0.609, 0.9410000000000001, 0.546, 0
1, 0.8745, 0.5125, 0.995, 0.549, 0.8795, 0.5645, 0.8714999999999999, 0.454, 0.979, 0.5125, 0.9895, 0.4975, 0.9804999999999999, 0.551, 0.9575, 0.519, 0.855, 0.5135, 0.906, 0.46, 1.0, 0.5, 0.859, 0.494, 0.9115, 0.513, 0.862, 0.4945, 0.952, 0.5555, 0.864, 0.514, 0
1, 0.7364999999999999, 0.5975, 0.531, 0.4085, 0.8115, 0.505, 0.728, 0.478, 0.7825, 0.509, 0.7235, 0.6375, 0.858, 0.481, 0.778, 0.562, 0.707, 0.5575, 0.764, 0.514, 0.756, 0.4465, 0.7395, 0.488, 0.7325, 0.5165, 0.768, 0.6255, 0.66, 0.4275, 0.673, 0.4985, 0
1, 0.7995, 0.5735, 0.8494999999999999, 0.4305, 0.9255, 0.4305, 0.905, 0.512, 0.7525, 0.514, 0.837, 0.4775, 0.904, 0.4315, 0.757, 0.3775, 0.9075, 0.4285, 0.851, 0.498, 0.6665, 0.531, 0.7805, 0.3345, 0.8069999999999999, 0.416, 0.7635000000000001, 0.4895, 0.7695000000000001, 0.3435, 0.837, 0.39, 0
1, 0.9235, 0.483, 0.9319999999999999, 0.4575, 0.9099999999999999, 0.5, 0.8685, 0.462, 0.86, 0.432, 0.8745, 0.4415, 0.8875, 0.4065, 0.8905000000000001, 0.394, 0.81, 0.449, 0.896, 0.4215, 0.9470000000000001, 0.483, 0.9245, 0.3695, 0.8705, 0.3835, 0.831, 0.3885, 0.863, 0.311, 0.829, 0.376, 0
1, 0.9390000000000001, 0.459, 0.917, 0.5365, 0.9239999999999999, 0.5205, 0.886, 0.489, 0.886, 0.4715, 0.9115, 0.447, 0.8395, 0.4975, 0.94, 0.3955, 0.917, 0.5165, 0.9319999999999999, 0.47, 0.9864999999999999, 0.36, 0.9255, 0.406, 0.9185, 0.449, 0.9295, 0.4835, 0.8925000000000001, 0.4455, 0.8955, 0.4975, 0
1, 0.8734999999999999, 0.434, 0.769, 0.585, 0.8634999999999999, 0.5475, 0.848, 0.4445, 0.8340000000000001, 0.3825, 0.9395, 0.404, 0.8685, 0.521, 0.815, 0.498, 0.8180000000000001, 0.4405, 0.896, 0.3735, 0.8320000000000001, 0.35650000000000004, 0.8360000000000001, 0.4475, 0.8089999999999999, 0.44, 0.8005, 0.3955, 0.6875, 0.5345, 0.8055, 0.493, 0
1, 0.734, 0.5565, 0.7949999999999999, 0.5035, 0.777, 0.5345, 0.7395, 0.43, 0.765, 0.5065, 0.8195, 0.419, 0.839, 0.4835, 0.7725, 0.4325, 0.765, 0.4765, 0.7395, 0.40249999999999997, 0.754, 0.4325, 0.7075, 0.399, 0.7695000000000001, 0.4425, 0.7995, 0.4855, 0.7685, 0.441, 0.7815, 0.478, 0
1, 0.9405, 0.6375, 0.8605, 0.7145, 0.808, 0.8185, 0.694, 0.9525, 0.549, 0.9804999999999999, 0.39949999999999997, 0.946, 0.3215, 0.8875, 0.1745, 0.8109999999999999, 0.10599999999999998, 0.7275, 0.09050000000000002, 0.5955, 0.08050000000000002, 0.4595, 0.10849999999999999, 0.368, 0.16199999999999998, 0.27249999999999996, 0.22649999999999998, 0.1955, 0.34750000000000003, 0.16649999999999998, 0.40349999999999997, 0.122, 0
1, 0.9655, 0.6465, 0.8995, 0.779, 0.8, 0.858, 0.631, 0.9635, 0.523, 0.9835, 0.384, 0.9755, 0.22049999999999997, 0.905, 0.1335, 0.812, 0.044999999999999984, 0.681, 0.03849999999999998, 0.53, 0.03199999999999997, 0.401, 0.08400000000000002, 0.2655, 0.174, 0.15200000000000002, 0.29400000000000004, 0.07150000000000001, 0.432, 0.030000000000000027, 0.55, 0.026000000000000023, 0
1, 0.9410000000000001, 0.653, 0.866, 0.7889999999999999, 0.6705, 0.7925, 0.5285, 1.0, 0.454, 0.9605, 0.188, 0.86, 0.15100000000000002, 0.663, 0.09300000000000003, 0.706, 0.0, 0.496, 0.10499999999999998, 0.2945, 0.11549999999999999, 0.27249999999999996, 0.21400000000000002, 0.16199999999999998, 0.34199999999999997, 0.09050000000000002, 0.485, 0.066, 0.627, 0.08950000000000002, 0.501, 0.09150000000000003, 0
1, 0.9645, 0.666, 0.881, 0.8115, 0.7464999999999999, 0.9215, 0.608, 0.976, 0.43, 0.981, 0.264, 0.9179999999999999, 0.14650000000000002, 0.8275, 0.0625, 0.6839999999999999, 0.04099999999999998, 0.528, 0.05099999999999999, 0.369, 0.13, 0.22949999999999998, 0.246, 0.1265, 0.3885, 0.0695, 0.539, 0.064, 0.6799999999999999, 0.10949999999999999, 0.7969999999999999, 0.1985, 0
1, 0.917, 0.6575, 0.8275, 0.7885, 0.675, 0.8534999999999999, 0.5865, 0.8945000000000001, 0.405, 0.8995, 0.2915, 0.8325, 0.15799999999999997, 0.7384999999999999, 0.1265, 0.5975, 0.139, 0.4755, 0.19, 0.359, 0.254, 0.23249999999999998, 0.367, 0.16999999999999998, 0.4925, 0.15150000000000002, 0.6135, 0.178, 0.7155, 0.244, 0.8235, 0.34950000000000003, 0
1, 0.9924999999999999, 0.4865, 0.9904999999999999, 0.4795, 1.0, 0.462, 0.9935, 0.5075, 0.9764999999999999, 0.487, 0.9924999999999999, 0.4625, 0.997, 0.4645, 0.987, 0.4525, 0.9864999999999999, 0.439, 0.9964999999999999, 0.4735, 0.9764999999999999, 0.4555, 0.987, 0.4585, 0.9835, 0.4355, 0.9675, 0.4255, 0.9855, 0.421, 0.984, 0.406, 0
1, 0.9704999999999999, 0.4925, 0.971, 0.505, 0.975, 0.4925, 0.9795, 0.4945, 0.973, 0.4815, 0.986, 0.491, 0.9855, 0.4805, 0.9775, 0.4795, 0.976, 0.4765, 0.971, 0.489, 0.964, 0.478, 0.96, 0.4775, 0.9635, 0.471, 0.9515, 0.4625, 0.96, 0.464, 0.96, 0.463, 0
1, 0.7625, 0.483, 0.9744999999999999, 0.5425, 0.7625, 0.4155, 0.6525, 0.4915, 0.754, 0.432, 0.8220000000000001, 0.644, 0.9155, 0.322, 0.771, 0.5085, 0.7795000000000001, 0.517, 0.7965, 0.6525, 0.9319999999999999, 0.5255, 0.7035, 0.5765, 0.8365, 0.4985, 0.8305, 0.483, 0.9155, 0.4235, 0.8815, 0.449, 0
1, 0.6665, 0.375, 0.722, 0.611, 0.6945, 0.5835, 0.7085, 0.5695, 0.75, 0.4445, 0.7745, 0.458, 0.7915, 0.6665, 0.778, 0.514, 0.625, 0.403, 0.736, 0.472, 0.764, 0.486, 0.6945, 0.5415, 0.7075, 0.4285, 0.597, 0.4305, 0.6845, 0.426, 0.5415, 0.25, 0
1, 0.919, 0.7145, 0.8605, 0.792, 0.728, 0.8905000000000001, 0.5825, 0.9135, 0.435, 0.9345, 0.269, 0.8925000000000001, 0.203, 0.7605, 0.10749999999999998, 0.6325000000000001, 0.08000000000000002, 0.5195, 0.19, 0.34299999999999997, 0.263, 0.2555, 0.3135, 0.16099999999999998, 0.4745, 0.1865, 0.5735, 0.27049999999999996, 0.6855, 0.304, 0.7415, 0.3785, 0
1, 0.9685, 0.6755, 0.8765000000000001, 0.8280000000000001, 0.728, 0.9430000000000001, 0.5765, 0.979, 0.391, 0.9815, 0.21750000000000003, 0.917, 0.10599999999999998, 0.79, 0.034499999999999975, 0.63, 0.03199999999999997, 0.46799999999999997, 0.065, 0.2955, 0.1745, 0.16249999999999998, 0.316, 0.07500000000000001, 0.477, 0.043999999999999984, 0.6365000000000001, 0.07100000000000001, 0.774, 0.15200000000000002, 0.874, 0.279, 0
1, 0.962, 0.6845, 0.86, 0.8420000000000001, 0.6465, 0.9704999999999999, 0.4445, 0.8825000000000001, 0.34199999999999997, 0.9625, 0.16699999999999998, 0.894, 0.03949999999999998, 0.7115, 0.028500000000000025, 0.548, 0.0, 0.516, 0.16799999999999998, 0.16849999999999998, 0.27, 0.10899999999999999, 0.4325, 0.0595, 0.599, 0.07450000000000001, 0.7444999999999999, 0.14900000000000002, 0.8494999999999999, 0.27, 0.8805000000000001, 0.434, 0
1, 1.0, 0.581, 1.0, 0.472, 1.0, 0.507, 1.0, 0.438, 1.0, 0.4925, 1.0, 0.4915, 1.0, 0.46799999999999997, 1.0, 0.464, 1.0, 0.5295, 1.0, 0.4495, 1.0, 0.4865, 1.0, 0.385, 1.0, 0.46599999999999997, 1.0, 0.5415, 1.0, 0.429, 1.0, 0.463, 0
1, 0.978, 0.499, 0.9319999999999999, 0.434, 0.975, 0.4975, 0.9139999999999999, 0.244, 0.962, 0.552, 1.0, 0.429, 0.9964999999999999, 0.4875, 0.9795, 0.4225, 0.9199999999999999, 0.8085, 1.0, 0.4185, 0.9375, 0.4575, 0.9285, 0.4915, 0.9205, 0.491, 0.9119999999999999, 0.4905, 0.903, 0.49, 0.894, 0.49, 0
1, 0.9405, 0.6759999999999999, 0.8420000000000001, 0.8255, 0.6739999999999999, 0.899, 0.529, 0.954, 0.351, 0.9325, 0.187, 0.848, 0.11449999999999999, 0.6965, 0.07100000000000001, 0.542, 0.09200000000000003, 0.38, 0.177, 0.25, 0.301, 0.15849999999999997, 0.4445, 0.1225, 0.585, 0.14250000000000002, 0.7035, 0.21200000000000002, 0.7829999999999999, 0.316, 0.8140000000000001, 0.4335, 0
1, 0.948, 0.6965, 0.8305, 0.859, 0.6475, 0.954, 0.476, 0.972, 0.27149999999999996, 0.923, 0.11149999999999999, 0.7925, 0.035999999999999976, 0.6255, 0.03849999999999998, 0.4235, 0.1195, 0.258, 0.2455, 0.119, 0.4255, 0.056999999999999995, 0.608, 0.07150000000000001, 0.766, 0.15699999999999997, 0.874, 0.2965, 0.9155, 0.46499999999999997, 0.8845000000000001, 0.6395, 0
1, 1.0, 0.3795, 1.0, 0.39849999999999997, 0.9365, 0.4495, 0.9430000000000001, 0.5065, 1.0, 0.557, 0.962, 0.5315, 0.9239999999999999, 0.481, 0.8165, 0.3165, 0.9365, 0.4935, 0.9685, 0.5315, 1.0, 0.6265000000000001, 0.81, 0.31, 0.923, 0.4725, 1.0, 0.4685, 0.766, 0.5125, 0.9175, 0.4875, 0
1, 0.874, 0.504, 0.9165, 0.5085, 0.913, 0.5125, 0.933, 0.5085, 0.8025, 0.5295, 0.8955, 0.5235, 0.887, 0.527, 0.8235, 0.5965, 0.9199999999999999, 0.521, 0.8565, 0.5355, 0.8445, 0.538, 0.8320000000000001, 0.542, 0.8185, 0.5415, 0.8065, 0.5085, 0.7909999999999999, 0.544, 0.7765, 0.5445, 0
1, 0.925, 0.509, 0.9610000000000001, 0.5075, 0.96, 0.511, 0.964, 0.54, 0.938, 0.557, 0.956, 0.5215, 0.9535, 0.525, 0.9365, 0.514, 0.9795, 0.5, 0.9455, 0.535, 0.942, 0.5385, 0.9185, 0.5545, 0.9345, 0.545, 0.938, 0.544, 0.9259999999999999, 0.5505, 0.9215, 0.5535, 0
1, 1.0, 0.494, 1.0, 0.4985, 1.0, 0.492, 1.0, 0.492, 1.0, 0.486, 1.0, 0.489, 0.999, 0.4845, 0.9975, 0.484, 0.9964999999999999, 0.4825, 1.0, 0.4805, 1.0, 0.475, 1.0, 0.4755, 0.999, 0.4725, 0.997, 0.4685, 0.9955, 0.4675, 0.995, 0.4665, 0
1, 0.9475, 0.484, 0.9375, 0.5275, 0.9475, 0.507, 0.9645, 0.514, 0.9565, 0.495, 0.9704999999999999, 0.492, 0.9595, 0.517, 0.9685, 0.5, 0.9715, 0.507, 0.9525, 0.504, 0.9435, 0.491, 0.9465, 0.512, 0.9450000000000001, 0.508, 0.9405, 0.501, 0.9365, 0.521, 0.9335, 0.512, 0
1, 0.9505, 0.509, 1.0, 0.491, 0.9505, 0.5035, 0.9239999999999999, 0.5285, 1.0, 0.5175, 0.9895, 0.5055, 0.9875, 0.5175, 1.0, 0.484, 0.9485, 0.484, 0.931, 0.539, 1.0, 0.546, 0.9505, 0.523, 0.9715, 0.516, 0.9735, 0.5125, 1.0, 0.5055, 0.968, 0.5105, 0
1, 0.6970000000000001, 0.379, 0.8135, 0.5065, 0.7275, 0.5455, 0.8180000000000001, 0.5455, 0.606, 0.394, 0.788, 0.576, 0.6970000000000001, 0.5, 0.781, 0.523, 0.7575000000000001, 0.515, 0.894, 0.591, 0.6515, 0.424, 0.7424999999999999, 0.5295, 0.732, 0.5305, 0.6665, 0.485, 0.7095, 0.532, 0.6970000000000001, 0.621, 0
1, 0.9335, 0.6799999999999999, 0.86, 0.8335, 0.6859999999999999, 0.915, 0.543, 0.9295, 0.3795, 0.9305, 0.241, 0.8380000000000001, 0.15649999999999997, 0.7075, 0.11499999999999999, 0.5495, 0.15300000000000002, 0.4315, 0.2525, 0.28900000000000003, 0.3375, 0.21150000000000002, 0.486, 0.2, 0.577, 0.2345, 0.6615, 0.3145, 0.731, 0.40149999999999997, 0.705, 0.509, 0
1, 0.948, 0.6895, 0.8365, 0.847, 0.6795, 0.9435, 0.479, 0.9665, 0.3055, 0.9219999999999999, 0.16349999999999998, 0.8105, 0.08650000000000002, 0.652, 0.069, 0.473, 0.132, 0.3285, 0.241, 0.188, 0.383, 0.1305, 0.5345, 0.1305, 0.6675, 0.1885, 0.762, 0.2895, 0.806, 0.4135, 0.8005, 0.5435, 0
1, 0.9525, 0.7055, 0.827, 0.874, 0.6495, 0.9795, 0.4335, 0.989, 0.239, 0.9165, 0.10149999999999998, 0.7755000000000001, 0.017000000000000015, 0.576, 0.034999999999999976, 0.372, 0.1405, 0.203, 0.2925, 0.07400000000000001, 0.489, 0.031000000000000028, 0.6815, 0.07300000000000001, 0.8375, 0.19, 0.9299999999999999, 0.3595, 0.9435, 0.549, 0.8775, 0.7315, 0
1, 1.0, 1.0, 0.6835, 0.531, 0.565, 0.9635, 0.362, 0.968, 0.3425, 0.6885, 0.064, 0.6845, 0.035499999999999976, 0.4555, 0.3055, 0.32899999999999996, 0.267, 0.08750000000000002, 0.473, 0.03199999999999997, 0.628, 0.398, 0.869, 0.27, 0.9275, 0.46599999999999997, 1.0, 1.0, 0.6935, 0.501, 0.589, 0.899, 0
1, 1.0, 0.7575000000000001, 0.7275, 0.6665, 0.5305, 0.6819999999999999, 0.3395, 0.8654999999999999, 0.27249999999999996, 0.7424999999999999, 0.21200000000000002, 0.5, 0.21200000000000002, 0.4395, 0.3335, 0.2575, 0.4545, 0.07600000000000001, 0.7424999999999999, 0.21200000000000002, 0.788, 0.28800000000000003, 1.0, 0.303, 0.865, 0.5615, 0.985, 0.788, 0.621, 0.6819999999999999, 0.5455, 0.6665, 0
1, 0.913, 0.541, 0.8955, 0.459, 0.952, 0.491, 0.9645, 0.5055, 0.9005000000000001, 0.5445, 0.9735, 0.4965, 0.9715, 0.5, 0.9665, 0.601, 0.975, 0.4965, 0.9575, 0.5035, 0.9025000000000001, 0.5355, 0.9555, 0.58, 0.9475, 0.541, 0.8885000000000001, 0.5335, 0.9630000000000001, 0.5905, 0.9630000000000001, 0.5, 0
1, 0.8725, 0.553, 0.9435, 0.505, 0.9425, 0.5075, 0.9359999999999999, 0.493, 0.865, 0.553, 0.9385, 0.5145, 0.9359999999999999, 0.517, 0.9784999999999999, 0.539, 0.975, 0.5215, 0.9279999999999999, 0.5235, 0.9245, 0.526, 0.9359999999999999, 0.5565, 0.917, 0.53, 0.8725, 0.4825, 0.9085, 0.534, 0.904, 0.536, 0
1, 0.938, 0.5185, 0.95, 0.5015, 0.946, 0.5025, 0.9315, 0.5, 0.975, 0.5375, 0.935, 0.505, 0.9315, 0.506, 0.9195, 0.469, 0.9285, 0.5125, 0.921, 0.508, 0.9175, 0.5085, 0.8975, 0.4785, 0.9105, 0.51, 0.9099999999999999, 0.5435, 0.904, 0.5115, 0.9005000000000001, 0.512, 0
1, 0.9875, 0.5035, 0.993, 0.51, 1.0, 0.51, 0.9964999999999999, 0.508, 0.9784999999999999, 0.5115, 0.986, 0.518, 1.0, 0.5185, 0.9895, 0.5105, 0.993, 0.5285, 0.986, 0.524, 0.9724999999999999, 0.5275, 0.992, 0.518, 0.9875, 0.5325, 0.974, 0.541, 0.9955, 0.531, 0.9944999999999999, 0.5495, 0
1, 1.0, 0.5055, 1.0, 0.5055, 1.0, 0.5115, 0.997, 0.493, 0.997, 0.499, 0.9915, 0.5115, 1.0, 0.5045, 0.988, 0.504, 0.9895, 0.5085, 0.99, 0.5035, 0.9904999999999999, 0.5105, 0.9855, 0.4965, 0.99, 0.508, 0.9895, 0.5075, 0.993, 0.5105, 0.9935, 0.514, 0
1, 0.664, 0.555, 0.58, 0.6465, 0.5700000000000001, 0.8725, 0.3745, 0.96, 0.4175, 0.6335, 0.1815, 0.6245, 0.01200000000000001, 0.4985, 0.384, 0.40049999999999997, 0.34750000000000003, 0.2555, 0.428, 0.04999999999999999, 0.5465, 0.35550000000000004, 0.6415, 0.40700000000000003, 0.698, 0.4425, 0.655, 0.528, 0.607, 0.6025, 0.567, 0.632, 0
1, 0.829, 0.718, 0.7235, 0.874, 0.5265, 0.9255, 0.33999999999999997, 0.9105, 0.15849999999999997, 0.762, 0.07900000000000001, 0.5355, 0.08600000000000002, 0.35650000000000004, 0.265, 0.14150000000000001, 0.476, 0.07, 0.6165, 0.1185, 0.7835, 0.2395, 0.8714999999999999, 0.40700000000000003, 0.874, 0.6185, 0.726, 0.7955, 0.6025, 0.884, 0.4075, 0.872, 0
1, 0.5975, 0.5285, 0.521, 0.626, 0.447, 0.7444999999999999, 0.4085, 0.4085, 0.29000000000000004, 0.5305, 0.273, 0.546, 0.418, 0.34750000000000003, 0.4485, 0.3015, 0.5935, 0.41200000000000003, 0.67, 0.44, 0.643, 0.42, 0.608, 0.6234999999999999, 0.5195, 0.6555, 0.481, 0.6315, 0.416, 0.584, 0.349, 0.33199999999999996, 0
1, 0.99, 0.5005, 1.0, 0.5, 0.995, 0.4995, 0.9735, 0.512, 0.9884999999999999, 0.5105, 0.9895, 0.5155, 0.996, 0.5115, 0.9695, 0.5285, 0.968, 0.5265, 0.9884999999999999, 0.5275, 1.0, 0.531, 0.971, 0.5405, 0.9835, 0.5365, 0.9784999999999999, 0.5405, 0.991, 0.5405, 0.986, 0.543, 0
1, 0.9115, 0.462, 0.9025000000000001, 0.501, 0.9375, 0.494, 0.9339999999999999, 0.4625, 0.864, 0.4415, 0.923, 0.525, 0.9155, 0.463, 0.874, 0.5335, 0.8915, 0.532, 0.9339999999999999, 0.488, 0.894, 0.47, 0.8725, 0.488, 0.8835, 0.4865, 0.87, 0.462, 0.8505, 0.479, 0.892, 0.506, 0
1, 0.6765, 0.431, 0.847, 0.488, 0.841, 0.482, 0.7785, 0.46950000000000003, 0.8089999999999999, 0.4475, 0.8105, 0.4675, 0.7969999999999999, 0.4635, 0.7115, 0.368, 0.7909999999999999, 0.525, 0.7484999999999999, 0.456, 0.731, 0.455, 0.725, 0.497, 0.6955, 0.455, 0.6779999999999999, 0.4485, 0.661, 0.457, 0.6445, 0.4585, 0
1, 0.88, 0.5055, 0.9315, 0.5015, 0.929, 0.502, 0.9, 0.5115, 0.9075, 0.5605, 0.9155, 0.5035, 0.909, 0.5045, 0.9139999999999999, 0.46499999999999997, 0.8825000000000001, 0.5195, 0.885, 0.5055, 0.8755, 0.506, 0.8855, 0.4985, 0.8545, 0.507, 0.831, 0.504, 0.8315, 0.5075, 0.8195, 0.5075, 0
1, 0.8335, 0.493, 0.987, 0.534, 0.748, 0.7505, 0.8785000000000001, 0.4985, 0.8260000000000001, 0.4295, 0.7010000000000001, 0.2555, 0.696, 0.7935, 0.884, 0.659, 0.893, 0.5565, 0.7375, 0.27549999999999997, 1.0, 0.5035, 0.8035, 0.535, 0.8435, 0.5855, 0.938, 0.539, 0.7765, 0.623, 0.5695, 0.7404999999999999, 0
1, 0.9175, 0.5415, 0.8685, 0.4265, 0.9215, 0.472, 0.952, 0.477, 0.9470000000000001, 0.5655, 0.906, 0.5335, 0.8965000000000001, 0.4555, 1.0, 0.4895, 0.983, 0.533, 0.938, 0.506, 0.8875, 0.533, 0.977, 0.479, 0.9175, 0.5005, 1.0, 0.5640000000000001, 0.9335, 0.4465, 0.9525, 0.4785, 0
1, 0.9755, 0.502, 0.976, 0.4865, 0.9670000000000001, 0.4905, 0.973, 0.508, 0.9824999999999999, 0.5165, 0.971, 0.5365, 0.973, 0.4935, 0.986, 0.5005, 0.974, 0.53, 0.9635, 0.542, 0.9655, 0.5505, 0.9724999999999999, 0.507, 0.9675, 0.5245, 0.966, 0.541, 0.9704999999999999, 0.5, 0.9575, 0.5235, 0
1, 0.9735, 0.5, 0.966, 0.484, 0.976, 0.483, 0.978, 0.512, 0.9704999999999999, 0.509, 0.9630000000000001, 0.5235, 0.97, 0.4925, 0.974, 0.51, 0.969, 0.507, 0.9570000000000001, 0.5385, 0.9475, 0.5305, 0.97, 0.516, 0.9625, 0.5125, 0.9605, 0.511, 0.9625, 0.502, 0.9635, 0.497, 0
1, 1.0, 0.483, 1.0, 0.5025, 1.0, 0.4395, 0.9450000000000001, 0.506, 0.8654999999999999, 0.5265, 0.927, 0.504, 0.773, 0.5015, 0.919, 0.432, 0.8775, 0.4575, 0.8545, 0.3625, 0.717, 0.4395, 0.7875, 0.299, 0.7949999999999999, 0.3895, 0.7155, 0.41300000000000003, 0.802, 0.379, 0.78, 0.309, 0
1, 0.998, 0.5325, 1.0, 0.494, 0.989, 0.5125, 0.9804999999999999, 0.5115, 0.9964999999999999, 0.539, 0.9465, 0.5515, 0.971, 0.5265, 0.944, 0.5555, 0.9305, 0.543, 0.9079999999999999, 0.5589999999999999, 0.9185, 0.572, 0.9065, 0.567, 0.8975, 0.5680000000000001, 0.8955, 0.577, 0.8855, 0.5795, 0.8545, 0.56, 0
1, 0.9804999999999999, 0.5355, 1.0, 0.5215, 1.0, 0.5465, 0.9510000000000001, 0.4745, 0.9465, 0.513, 0.9159999999999999, 0.46950000000000003, 0.9375, 0.549, 0.8825000000000001, 0.5015, 0.876, 0.4735, 0.8300000000000001, 0.4605, 0.821, 0.47050000000000003, 0.7785, 0.4615, 0.7905, 0.489, 0.7484999999999999, 0.4935, 0.7565, 0.5, 0.7605, 0.499, 0
1, 1.0, 0.7889999999999999, 1.0, 0.0, 1.0, 0.0, 1.0, 0.0, 1.0, 0.0, 1.0, 0.0, 1.0, 0.0, 1.0, 0.0, 1.0, 0.0, 1.0, 0.186, 1.0, 0.0, 1.0, 0.0, 1.0, 0.0, 1.0, 0.0, 1.0, 0.0, 1.0, 0.0, 1
0, 0.0, 0.0, 0.5, 0.5, 0.0, 1.0, 1.0, 0.3125, 0.5, 0.5, 0.5, 0.5, 0.5, 0.5, 1.0, 0.0, 0.0, 0.0, 1.0, 0.0, 0.5, 0.5, 1.0, 0.0, 0.0, 1.0, 0.0, 0.0, 0.5, 0.5, 0.0, 1.0, 1
1, 1.0, 0.5325, 1.0, 0.6035, 1.0, 0.6315, 0.9655, 0.661, 0.9339999999999999, 0.6950000000000001, 0.8775, 0.7505, 0.898, 0.7615000000000001, 0.8300000000000001, 0.804, 0.788, 0.815, 0.739, 0.8355, 0.7030000000000001, 0.844, 0.6719999999999999, 0.8605, 0.6385000000000001, 0.862, 0.5965, 0.8534999999999999, 0.557, 0.8634999999999999, 0.535, 0.857, 0
1, 0.1785, 0.0, 1.0, 0.9145, 1.0, 0.0, 1.0, 0.383, 1.0, 0.981, 1.0, 0.3115, 1.0, 0.0, 1.0, 0.569, 1.0, 0.0, 1.0, 0.483, 0.07850000000000001, 1.0, 0.769, 0.9285, 1.0, 1.0, 1.0, 0.0, 1.0, 0.0, 1.0, 0.0, 1
1, 1.0, 0.549, 1.0, 0.5609999999999999, 1.0, 0.613, 0.993, 0.546, 0.9744999999999999, 0.596, 0.9650000000000001, 0.6214999999999999, 0.946, 0.6415, 0.9275, 0.6335, 0.9185, 0.6655, 0.917, 0.6585, 0.874, 0.698, 0.881, 0.6735, 0.8425, 0.7135, 0.8140000000000001, 0.73, 0.784, 0.735, 0.7715000000000001, 0.7545, 0
1, 1.0, 0.584, 0.997, 0.5815, 0.973, 0.6665, 0.9590000000000001, 0.613, 0.9570000000000001, 0.6855, 0.921, 0.7344999999999999, 0.905, 0.746, 0.8925000000000001, 0.7415, 0.8255, 0.7849999999999999, 0.7829999999999999, 0.7905, 0.778, 0.8235, 0.7415, 0.776, 0.7165, 0.8454999999999999, 0.6785, 0.8805000000000001, 0.6695, 0.8340000000000001, 0.6105, 0.8935, 0
1, 0.9804999999999999, 0.543, 0.984, 0.5965, 0.98, 0.6375, 0.99, 0.6755, 0.9645, 0.7315, 0.9315, 0.7625, 0.9139999999999999, 0.794, 0.866, 0.8454999999999999, 0.845, 0.8654999999999999, 0.7725, 0.844, 0.7415, 0.881, 0.7030000000000001, 0.8734999999999999, 0.667, 0.919, 0.6245, 0.9305, 0.569, 0.9339999999999999, 0.545, 0.9315, 0
1, 0.9415, 0.39, 1.0, 0.6819999999999999, 0.9119999999999999, 0.596, 0.9255, 0.5295, 0.9530000000000001, 0.4785, 0.9259999999999999, 0.625, 0.8895, 0.6265000000000001, 0.846, 0.7895, 0.855, 0.6955, 0.866, 0.638, 1.0, 0.6745, 0.784, 0.76, 0.849, 0.766, 0.9045000000000001, 0.7929999999999999, 0.715, 0.8545, 0.762, 0.771, 0
1, 1.0, 0.5085, 0.981, 0.4845, 1.0, 0.483, 1.0, 0.4745, 0.995, 0.4645, 0.996, 0.455, 1.0, 0.4215, 1.0, 0.4285, 0.9915, 0.441, 1.0, 0.4075, 1.0, 0.40349999999999997, 0.995, 0.3895, 0.9824999999999999, 0.399, 0.973, 0.4145, 0.982, 0.387, 0.935, 0.3835, 0
0, 0.5, 0.5, 0.5, 0.5, 0.5, 0.5, 0.5, 0.5, 0.5, 0.5, 0.5, 0.5, 0.5, 0.5, 0.5, 0.5, 0.5, 0.5, 0.5, 0.5, 0.5, 0.5, 0.5, 0.5, 1.0, 0.0, 0.5, 0.5, 0.5, 0.5, 0.5, 0.5, 1
1, 0.642, 0.34099999999999997, 0.5, 0.5, 0.841, 0.0, 0.6535, 0.979, 0.8220000000000001, 0.532, 0.6739999999999999, 0.07600000000000001, 0.5, 0.5, 0.7955, 0.32, 0.7255, 0.09649999999999997, 0.5, 0.5, 0.5, 0.5, 0.621, 0.589, 1.0, 0.3805, 0.5305, 0.2575, 0.5815, 0.14950000000000002, 0.5, 0.5, 1
1, 1.0, 0.617, 0.9570000000000001, 0.76, 0.89, 0.8605, 0.7384999999999999, 0.921, 0.638, 0.9585, 0.5475, 0.9410000000000001, 0.39, 0.9570000000000001, 0.32899999999999996, 0.8775, 0.243, 0.8225, 0.1775, 0.723, 0.1295, 0.646, 0.14600000000000002, 0.518, 0.14150000000000001, 0.4405, 0.175, 0.359, 0.2435, 0.27749999999999997, 0.313, 0.23349999999999999, 0
1, 1.0, 0.426, 1.0, 0.5245, 0.7869999999999999, 0.492, 0.8280000000000001, 0.508, 0.9259999999999999, 0.4835, 0.8605, 0.5, 0.8445, 0.418, 0.5985, 0.426, 0.8280000000000001, 0.41400000000000003, 0.8360000000000001, 0.5165, 1.0, 0.35250000000000004, 0.6555, 0.328, 0.762, 0.39849999999999997, 0.664, 0.4835, 0.6395, 0.27849999999999997, 0.746, 0.46699999999999997, 1
1, 0.0, 0.6405000000000001, 0.611, 0.575, 0.1215, 0.14500000000000002, 0.34650000000000003, 0.856, 0.0, 1.0, 0.09150000000000003, 0.67, 0.10449999999999998, 0.487, 0.010000000000000009, 0.08500000000000002, 0.1995, 0.22899999999999998, 0.477, 0.08500000000000002, 0.9704999999999999, 0.029500000000000026, 0.0, 0.2845, 0.872, 0.546, 0.0, 0.526, 0.5915, 0.513, 0.299, 0.259, 1
1, 0.952, 0.492, 1.0, 0.54, 1.0, 0.508, 0.9650000000000001, 0.5025, 0.968, 0.492, 1.0, 0.5, 1.0, 0.532, 1.0, 0.524, 0.9570000000000001, 0.5215, 0.984, 0.5105, 0.9944999999999999, 0.492, 0.9815, 0.5265, 0.985, 0.5225, 0.9385, 0.5055, 1.0, 0.5455, 0.9895, 0.532, 0
0, 0.5, 0.5, 0.5, 0.5, 0.5, 0.5, 0.5, 0.5, 0.5, 0.5, 0.0, 0.0, 0.5, 0.5, 1.0, 0.875, 0.5, 0.5, 0.5, 0.5, 0.0, 1.0, 0.5, 0.5, 1.0, 0.0, 0.0, 0.0, 1.0, 1.0, 0.5, 0.5, 1
1, 1.0, 0.7275, 1.0, 0.27249999999999996, 1.0, 0.5455, 1.0, 0.4545, 1.0, 0.5, 1.0, 0.3635, 1.0, 0.40900000000000003, 1.0, 0.5455, 1.0, 0.5, 1.0, 0.318, 1.0, 0.5455, 1.0, 0.4545, 1.0, 0.4755, 1.0, 0.7275, 1.0, 0.3635, 1.0, 0.40900000000000003, 0
1, 0.8105, 0.182, 0.5, 0.5, 0.5, 0.5, 0.6725, 0.644, 0.714, 0.6970000000000001, 0.462, 0.7595000000000001, 0.6819999999999999, 0.657, 0.23099999999999998, 0.665, 0.5605, 0.426, 0.5095, 0.23299999999999998, 0.21200000000000002, 0.589, 0.646, 0.3635, 0.629, 0.21200000000000002, 0.716, 0.621, 0.591, 0.4885, 0.585, 0.2915, 1
0, 0.0, 1.0, 1.0, 0.0, 0.5, 0.5, 0.5, 0.5, 1.0, 0.0, 1.0, 1.0, 0.5, 0.5, 1.0, 0.0, 0.5, 0.5, 0.5, 0.5, 1.0, 1.0, 0.0, 1.0, 1.0, 0.0, 0.0, 1.0, 0.0, 0.0, 0.5, 0.5, 1
1, 0.7875, 0.484, 0.876, 0.473, 0.8075, 0.494, 0.77, 0.517, 0.8085, 0.5495, 0.7955, 0.488, 0.8135, 0.506, 0.854, 0.513, 0.8015, 0.508, 0.739, 0.486, 0.7955, 0.519, 0.75, 0.52, 0.8065, 0.494, 0.8085, 0.4325, 0.844, 0.493, 0.8125, 0.484, 0
1, 0.9405, 0.4955, 0.9490000000000001, 0.4875, 0.9704999999999999, 0.491, 0.946, 0.436, 0.911, 0.4455, 0.9445, 0.506, 0.954, 0.4315, 0.9355, 0.46950000000000003, 0.954, 0.488, 0.94, 0.427, 0.9145, 0.438, 0.9505, 0.40249999999999997, 0.9410000000000001, 0.4255, 0.9219999999999999, 0.4355, 0.942, 0.4075, 0.9585, 0.416, 0
1, 0.7135, 0.25, 0.5, 0.5, 0.5, 0.5, 0.7325, 0.755, 0.7949999999999999, 0.5105, 0.5, 0.5, 0.5, 0.5, 0.5825, 0.273, 0.796, 0.4085, 0.5, 0.5, 0.5, 0.5, 0.994, 0.29600000000000004, 0.0, 0.0, 0.3605, 0.122, 0.5, 0.5, 0.5, 0.5, 1
1, 0.899, 0.547, 0.8905000000000001, 0.6035, 0.858, 0.6405000000000001, 0.8465, 0.7065, 0.8295, 0.7505, 0.7895, 0.804, 0.746, 0.792, 0.667, 0.8395, 0.648, 0.8175, 0.548, 0.8405, 0.5105, 0.861, 0.4565, 0.8160000000000001, 0.4405, 0.8035, 0.40900000000000003, 0.78, 0.3725, 0.7585, 0.3635, 0.7125, 0
1, 0.756, 1.0, 1.0, 0.769, 0.856, 0.904, 0.728, 0.732, 0.6655, 1.0, 0.606, 1.0, 0.41300000000000003, 1.0, 0.3345, 0.9935, 0.193, 1.0, 0.2365, 0.8585, 0.057499999999999996, 0.7395, 0.0, 0.6759999999999999, 0.0, 0.548, 0.0, 0.4165, 0.0, 0.28900000000000003, 0.04049999999999998, 0.172, 0
1, 0.897, 0.6475, 0.8205, 0.7615000000000001, 0.7065, 0.841, 0.571, 0.9175, 0.416, 0.894, 0.2855, 0.8614999999999999, 0.21400000000000002, 0.7075, 0.123, 0.584, 0.15000000000000002, 0.4505, 0.21150000000000002, 0.3825, 0.297, 0.3085, 0.41300000000000003, 0.2375, 0.5075, 0.2565, 0.595, 0.3095, 0.655, 0.384, 0.673, 0.46, 0
1, 1.0, 0.4935, 1.0, 0.508, 1.0, 0.499, 1.0, 0.5315, 0.989, 0.5225, 0.98, 0.5145, 1.0, 0.5325, 0.9944999999999999, 0.517, 1.0, 0.518, 0.999, 0.547, 0.9784999999999999, 0.537, 1.0, 0.5505, 1.0, 0.544, 0.9955, 0.5425, 1.0, 0.5505, 1.0, 0.5505, 0
1, 0.942, 0.6835, 0.8355, 0.837, 0.698, 0.9319999999999999, 0.512, 0.966, 0.3245, 0.9185, 0.1985, 0.794, 0.10649999999999998, 0.694, 0.08350000000000002, 0.497, 0.15350000000000003, 0.33499999999999996, 0.2375, 0.23049999999999998, 0.363, 0.15949999999999998, 0.504, 0.15100000000000002, 0.63, 0.1965, 0.723, 0.28300000000000003, 0.771, 0.3925, 0.7815, 0.514, 0
1, 0.9505, 0.709, 0.8205, 0.8785000000000001, 0.652, 0.9755, 0.398, 0.9824999999999999, 0.22249999999999998, 0.906, 0.09050000000000002, 0.7545, 0.015000000000000013, 0.5515, 0.04249999999999998, 0.34299999999999997, 0.14900000000000002, 0.1725, 0.33799999999999997, 0.05499999999999999, 0.5295, 0.029000000000000026, 0.7225, 0.08900000000000002, 0.8705, 0.22399999999999998, 0.9470000000000001, 0.4065, 0.9395, 0.602, 0.853, 0.7745, 0