@relation segment-10-3tst.dat
@attribute Region-centroid-col real [1.0, 254.0]
@attribute Region-centroid-row real [11.0, 251.0]
@attribute Region-pixel-count real [9.0, 10.0]
@attribute Short-line-density-5 real [0.0, 0.33333334]
@attribute Short-line-density-2 real [0.0, 0.22222222]
@attribute Vedge-mean real [0.0, 29.222221]
@attribute Vegde-sd real [0.0, 991.7184]
@attribute Hedge-mean real [0.0, 44.722225]
@attribute Hedge-sd real [-1.5894573e-08, 1386.3292]
@attribute Intensity-mean real [0.0, 143.44444]
@attribute Rawred-mean real [0.0, 137.11111]
@attribute Rawblue-mean real [0.0, 150.88889]
@attribute Rawgreen-mean real [0.0, 142.55556]
@attribute Exred-mean real [-49.666668, 9.888889]
@attribute Exblue-mean real [-12.444445, 82.0]
@attribute Exgreen-mean real [-33.88889, 24.666666]
@attribute Value-mean real [0.0, 150.88889]
@attribute Saturatoin-mean real [0.0, 1.0]
@attribute Hue-mean real [-3.0441751, 2.9124804]
@attribute Class integer [1, 7]
@inputs Region-centroid-col, Region-centroid-row, Region-pixel-count, Short-line-density-5, Short-line-density-2, Vedge-mean, Vegde-sd, Hedge-mean, Hedge-sd, Intensity-mean, Rawred-mean, Rawblue-mean, Rawgreen-mean, Exred-mean, Exblue-mean, Exgreen-mean, Value-mean, Saturatoin-mean, Hue-mean
@outputs Class
@data
0.3650793650793651, 0.5420168067226891, 0.0, 0.0, 0.0, 0.010238907285815836, 0.00010185487224539947, 0.016806719435068253, 0.00028614347466105936, 0.021172219013856516, 0.01298701304393658, 0.0405007353424099, 0.008573655071748867, 0.7967145835218767, 0.23220972852754335, 0.4779874396226415, 0.0405007353424099, 0.79788357, 0.10177732938312162, 5
0.20634920634920634, 0.5504201680672269, 0.0, 0.0, 0.0, 0.04436860212931998, 0.00252933947889063, 0.10084033274486276, 0.013572977977391511, 0.012651691484173245, 0.00649350652196829, 0.02430044186818526, 0.006235385698039417, 0.8151950759289789, 0.1910112285948748, 0.5283019113207547, 0.02430044186818526, 0.76944447, 0.0811464439262835, 5
0.9642857142857143, 1.0, 0.0, 0.0, 0.0, 0.12286688497245234, 0.003938390890970646, 0.07563024451663043, 0.00393447594741769, 0.10276272123199756, 0.07873376721807006, 0.10162002649764339, 0.1270459742152463, 0.6468172527290665, 0.14856429277728692, 0.7714884905660377, 0.12002944683336195, 0.40621215, 1.0, 7
0.8214285714285714, 0.0, 0.0, 0.0, 0.0, 0.05119453335740706, 0.0007808980954979416, 0.10924369548760686, 0.02482293065640327, 0.9868319748050187, 0.9870129708846349, 0.9948453461351594, 0.9781760879758038, 0.5092402434314773, 0.4169787518551263, 0.4612159528301887, 0.9948453461351594, 0.09983583, 0.022802710550761274, 2
0.19047619047619047, 0.7899159663865546, 0.0, 0.0, 0.0, 0.19795222677491814, 0.009102586522392068, 0.28291315015417984, 0.02971883285196836, 0.3880712839061591, 0.3587662227372871, 0.46244478304532566, 0.3374902388935233, 0.5030801039364332, 0.6042446514469296, 0.15303986792452828, 0.46244478304532566, 0.31241447, 0.09044600939412967, 6
0.9642857142857143, 0.9537815126050421, 0.0, 0.9999999999999999, 0.0, 0.10238906057146988, 0.0077570374063402284, 0.11764705318833435, 0.015711860893033964, 0.06222566730366127, 0.04626623460822861, 0.043446242463577006, 0.09742790109344034, 0.7227926138934684, 0.0486891433320706, 0.8616352452830188, 0.09204712818816548, 0.59701496, 0.8827220147067455, 7
0.753968253968254, 0.5504201680672269, 0.0, 0.9999999999999999, 0.0, 0.030716724929119633, 0.0003734677650820073, 0.07563025460066371, 0.0033621842853114366, 0.032532920062987455, 0.04951298604291407, 0.03240058959940655, 0.016367888421889683, 0.983572897280842, 0.13607989909663487, 0.4486373396226415, 0.04491899768100885, 0.662037, 0.3640474336886916, 1
0.3928571428571428, 0.25630252100840334, 0.0, 0.0, 0.0, 0.15358361850225394, 0.01449734444443867, 0.08963584740719839, 0.040536986985762496, 0.18461142167657388, 0.17207791662274416, 0.23711341504334746, 0.14107559186046478, 0.7043121159422185, 0.44194755944114833, 0.22012583018867926, 0.23711341504334746, 0.4368953, 0.12829321110696018, 1
0.7341269841269841, 0.5168067226890757, 0.0, 0.9999999999999999, 0.0, 0.18430031517199, 0.006247103972685942, 0.05602243173033843, 0.0024799070577161534, 0.18616059988104106, 0.1485389647034175, 0.2481590460371204, 0.15666406838147875, 0.5133470523761532, 0.4906366578294012, 0.333333358490566, 0.2481590460371204, 0.45775157, 0.05796314026258814, 5
0.46031746031746035, 0.6554621848739496, 0.0, 0.9999999999999999, 0.0, 0.05460749037076865, 0.0015844084040427795, 0.1036414402137331, 0.0064143835845745165, 0.10172992414345233, 0.09415584420328048, 0.09131075190492818, 0.12003116539263708, 0.7720739275950904, 0.10112359656609007, 0.723270458490566, 0.11340205365683317, 0.24844901, 0.9168453524014175, 7
0.2261904761904762, 0.4579831932773109, 0.0, 0.0, 0.0, 0.13310579410127144, 0.006068707987341189, 0.0728291118376769, 0.012038449751548715, 0.1329718600456037, 0.07711038492605206, 0.21944034448129346, 0.09508962680936471, 0.39425053548566596, 0.6017477751827092, 0.2683438490566038, 0.21944034448129346, 0.6812664, 0.05515208055605836, 3
0.2698412698412699, 0.11344537815126049, 0.0, 0.0, 0.0, 0.07508534794581007, 0.0008316437389784735, 0.0504201966245312, 0.0048938035902144055, 0.4043377352234775, 0.36525973729496963, 0.4926362437950203, 0.3484021808760037, 0.4229979578519957, 0.679151029261178, 0.10901469811320752, 0.4926362437950203, 0.33601543, 0.0841646751321839, 4
0.6309523809523809, 0.6008403361344538, 0.0, 0.0, 0.0, 0.0, 0.0, 0.0, 0.0, 0.0, 0.0, 0.0, 0.0, 0.8665297756224465, 0.12858926243880547, 0.5807128113207547, 0.0, 0.0, 0.4789269663486859, 5
0.6507936507936508, 0.6008403361344538, 0.0, 0.0, 0.0, 0.006825939214434599, 9.053770122540903e-05, 0.02240896311230376, 0.0004769059091359767, 0.004905757936661749, 0.001623376593966099, 0.012518408744341614, 0.0, 0.8398357318557653, 0.16853932311576836, 0.5408805245283018, 0.012518408744341614, 1.0, 0.09574891984221695, 5
0.9285714285714286, 0.38235294117647056, 0.0, 0.0, 0.0, 0.0648464326736467, 0.00019239222207144305, 0.08963592303744795, 0.007916627500769368, 0.36044412038556534, 0.33766231868780583, 0.4263623120297326, 0.3125487143398686, 0.5626283346609381, 0.5543071036906122, 0.17610064150943394, 0.4263623120297326, 0.30700684, 0.09720297583967791, 4
0.9563492063492063, 0.3487394957983193, 0.0, 0.0, 0.0, 0.04095562422858794, 0.0009506456535549989, 0.011204480799849384, 0.00019076237009262037, 0.008262329303248004, 0.001623376593966099, 0.021354934084278833, 0.000779423194717905, 0.8131416880890842, 0.19725342712059396, 0.5199161641509433, 0.021354934084278833, 0.9777778, 0.0855439191993167, 5
0.4642857142857143, 0.5966386554621849, 0.0, 0.0, 0.0, 0.3105801657584859, 0.01692651325629661, 0.002801117754584277, 0.0008761312291481835, 0.023495998868969758, 0.02191558423769818, 0.025773195097399153, 0.022603273418448214, 0.8459958935274003, 0.1460674142658756, 0.572327066981132, 0.025773195097399153, 0.08501683, 0.056964812182930036, 5
0.33333333333333337, 0.7689075630252101, 0.0, 0.0, 0.0, 0.1092150225162782, 0.003893120874628743, 0.09523808755502226, 0.002479911049418563, 0.11696360625758656, 0.09659090668351536, 0.11045656177867039, 0.14341387315934923, 0.6694045171198597, 0.12484394422225031, 0.7882599811320754, 0.1354933752909177, 0.35213172, 0.9714258690500632, 7
0.873015873015873, 0.5042016806722689, 0.0, 0.0, 0.0, 0.0, 0.0, 0.0, 0.0, 0.0, 0.0, 0.0, 0.0, 0.8665297756224465, 0.12858926243880547, 0.5807128113207547, 0.0, 0.0, 0.4789269663486859, 5
0.8333333333333333, 0.3487394957983193, 0.0, 0.0, 0.0, 0.1058020261855134, 0.007254331279826739, 0.061624646668079104, 0.006199770541493746, 0.1089594689065676, 0.07711038492605206, 0.1649484597573751, 0.08028059375586613, 0.5852156175322236, 0.4406991213090381, 0.34381554716981133, 0.1649484597573751, 0.57665956, 0.06878773714897601, 5
0.04365079365079365, 0.7563025210084033, 0.0, 0.0, 0.0, 0.21843002045917936, 0.016523133368862353, 0.39215686076783657, 0.257719888077815, 0.17634909376759392, 0.17207791662274416, 0.19808542564001894, 0.1574434908045677, 0.7700205360590971, 0.2833957481238344, 0.41928724528301886, 0.19955816495170717, 0.2371126, 0.12599402150306455, 6
0.6746031746031746, 0.20588235294117646, 0.0, 0.0, 0.0, 0.05119453335740706, 0.0011882990305930425, 0.05322130409340155, 0.002122217429317895, 0.862122393869013, 0.8327922010325308, 0.9167894336024341, 0.8324239615768054, 0.33059549581648506, 0.6229712571364462, 0.2976939433962264, 0.9167894336024341, 0.17584375, 0.04335278240933915, 2
0.7936507936507936, 0.7647058823529412, 0.0, 0.0, 0.0, 0.06825943514775573, 0.0022926746035458884, 0.17086830181955287, 0.01602627312773061, 0.2907307177608278, 0.2767857201559601, 0.33578792978064853, 0.2564302437589947, 0.6550307966964487, 0.4307116050162019, 0.2893081886792453, 0.33578792978064853, 0.27838665, 0.10040452381418152, 6
0.08333333333333333, 0.31092436974789917, 0.0, 0.0, 0.0, 0.0887371981152957, 0.0032140895745094533, 0.08963586253324832, 0.006199776142753579, 0.12522592719522624, 0.13798701998387158, 0.1450662802277888, 0.09197193711700896, 0.9178644753159141, 0.2609238392739416, 0.3060796981132075, 0.1450662802277888, 0.39975148, 0.2155245866113804, 1
0.7301587301587301, 0.14705882352941174, 0.0, 0.0, 0.0, 0.04095547064498173, 0.001222246195467822, 0.05322150073205039, 0.005555858080815234, 0.9447457147868541, 0.945616842973889, 0.9646539251498238, 0.9228371029512984, 0.5297741587914098, 0.46691632208335265, 0.3563941509433962, 0.9646539251498238, 0.11065291, 0.05489478753240851, 2
0.047619047619047616, 0.5672268907563025, 0.0, 0.9999999999999999, 0.0, 0.0546075112581391, 0.0014486020217930552, 0.05602241156227188, 0.0047690587694482825, 0.07384456309355734, 0.05844155796719514, 0.10382916197474844, 0.056897900018771624, 0.7227926138934684, 0.2996254550772216, 0.4402515905660377, 0.10382916197474844, 0.48786426, 0.07838955117210106, 4
0.0, 0.13865546218487393, 0.0, 0.0, 0.0, 0.13310582481799269, 0.007299596407133993, 0.12044821107737105, 0.00984809962774156, 0.13064807531055228, 0.1266233804657193, 0.16715757535230064, 0.09586905624726247, 0.7885010284661993, 0.347066160277182, 0.29350107547169807, 0.16715757535230064, 0.45768142, 0.14584854563062427, 1
0.873015873015873, 0.7478991596638656, 0.0, 0.0, 0.0, 0.05119451492737431, 0.003072575855435157, 0.0504201966245312, 0.007678037653342535, 0.12057837166780393, 0.10633116390964964, 0.09351988075464004, 0.1628994407513814, 0.7145790643819385, 0.021223481953736967, 0.9161426037735849, 0.1539027889992431, 0.41042024, 0.8702590194528113, 7
0.6111111111111112, 0.15966386554621848, 0.0, 0.0, 0.0, 0.06484635895351572, 0.0017543517068246371, 0.061624576079846186, 0.003504531547969318, 0.26516912750330374, 0.260551955677338, 0.2923416694231099, 0.2408417882824072, 0.7351129427808861, 0.3333333071161063, 0.3710692075471698, 0.2923416694231099, 0.22118697, 0.10861930679595827, 4
0.6825396825396826, 0.27731092436974786, 0.0, 0.0, 0.0, 0.061433596069832376, 0.0009506353560257673, 0.06442568354871651, 0.008703479605619801, 0.9475858388097859, 0.9391234014681542, 0.976435972191193, 0.9251753491761388, 0.4579055751548468, 0.5131085666792939, 0.35220128301886794, 0.976435972191193, 0.12738518, 0.04643729785917089, 2
0.9603174603174602, 0.40756302521008403, 0.0, 0.0, 0.0, 0.3993173761604701, 0.01559078407190401, 0.08683473489631144, 0.005329302572330291, 0.1652465790936198, 0.14610389491798786, 0.2017673070562054, 0.14497272502033592, 0.6611909731524777, 0.3558052159659991, 0.4088050566037736, 0.2017673070562054, 0.36533174, 0.06975170757898602, 5
0.3015873015873016, 0.07983193277310924, 0.0, 0.0, 0.0, 0.04095563037193219, 0.0020370943587048667, 0.04761902360944458, 0.0049716099823463745, 0.7875032312162117, 0.725649364239859, 0.8689248757811128, 0.7607170144749177, 0.11088295444261276, 0.7403245426783964, 0.32494762264150945, 0.8689248757811128, 0.24233662, 0.02404158016319602, 2
0.123015873015873, 0.4453781512605042, 0.0, 0.0, 0.0, 0.030716721243113084, 0.0003734676734126076, 0.05042016637243138, 0.002003004464268469, 0.044926416806395565, 0.05357142935412801, 0.054491897978704726, 0.026500388339816418, 0.9158110893240685, 0.18851435457784524, 0.42976941509433964, 0.054491897978704726, 0.53858024, 0.24469932118476725, 1
0.861111111111111, 0.5126050420168068, 0.0, 0.0, 0.0, 0.05119453335740706, 0.0009166955858158959, 0.0224089737005387, 0.00019076255036305176, 0.06868060553619228, 0.04545454565377804, 0.11045656177867039, 0.046765390981593415, 0.6652977451361687, 0.35830211470212836, 0.400419320754717, 0.11045656177867039, 0.62726945, 0.07272359679199453, 5
0.8928571428571428, 0.13865546218487393, 0.0, 0.9999999999999999, 0.0, 0.034129677027805824, 0.0012335248317278304, 0.08123240399218809, 0.006426295532769945, 0.33333335192357405, 0.31331169388545704, 0.38438880423866856, 0.2985190966946501, 0.5934291614996058, 0.4719100858477479, 0.28301888679245285, 0.38438880423866856, 0.27198678, 0.08569130193080876, 4
0.8095238095238095, 0.19327731092436973, 0.0, 0.0, 0.0, 0.06484651868046619, 0.0005998145161366714, 0.04481794639267407, 0.0021937838248492487, 0.8528273106995294, 0.8133117011906518, 0.9212076515374988, 0.818394343931587, 0.2566735261880766, 0.6903869836861245, 0.25995809433962264, 0.9212076515374988, 0.19892381, 0.04263353188851404, 2
0.11904761904761904, 0.14285714285714285, 0.0, 0.0, 0.0, 0.13993172532935852, 0.009698844632498446, 0.1652660969658455, 0.009275815047687966, 0.15285309071582, 0.15016233238504598, 0.19072165618025289, 0.1153546378689123, 0.7905544200021924, 0.35955054159828415, 0.27044026415094335, 0.19072165618025289, 0.42816728, 0.1493347739868719, 1
0.10317460317460317, 0.43277310924369744, 0.0, 0.0, 0.0, 0.05119453335740706, 0.001324113571419339, 0.058823524073158856, 0.0016453248795085312, 0.012909889013474486, 0.0008116882969830495, 0.030927837032931983, 0.0054559625734696, 0.7700205360590971, 0.2234706616027718, 0.5199161641509433, 0.030927837032931983, 0.984127, 0.05678540789405456, 3
0.376984126984127, 0.7352941176470589, 0.0, 0.0, 0.0, 0.07167237618842227, 0.0021121078868165254, 0.05882354928324204, 0.006473900060648122, 0.10870126440592609, 0.10146103894917988, 0.07805596555187065, 0.14809040068307402, 0.7720739275950904, 0.0, 0.8930817735849056, 0.13991162636294827, 0.44266057, 0.8328836513995758, 7
0.13888888888888887, 0.27310924369747897, 0.0, 0.0, 0.0, 0.1092150225162782, 0.0028066682888076215, 0.09243697504413528, 0.011660351836376254, 0.05757810480489868, 0.027597401805215895, 0.08836524014458585, 0.05378019980420265, 0.6180698118822445, 0.2996254550772216, 0.5471698339622642, 0.08836524014458585, 0.7230108, 0.00027214525251917365, 3
0.15873015873015872, 0.5336134453781513, 0.0, 0.0, 0.0, 0.02730375562906955, 0.00362150841569396, 0.02240896311230376, 0.007630495189998597, 0.002065582325812001, 0.0008116882969830495, 0.004418262338598951, 0.000779423194717905, 0.8562628345749235, 0.14107365724305296, 0.5702306301886793, 0.004418262338598951, 0.09259259, 0.0811464439262835, 3
0.3928571428571428, 0.13025210084033612, 0.0, 0.0, 0.0, 0.06825958873136194, 0.0018560238269548185, 0.058823655165591425, 0.004792889876656396, 0.9555900528455479, 0.9529220377197885, 0.9771722755731054, 0.9353078897799565, 0.49897329499175724, 0.47815227650829906, 0.36897277358490566, 0.9771722755731054, 0.115302496, 0.04900811991484466, 2
0.7420634920634921, 0.546218487394958, 0.0, 0.0, 0.0, 0.0, 0.0, 0.0, 0.0, 0.0, 0.0, 0.0, 0.0, 0.8665297756224465, 0.12858926243880547, 0.5807128113207547, 0.0, 0.0, 0.4789269663486859, 5
0.5793650793650793, 0.6638655462184874, 0.0, 0.9999999999999999, 0.0, 0.0648463958135812, 0.0023652947964140276, 0.09243695487606875, 0.01681092400184906, 0.1365866254558211, 0.1103896086819025, 0.12371134813172793, 0.17537022056523083, 0.6180698118822445, 0.0973782787989731, 0.8867924528301887, 0.16568482941321921, 0.3961213, 0.9476177271797499, 7
0.3015873015873016, 0.49159663865546216, 0.0, 0.0, 0.0, 0.07167238847511077, 0.002714008370699563, 0.07002796403267347, 0.007235387471977606, 0.34805061806508497, 0.31168831889863374, 0.42562590260952937, 0.30085736396391694, 0.4640656961693986, 0.6104868758153441, 0.18238998113207544, 0.42562590260952937, 0.34023675, 0.07961824074019558, 4
0.08333333333333333, 0.42857142857142855, 0.0, 0.0, 0.0, 0.044368585542290506, 0.0030443279299213104, 0.1400560289056797, 0.017931640164767174, 0.10250452370269632, 0.12499999086850656, 0.11192931434514496, 0.07092751064918126, 1.0, 0.20224718301982117, 0.3207547358490566, 0.12150221265462288, 0.4513593, 0.2936158890739825, 1
0.9642857142857143, 0.3445378151260504, 0.0, 0.9999999999999999, 0.0, 0.17747448838075516, 0.011905741734238983, 0.09803919502389259, 0.03159502440732877, 0.6016008358358121, 0.5162337863942063, 0.7430044385640321, 0.5339049210006259, 0.0, 0.9987514607442998, 0.004192905660377444, 0.7430044385640321, 0.36963773, 0.05509571045978662, 2
0.10714285714285714, 0.23109243697478993, 0.0, 0.0, 0.0, 0.15699655954292047, 0.006609248825187891, 0.10924369548760686, 0.03312112499050361, 0.15775885074388382, 0.15503245734551577, 0.19808542564001894, 0.11769291215298791, 0.7885010284661993, 0.3732833947593598, 0.24947592452830192, 0.19808542564001894, 0.43824613, 0.14968148426565892, 1
0.6468253968253969, 0.7352941176470589, 0.0, 0.0, 0.0, 0.15699651653951072, 0.004806283766232397, 0.10084033274486276, 0.007557116754720188, 0.3452104522141116, 0.32954544375368955, 0.405007353424099, 0.2969602588632811, 0.6221766023464279, 0.5193508135196172, 0.1740042264150944, 0.405007353424099, 0.3072572, 0.11031570862509954, 6
0.9246031746031745, 0.4579831932773109, 0.0, 0.0, 0.0, 0.027303750714394146, 0.0010411831806085485, 0.0252100816736107, 0.001931469165386532, 0.010069713402624738, 0.0, 0.026509572706115075, 0.0023382696543018033, 0.7864476387782553, 0.21473157782406865, 0.5178197301886792, 0.026509572706115075, 1.0, 0.06937664131848287, 3
0.373015873015873, 0.3487394957983193, 0.0, 0.0, 0.0, 0.04436862055935273, 0.0008714257222563248, 0.0224089737005387, 0.002766057653059253, 0.1409759834539422, 0.11688311593439028, 0.19072165618025289, 0.1114575187386588, 0.6324435323056555, 0.4169787518551263, 0.33542979245283017, 0.19072165618025289, 0.45154575, 0.08295116066749941, 5
0.4444444444444444, 0.9705882352941176, 0.0, 0.0, 0.0, 0.1672354871017723, 0.007496318938864364, 0.2352941517548184, 0.012365570407836096, 0.16782856135797247, 0.14042206785371697, 0.14874816164397525, 0.21434137679372167, 0.5975359519637893, 0.0736579284461838, 0.9475891320754717, 0.2025036767120495, 0.3716949, 0.9339479788338646, 7
0.6984126984126984, 0.02100840336134454, 0.0, 0.0, 0.0, 0.020477891977769204, 0.0009110196610389497, 0.07563018401243078, 0.007767478827881655, 0.7875032312162117, 0.7272727538370718, 0.8681885061252687, 0.7599376411554905, 0.1232033443156556, 0.7365792282820658, 0.31865830188679245, 0.8681885061252687, 0.23989888, 0.025952845502822952, 2
0.6309523809523809, 0.7521008403361344, 0.0, 0.0, 0.0, 0.23208187062866503, 0.006398782911491635, 0.22969185614481155, 0.024000265898886312, 0.4051123208400409, 0.3774350716117283, 0.47128131832635256, 0.3616523760981332, 0.5092402434314773, 0.5667914850117143, 0.209643641509434, 0.47128131832635256, 0.28591606, 0.07953153942972374, 6
0.41666666666666663, 0.7563025210084033, 0.0, 0.0, 0.0, 0.22866891115796573, 0.009165051579162775, 0.14565818333922073, 0.017938255445776582, 0.4324812938026737, 0.397727258947019, 0.5176730705620539, 0.3756819937433517, 0.44558520376229643, 0.6704119286285433, 0.10062894339622636, 0.5176730705620539, 0.3146827, 0.08841773052245083, 6
0.6468253968253969, 0.36974789915966383, 0.0, 0.0, 0.0, 0.05460760709430937, 0.0014486023884706539, 0.039215726412916756, 0.0030521942774439197, 0.6511748381463931, 0.577110384926052, 0.7820323948303947, 0.5837879630931265, 0.06776186709434917, 0.957553036092526, 0.004192905660377444, 0.7820323948303947, 0.33041757, 0.059616162947563445, 2
0.05952380952380952, 0.40756302521008403, 0.0, 0.0, 0.0, 0.07849828898647661, 0.001976789491337807, 0.058823524073158856, 0.005877271632773679, 0.012909889013474486, 0.0040584418501749845, 0.022091310367516125, 0.011691347570028135, 0.794661195681982, 0.17852684053219997, 0.5702306301886793, 0.022091310367516125, 0.8759259, 0.010976917699089594, 3
0.3015873015873016, 0.4033613445378151, 0.0, 0.0, 0.0, 0.051194527214062806, 0.0020031479271852845, 0.08123247458042102, 0.012423401162229224, 0.11980376513721969, 0.1339285752116187, 0.13696613448478545, 0.08807481798675547, 0.9301848042033319, 0.24594257045266454, 0.31865830188679245, 0.13770251076802273, 0.3952535, 0.22964892331786638, 1
0.3412698412698413, 0.7100840336134454, 0.0, 0.0, 0.0, 0.09215012686927376, 0.002862829943760518, 0.19327723720076512, 0.018597953158016045, 0.3514071789746609, 0.3303571239419064, 0.4131074991671023, 0.30631332794034827, 0.5790554595566871, 0.5305867679445635, 0.19916147169811316, 0.4131074991671023, 0.3009182, 0.09741856106972513, 6
0.40476190476190477, 0.5294117647058824, 0.0, 0.0, 0.0, 0.017064846500250436, 0.0004640054449178897, 0.01400560289056797, 0.0009776567676739061, 0.025819778026948972, 0.015422078446249361, 0.04712812851893867, 0.013250193819167767, 0.7782340911147747, 0.2434456829524897, 0.4779874396226415, 0.04712812851893867, 0.7319224, 0.08797324623571018, 5
0.47619047619047616, 0.3991596638655462, 0.0, 0.9999999999999999, 0.0, 0.09897609495742632, 0.0018220697257621294, 0.0812324997905042, 0.017573986204161413, 0.16059902356619749, 0.16071428440978663, 0.19808542564001894, 0.12081060184534366, 0.8090349087131962, 0.35955054159828415, 0.25157233962264147, 0.19808542564001894, 0.42334643, 0.15684939403096138, 1
0.9325396825396826, 0.5294117647058824, 0.0, 0.0, 0.0, 0.023890782028678486, 0.00032819906266816557, 0.016806722460278235, 0.0002861435776727345, 0.004647560407360508, 0.0, 0.013254786353057537, 0.0, 0.8295687908082423, 0.17353308013859098, 0.5429769622641509, 0.013254786353057537, 1.0, 0.0811464439262835, 3
0.9007936507936508, 0.3907563025210084, 0.0, 0.0, 0.0, 0.030716712028096713, 0.0016736459367828875, 0.14285713637455003, 0.013141985498531438, 0.1378776270450078, 0.11931818571981992, 0.1730485922455921, 0.11847233457607685, 0.6755646935758888, 0.34207239651278665, 0.4171907924528302, 0.1730485922455921, 0.37553233, 0.0704645385942384, 5
0.4007936507936508, 0.4789915966386555, 0.0, 0.0, 0.0, 0.05802047687218263, 0.00252933947889063, 0.0420168101843089, 0.004450198361856837, 0.012393493954872005, 0.003246753260984145, 0.025773195097399153, 0.007014808822609233, 0.792607805994038, 0.19975030900279162, 0.5366876547169811, 0.025773195097399153, 0.9238095, 0.05395537456010713, 3
0.4365079365079365, 0.7983193277310925, 0.0, 0.0, 0.0, 0.17406139989982666, 0.003957950696346733, 0.15686273422310137, 0.011490365833087606, 0.14846373271769892, 0.12175325550524956, 0.13475699900768043, 0.18862042280216917, 0.6098562679148624, 0.09612983954326743, 0.897274679245283, 0.17820324611043264, 0.3819119, 0.9476529964751597, 7
0.24206349206349206, 0.8781512605042017, 0.0, 0.0, 0.0, 0.1877133237894433, 0.04663821116088997, 0.18487394504625393, 0.03920166981925314, 0.0570617097462962, 0.04788960813401292, 0.04270986883129699, 0.08106000916414624, 0.7761806995787814, 0.06991261067906682, 0.7714884905660377, 0.07658320635800289, 0.48671728, 0.8764709356885196, 7
0.8968253968253967, 0.3361344537815126, 0.0, 0.0, 0.0, 0.04436860028631671, 0.0005998121327322795, 0.05602241156227188, 0.002479910276831, 0.018332042705872742, 0.003246753260984145, 0.041237113613865145, 0.008573655071748867, 0.7453798856764584, 0.2496878848489952, 0.5010482396226414, 0.041237113613865145, 0.9398148, 0.056201536768857696, 3
0.7063492063492063, 0.7058823529411765, 0.0, 0.0, 0.0, 0.13993176833276827, 0.0076617614269038755, 0.22969189143892801, 0.04683215921484501, 0.24735347009615707, 0.2288961069083108, 0.2923416694231099, 0.21745907350088622, 0.6365503042893466, 0.4194756505912555, 0.32704403773584906, 0.2923416694231099, 0.30116582, 0.08479211532774705, 6
0.39682539682539686, 0.1638655462184874, 0.0, 0.0, 0.0, 0.09897615639086882, 0.003247665019968498, 0.06722692211001942, 0.005596285656525596, 0.4242189658936938, 0.3871753215326678, 0.5022091421044983, 0.37724084560433835, 0.4312115202998702, 0.631710357769081, 0.18029354716981127, 0.5022091421044983, 0.30477422, 0.07448303512704063, 4
0.8174603174603174, 0.09663865546218486, 0.0, 0.0, 0.0, 0.10580205075889039, 0.005289266610273689, 0.02240896563331208, 0.0032310148838994037, 0.10069714099758764, 0.07873376721807006, 0.13917525670710415, 0.08106000916414624, 0.6632443591443232, 0.34956302530544797, 0.4171907924528302, 0.13917525670710415, 0.479958, 0.06823385537081855, 5
0.5873015873015873, 0.6176470588235294, 0.0, 0.0, 0.0, 0.13310581253130419, 0.004990890964535339, 0.07002801445283985, 0.002694515465271545, 0.058869099422745146, 0.05113636322129575, 0.0810014706848198, 0.04286827535874434, 0.7864476387782553, 0.2559300755095463, 0.4486373396226415, 0.0810014706848198, 0.50308645, 0.10981513913138768, 4
0.11904761904761904, 0.9621848739495799, 0.0, 0.0, 0.0, 0.07849827669978811, 0.004708149534913772, 0.1148459305934141, 0.01097790592716302, 0.08468888023823022, 0.07142857247217067, 0.061855674065863966, 0.1215900242684326, 0.7351129427808861, 0.03370786327483914, 0.8742138490566038, 0.11487481947809411, 0.47067475, 0.8671105178660728, 7
0.8333333333333333, 0.957983193277311, 0.0, 0.0, 0.0, 0.11945390707172031, 0.004435855666774643, 0.11764705318833435, 0.01815940992337219, 0.0722953779177499, 0.05600649183436288, 0.06406480291557583, 0.0966484786703514, 0.716632450373784, 0.10486891320961161, 0.7735849245283019, 0.09131075190492818, 0.4459687, 0.9397598155284803, 7
0.1984126984126984, 0.6680672268907564, 0.0, 0.0, 0.0, 0.034129695457838574, 0.0013916029057610764, 0.04761904176070447, 0.002508866214874628, 0.1773818838847989, 0.14691557510620473, 0.16789396489032427, 0.21667965809260611, 0.5708418971088126, 0.12484394422225031, 0.8888889245283018, 0.2047128188165477, 0.34911168, 0.9734972991544676, 7
0.3134920634920635, 0.6176470588235294, 0.0, 0.0, 0.0, 0.17406141832985939, 0.0034970189264003806, 0.07282914208977673, 0.01135035944636375, 0.14665634304125, 0.12256494299866116, 0.19219440211933428, 0.1215900242684326, 0.63039014631381, 0.39700374174136277, 0.3710692075471698, 0.19219440211933428, 0.41915956, 0.07197190687614508, 4
0.6309523809523809, 0.3277310924369748, 0.0, 0.0, 0.0, 0.2866893880301484, 0.01563397991529564, 0.008403368793164074, 0.0017955375986175833, 0.02168861476959302, 0.021103895283247603, 0.025036818151422547, 0.01870615709411825, 0.8542094467350286, 0.15106117128869823, 0.5555555773584906, 0.025036818151422547, 0.0976431, 0.1198745423490794, 5
0.18253968253968253, 0.2857142857142857, 0.0, 0.0, 0.0, 0.10921501022958968, 0.005658605066133819, 0.05882352911517549, 0.008512766365657967, 0.03769687622608447, 0.01298701304393658, 0.06995581318147413, 0.027279811464386235, 0.6652977451361687, 0.30212234257739645, 0.49475893773584906, 0.06995581318147413, 0.8424523, 0.034537984575333525, 3
0.46031746031746035, 0.11344537815126049, 0.0, 0.0, 0.0, 0.04778154316998652, 0.0017836721948712988, 0.04481788387166777, 0.006876384702251191, 0.8703847287493333, 0.8279220906824505, 0.9388807220995529, 0.8386593970799876, 0.2279260668607621, 0.6953807249786108, 0.28092245283018863, 0.9388807220995529, 0.19997217, 0.03774302719192402, 2
0.2222222222222222, 0.05882352941176471, 0.0, 0.0, 0.0, 0.047781696753592735, 0.001533470652056968, 0.019607863206458378, 0.002110004880178107, 0.7823392806301869, 0.7142857247217068, 0.8703976813667328, 0.7544816912086767, 0.06570846262201135, 0.7727839678211252, 0.3165618679245283, 0.8703976813667328, 0.25541002, 0.023693958238647117, 2
0.36111111111111105, 0.7521008403361344, 0.0, 0.0, 0.0, 0.3378840196810634, 0.005569518604564396, 0.13165267120495222, 0.02082542611423222, 0.3736122083226091, 0.34577920823231156, 0.4432989731715834, 0.32657833198508707, 0.5195071733907048, 0.5767790125405049, 0.18238998113207544, 0.4432989731715834, 0.3036015, 0.08909470347107223, 6
0.8214285714285714, 0.24789915966386555, 0.0, 0.0, 0.9999999999999999, 0.136518808862069, 0.005566409484091647, 0.442577027140268, 0.022288921995696685, 0.2561322000350798, 0.24594156618553922, 0.2945507982728218, 0.22525329773177555, 0.6960985719748364, 0.388264641108728, 0.31865830188679245, 0.2945507982728218, 0.27335805, 0.10656109555510013, 4
0.123015873015873, 0.36974789915966383, 0.0, 0.0, 0.0, 0.09556314163007129, 0.0038471847273157727, 0.12324929333615821, 0.0072671453275835645, 0.10792667878936263, 0.08198051719171658, 0.15758469029760905, 0.08028059375586613, 0.63039014631381, 0.4082396961663092, 0.35220128301886794, 0.15758469029760905, 0.54147977, 0.07770729827510925, 5
0.23015873015873015, 0.4411764705882353, 0.0, 0.0, 0.0, 0.04436862055935273, 0.0011907294002740365, 0.039215665908717105, 0.0022164624245600436, 0.16318100583055015, 0.1412337699575181, 0.20839470023273418, 0.13639906433674, 0.64065709475353, 0.3995005955336744, 0.3563941509433962, 0.20839470023273418, 0.39214933, 0.07913643595508091, 5
0.123015873015873, 0.3907563025210084, 0.0, 0.9999999999999999, 0.0, 0.09556315391675979, 0.0029424733571292833, 0.15406165700633084, 0.03245346125666518, 0.14071778592464093, 0.14772726259961638, 0.1649484597573751, 0.10833982904630306, 0.8685831636471462, 0.287141062520165, 0.312369, 0.1649484597573751, 0.38036656, 0.1835203315047872, 1
0.4801587301587301, 0.592436974789916, 0.0, 0.0, 0.0, 0.0, 0.0, 0.0, 0.0, 0.0, 0.0, 0.0, 0.0, 0.8665297756224465, 0.12858926243880547, 0.5807128113207547, 0.0, 0.0, 0.4789269663486859, 5
0.4007936507936508, 0.773109243697479, 0.0, 0.9999999999999999, 0.0, 0.12627985672984013, 0.004809811815861721, 0.103641455339783, 0.02444142305478547, 0.05938548751000736, 0.04626623460822861, 0.04565537595246409, 0.0865159731405776, 0.7453798856764584, 0.0736579284461838, 0.7966457358490566, 0.08173784696805708, 0.5016835, 0.8942998209185857, 7
0.08333333333333333, 0.5504201680672269, 0.0, 0.0, 0.0, 0.023890785714685035, 0.00032819906266816557, 0.04761904377751113, 0.0024083738190677183, 0.03511489884166999, 0.04788960813401292, 0.03829160450448008, 0.019485579517207186, 0.9507186807542303, 0.153558050923705, 0.4528302132075471, 0.043446242463577006, 0.57473546, 0.321342975759909, 1
0.5634920634920635, 0.7394957983193278, 0.0, 0.0, 0.0, 0.1194538947850318, 0.006259451535259245, 0.31372546844620275, 0.022617101740768544, 0.39142784481573495, 0.36444805710675277, 0.46170841338948143, 0.34294621689957233, 0.5195071733907048, 0.5842696525691207, 0.169811320754717, 0.46170841338948143, 0.29995137, 0.09074069888663361, 6
0.7301587301587301, 0.07142857142857142, 0.0, 0.0, 0.0, 0.05802036936365828, 0.001190734411534553, 0.0728289757032277, 0.008330167870401011, 0.8541182913746953, 0.8108766167948326, 0.9189985425699666, 0.8269679905855654, 0.2279260668607621, 0.6729088161287182, 0.31865830188679245, 0.9189985425699666, 0.19951321, 0.03184448918683663, 2
0.5515873015873016, 0.08403361344537813, 0.0, 0.0, 0.0, 0.0887371735419187, 0.0011769822293062975, 0.06162467187816229, 0.007630490039414842, 0.8840691908309587, 0.8555195019844195, 0.9359352434761763, 0.8565861268406507, 0.32854212830513196, 0.6142321565038114, 0.3144654339622642, 0.9359352434761763, 0.17071788, 0.04005196000989891, 2
0.06349206349206349, 0.3319327731092437, 0.0, 0.0, 0.0, 0.06484640810026972, 0.0011430384561993065, 0.0336134459289598, 0.0014307180171282661, 0.019623031746646997, 0.0040584418501749845, 0.04565537595246409, 0.007014808822609233, 0.7412731063005704, 0.2659175918023825, 0.4779874396226415, 0.04565537595246409, 0.9261464, 0.06786539854208845, 3
0.6944444444444444, 0.5042016806722689, 0.0, 0.0, 0.0, 0.027303750714394146, 0.0013127962506726623, 0.039215688597791974, 0.0013353364168161407, 0.04156984404554126, 0.05519480287991231, 0.04418262007229293, 0.025720965916727484, 0.9548254601301183, 0.15230961166799933, 0.45073377358490563, 0.05007363564010577, 0.515873, 0.3260656616658465, 1
0.9642857142857143, 0.6932773109243697, 0.0, 0.0, 0.0, 0.061433479346291654, 0.0015779298220021654, 0.05042016637243138, 0.003591074553412197, 0.12884069957678387, 0.1103896086819025, 0.11266568400098907, 0.163678877204088, 0.6796714655595798, 0.07865168434541099, 0.8553459245283019, 0.15463917853726672, 0.35206997, 0.9218810176929552, 7
0.3412698412698413, 0.4369747899159664, 0.0, 0.0, 0.0, 0.1023890912881911, 0.005568064116756014, 0.21008404335851955, 0.027112109537464697, 0.15362768330372376, 0.15584415944931687, 0.18556700894280553, 0.11769291215298791, 0.8275154011202982, 0.3295880151916845, 0.28301888679245285, 0.18556700894280553, 0.3973624, 0.17133225442589772, 1
0.9246031746031745, 0.32352941176470584, 0.0, 0.0, 0.0, 0.03754265861454441, 0.0007356185760949367, 0.04761904881952777, 0.002122231271511735, 0.01936483352021173, 0.003246753260984145, 0.04270986883129699, 0.0101325013208885, 0.7371663287727317, 0.25218476111321564, 0.5052411132075472, 0.04270986883129699, 0.93849206, 0.047880983886091355, 3
0.8968253968253967, 0.4705882352941176, 0.0, 0.0, 0.0, 0.010238907285815836, 0.00023766137060969654, 0.022408960591295442, 0.0013353365455807346, 0.004905757936661749, 0.0, 0.013254786353057537, 0.000779423194717905, 0.8275154011202982, 0.1722846397592899, 0.5471698339622642, 0.013254786353057537, 1.0, 0.07566540169486335, 3
0.8888888888888888, 0.25630252100840334, 0.0, 0.0, 0.0, 0.07849828898647661, 0.0025011031953905446, 0.07002800436880657, 0.009275818266802812, 0.031500129248648465, 0.011363636596074377, 0.06259205034910124, 0.01792673396954843, 0.702258729950373, 0.29463170254878074, 0.4696016981132075, 0.06259205034910124, 0.84168977, 0.05791364549477007, 3
0.4087301587301587, 0.7647058823529412, 0.0, 0.0, 0.0, 0.19795218991485264, 0.005821494866956686, 0.14565827913753684, 0.014018121685116484, 0.4190550013649884, 0.3879870017208847, 0.49779089103246765, 0.3655494741839602, 0.478439435073302, 0.6342072115613926, 0.1278826226415094, 0.49779089103246765, 0.30846536, 0.09000255070887098, 6
0.1746031746031746, 0.9537815126050421, 0.0, 0.0, 0.0, 0.0648464203869582, 0.0025293402428022945, 0.10924371061365677, 0.011734940015013951, 0.09243480611726743, 0.07061688497875905, 0.08394698244516213, 0.12236944669152154, 0.6673511311280143, 0.10861423210032403, 0.8176100754716981, 0.11561119576133141, 0.44550914, 0.955304743235921, 7
0.4722222222222222, 0.7605042016806723, 0.0, 0.9999999999999999, 0.0, 0.20819109290032753, 0.006292514548774033, 0.2997198907657179, 0.016026279565960307, 0.4239607753357328, 0.3904220642011196, 0.5066273600395629, 0.36866718492074246, 0.4579055751548468, 0.6554306935151295, 0.11320754716981135, 0.5066273600395629, 0.3126096, 0.08854182830177676, 6
0.6666666666666666, 0.5546218487394958, 0.0, 0.0, 0.0, 0.0, 0.0, 0.0, 0.0, 0.0, 0.0, 0.0, 0.0, 0.8665297756224465, 0.12858926243880547, 0.5807128113207547, 0.0, 0.0, 0.4789269663486859, 5
0.876984126984127, 0.73109243697479, 0.0, 0.0, 0.0, 0.030716721243113084, 0.0010682636046479685, 0.12044816065720468, 0.013396511895917002, 0.0903692258828575, 0.08441557967195146, 0.0648011791988131, 0.12314886209980162, 0.7885010284661993, 0.021223481953736967, 0.8406708867924528, 0.1163475654171755, 0.44541803, 0.8281727029328214, 7
0.007936507936507936, 0.7478991596638656, 0.0, 0.0, 0.0, 0.12627991201993835, 0.01187175316535201, 0.591036333074409, 0.7377975588808295, 0.18435322414727265, 0.1712662364345273, 0.21870397482544937, 0.16056118751173226, 0.7002053439585274, 0.34956302530544797, 0.37945494339622643, 0.21870397482544937, 0.27147257, 0.07989169648349742, 6
0.1349206349206349, 0.7478991596638656, 0.0, 0.0, 0.0, 0.1194538947850318, 0.00752593762746821, 0.29411764557587744, 0.13899419400446297, 0.21869352342969864, 0.20779221016402427, 0.2518409407080932, 0.1940763727489829, 0.7043121159422185, 0.35205992404157727, 0.3710692075471698, 0.2518409407080932, 0.2663022, 0.09521044107890991, 6
0.2579365079365079, 0.09663865546218486, 0.0, 0.0, 0.0, 0.06825939214434598, 0.003737762937248904, 0.02801122594920249, 0.0037581916815497074, 0.3782597638500314, 0.33766231868780583, 0.4661266710889052, 0.32424003665658496, 0.4209445903406426, 0.6704119286285433, 0.1257862075471698, 0.4661266710889052, 0.34747013, 0.08112276012909664, 4
0.8968253968253967, 0.037815126050420166, 0.0, 0.0, 0.0, 0.06484635895351572, 0.0014992688601463222, 0.04201680362968727, 0.004846527412050563, 0.8714175328092187, 0.8327922010325308, 0.93151695926718, 0.8448947203462285, 0.2566735261880766, 0.6529338172509092, 0.3228511698113207, 0.93151695926718, 0.18889166, 0.03297910830788481, 2
0.9444444444444444, 0.2857142857142857, 0.0, 0.0, 0.0, 1.0, 0.12486275792216883, 0.7142857070828333, 1.0, 0.22850505742850682, 0.17775974368701505, 0.30338734680863516, 0.1979734848644276, 0.3983572889888646, 0.5667914850117143, 0.3228511698113207, 0.30338734680863516, 0.48906165, 0.044699568088827635, 3
0.9047619047619048, 0.7100840336134454, 0.0, 0.9999999999999999, 0.0, 0.06825938600100175, 0.001584408709607445, 0.09803920510792588, 0.008131241380819998, 0.09656596658608727, 0.07061688497875905, 0.08689248757811127, 0.13172252979820637, 0.6344969367779935, 0.10362047395390596, 0.8595388113207547, 0.1244477244149652, 0.48688295, 0.9514476649808186, 7
0.9246031746031745, 0.773109243697479, 0.0, 0.0, 0.0, 0.11604093531433252, 0.006398775883504327, 0.1512604386130945, 0.011192562299529623, 0.33694810339111086, 0.3125000136972401, 0.39543446836940743, 0.2985190966946501, 0.5585215811577395, 0.5106117128869824, 0.25366877358490564, 0.39543446836940743, 0.29058507, 0.08367240541342846, 6
0.49603174603174605, 0.5546218487394958, 0.0, 0.0, 0.0, 0.09215016372933925, 0.0003734676734126076, 0.044817923199397536, 0.003910628680253048, 0.0291763486964012, 0.00649350652196829, 0.06259205034910124, 0.015588464595838982, 0.6837782375432708, 0.3058676569737271, 0.4696016981132075, 0.06259205034910124, 0.915376, 0.05018520653429692, 3
0.5396825396825397, 0.5126050420168068, 0.0, 0.0, 0.0, 0.04095563037193219, 0.0013580648308606379, 0.058823524073158856, 0.0013591806580128274, 0.044926416806395565, 0.05681818078881346, 0.05228276912899286, 0.025720965916727484, 0.940451745250855, 0.17727840015289886, 0.4234801132075472, 0.054491897978704726, 0.5582011, 0.2742511922142413, 1
0.9603174603174602, 0.7647058823529412, 0.0, 0.0, 0.0, 0.12627985672984013, 0.006799654113021097, 0.19607841021585176, 0.023378119805153415, 0.11283242487474593, 0.09740259417692698, 0.09425625703787734, 0.1473109852747939, 0.7084189064064019, 0.06242197402123742, 0.8532495094339623, 0.13917525670710415, 0.37887058, 0.9009624700130271, 7
0.3849206349206349, 0.5084033613445379, 0.0, 0.0, 0.0, 0.027303750714394146, 0.001176990173987604, 0.0280112007391193, 0.00505520395667844, 0.005163955465962989, 0.0008116882969830495, 0.013254786353057537, 0.000779423194717905, 0.8316221804961863, 0.17103620050358423, 0.5450733999999999, 0.013254786353057537, 0.9814815, 0.0811464439262835, 3
0.07142857142857142, 0.5168067226890757, 0.0, 0.0, 0.0, 0.04095563037193219, 0.0002716133603505462, 0.03081232635924953, 0.001549944051783969, 0.02065582256098598, 0.008116883700349969, 0.04270986883129699, 0.009353078897799565, 0.7638603780835606, 0.24594257045266454, 0.4884696226415094, 0.04270986883129699, 0.8292328, 0.07379633795696006, 5
0.4563492063492063, 0.5294117647058824, 0.0, 0.0, 0.0, 0.013651877814534774, 0.00022634415375500624, 0.0336134459289598, 0.0011445739243971561, 0.02168861476959302, 0.011363636596074377, 0.041973491222581066, 0.0101325013208885, 0.7802874808027187, 0.23720349229193863, 0.4863731886792453, 0.041973491222581066, 0.77248675, 0.08481669177807577, 5
0.29761904761904756, 0.7899159663865546, 0.0, 0.0, 0.0, 0.16382259520785977, 0.005689301175748665, 0.23529407612456887, 0.019480891978094567, 0.39736639496100373, 0.3693181893724173, 0.47054491553354255, 0.34684331498539933, 0.5092402434314773, 0.6004993482865535, 0.15303986792452828, 0.47054491553354255, 0.30349702, 0.0913129655209875, 6
0.7261904761904762, 0.44957983193277307, 0.0, 0.0, 0.0, 0.8873720425863996, 0.5570331101010297, 0.058823524073158856, 0.006795903611975622, 0.38394010949465873, 0.3660714174831865, 0.4396170983827902, 0.3421668014912922, 0.5913757755077602, 0.5081148590946708, 0.22431866037735848, 0.4396170983827902, 0.26555753, 0.09772289881320817, 4
0.20634920634920634, 0.4831932773109244, 0.0, 0.0, 0.0, 0.04095562422858794, 0.0009506461119019973, 0.0252100816736107, 0.0010730386898975162, 0.009811515873323498, 0.0, 0.02430044186818526, 0.0038971163243299665, 0.7885010284661993, 0.20474406377842336, 0.5324947811320755, 0.02430044186818526, 1.0, 0.05540312500771577, 3
0.5317460317460317, 0.34033613445378147, 0.0, 0.0, 0.0, 0.4948804133536892, 0.13681377395065503, 0.05042016637243138, 0.001144572250457436, 0.10741028373076016, 0.08522727447055783, 0.15022090758305665, 0.08339828344822187, 0.6591375871606322, 0.3732833947593598, 0.3815513962264151, 0.15022090758305665, 0.53354967, 0.07756097913033927, 5
0.3214285714285714, 0.7857142857142857, 0.0, 0.0, 0.0, 0.14675765041410135, 0.0045740246750189915, 0.24369750441352925, 0.019374213087375792, 0.4167312445152981, 0.3879870017208847, 0.49042709506312887, 0.36632888959224036, 0.49691992748040414, 0.6079899995511235, 0.15303986792452828, 0.49042709506312887, 0.2963139, 0.0894691429751141, 6
0.4563492063492063, 0.5714285714285715, 0.0, 0.0, 0.0, 0.03754265861454441, 0.0003281989098858328, 0.039215688597791974, 0.0036244844587573445, 0.04725019457010673, 0.0397727288167798, 0.07290132494181646, 0.027279811464386235, 0.792607805994038, 0.27091135556677776, 0.4171907924528302, 0.07290132494181646, 0.64367795, 0.14021487870458177, 1
0.373015873015873, 0.4369747899159664, 0.0, 0.0, 0.0, 0.023890785714685035, 0.0004640055365872894, 0.016806722460278235, 0.0011445741175440472, 0.04725019457010673, 0.05681818078881346, 0.05670102682841659, 0.028059235290436933, 0.9219712528437528, 0.18851435457784524, 0.4234801132075472, 0.057437409739047054, 0.53858024, 0.24904836527670443, 1
0.5119047619047619, 0.31512605042016806, 0.0, 0.0, 0.0, 0.08532425093128493, 0.003723363202381253, 0.08403364255349101, 0.016596330724133444, 0.16937775350512016, 0.17207791662274416, 0.20765832394949688, 0.1262665588069662, 0.8254620132804035, 0.36579273225883524, 0.22431866037735848, 0.20765832394949688, 0.42459705, 0.16538840002940053, 1
0.8968253968253967, 0.7563025210084033, 0.0, 0.0, 0.0, 0.0887372104019842, 0.0018964336233946665, 0.11764702797825115, 0.007678035078050658, 0.34314484409434065, 0.32142856881957327, 0.4013254852626989, 0.3024161947804771, 0.5770020550843491, 0.5106117128869824, 0.23480084905660376, 0.4013254852626989, 0.28958246, 0.09137970558779973, 6
0.07539682539682539, 0.3319327731092437, 0.0, 0.0, 0.0, 0.04095570654940087, 0.0001358056091711201, 0.039215726412916756, 0.003624484008081266, 0.7911180105691096, 0.7735389263511451, 0.8519882411488348, 0.7435697351965788, 0.44558520376229643, 0.6367040653537042, 0.15723271698113206, 0.8519882411488348, 0.17969723, 0.08049697229147668, 2
0.5198412698412699, 0.4789915966386555, 0.0, 0.0, 0.0, 0.08873712439516473, 0.00864634547562775, 0.10644258801873653, 0.008488941696679545, 0.4619158469997164, 0.4464285596880798, 0.5243004637385827, 0.41075603785639786, 0.5811088270680402, 0.5617977437192279, 0.14465413207547168, 0.5243004637385827, 0.2598418, 0.10606379279203476, 4
0.876984126984127, 0.7521008403361344, 0.0, 0.0, 0.0, 0.12286684811238685, 0.003155859338439665, 0.10364147550784956, 0.00944436275046323, 0.3268784067197028, 0.3068181793277745, 0.3829160649269804, 0.28682774631869845, 0.5954825474914514, 0.4956304553016598, 0.24109016981132075, 0.3829160649269804, 0.29222646, 0.09430107443150809, 6
0.5753968253968254, 0.7184873949579832, 0.0, 0.0, 0.0, 0.13993178061945677, 0.005210222225875418, 0.1484593916484238, 0.010284762255492132, 0.3038988056978716, 0.29464287423179486, 0.34830633985046877, 0.2657833198508708, 0.6858316235351164, 0.4307116050162019, 0.257861679245283, 0.34830633985046877, 0.27866945, 0.11442683216582533, 6
0.8888888888888888, 0.5042016806722689, 0.0, 0.0, 0.0, 0.0, 0.0, 0.0, 0.0, 0.0, 0.0, 0.0, 0.0, 0.8665297756224465, 0.12858926243880547, 0.5807128113207547, 0.0, 0.0, 0.4789269663486859, 5
0.3412698412698413, 0.7100840336134454, 0.0, 0.0, 0.0, 0.09215012686927376, 0.002862829943760518, 0.19327723720076512, 0.018597953158016045, 0.3514071789746609, 0.3303571239419064, 0.4131074991671023, 0.30631332794034827, 0.5790554595566871, 0.5305867679445635, 0.19916147169811316, 0.4131074991671023, 0.3009182, 0.09741856106972513, 6
0.17857142857142858, 0.3277310924369748, 0.0, 0.0, 0.0, 0.034129695457838574, 0.0005259762508419452, 0.18207281740931705, 0.024709410502812862, 0.09914794885043994, 0.07467532244581719, 0.146539019539477, 0.07248636251016796, 0.6447638667372211, 0.3945068430052335, 0.36058701886792455, 0.146539019539477, 0.5488248, 0.07869335712222303, 5
0.9722222222222222, 0.1638655462184874, 0.0, 0.0, 0.0, 0.027303648120545195, 0.000831644258438405, 0.039215726412916756, 0.0022164505138351116, 0.8448231942625313, 0.7978895876794675, 0.9204712818816547, 0.8098206762331823, 0.20328541647812337, 0.7253432738571193, 0.25576524528301886, 0.9204712818816547, 0.21353829, 0.03975962560227969, 2
0.42460317460317454, 0.4831932773109244, 0.0, 0.0, 0.0, 0.051194527214062806, 0.0006450808351461212, 0.03361343937433817, 0.0022891477844120154, 0.050864962071726166, 0.06412337772627127, 0.054491897978704726, 0.03429462168995723, 0.9486653021545818, 0.15980024607863785, 0.4444444660377358, 0.05891016230552164, 0.45030865, 0.3053961319250179, 1
0.031746031746031744, 0.42436974789915966, 0.0, 0.0, 0.0, 0.020477814571631673, 0.0012883738725465946, 0.02521008621142567, 0.0011754539917667917, 0.003098373488718001, 0.0, 0.00810014706848198, 0.000779423194717905, 0.8418891178476109, 0.1548064890558152, 0.5618448867924528, 0.00810014706848198, 0.6666667, 0.07022219276255826, 3
0.7619047619047619, 0.44957983193277307, 0.0, 0.0, 0.0, 0.02730375562906955, 0.00036215059711766347, 0.02240896563331208, 0.0010491930322902973, 0.04363542427995118, 0.05519480287991231, 0.050810013248821694, 0.024941542792157666, 0.938398355562911, 0.17602995977359776, 0.42767298113207547, 0.05154639085753762, 0.5438712, 0.2745288263339514, 1
0.15079365079365079, 0.19327731092436973, 0.0, 0.0, 0.0, 0.07167227175157005, 0.0022081672118296793, 0.07002809512510605, 0.005153570449040768, 0.8613478500804911, 0.8198051719171657, 0.9212076515374988, 0.8378799115236192, 0.23819303378097445, 0.6491884691467151, 0.3480084150943396, 0.9212076515374988, 0.1924883, 0.02765205823972977, 2
0.2579365079365079, 0.08823529411764705, 0.0, 0.0, 0.0, 0.05802044615546138, 0.003247669909003148, 0.08963589278534814, 0.008440013726305704, 0.8799380443048194, 0.8409091124926208, 0.9425626366527051, 0.8511301558494105, 0.25051338669303247, 0.6679150748362317, 0.30398324528301884, 0.9425626366527051, 0.19062504, 0.03568745592525108, 2
0.5674603174603174, 0.638655462184874, 0.0, 0.0, 0.0, 0.19112628326014258, 0.04123992702260204, 0.9411764053386081, 0.17540613640548486, 0.27498063361675085, 0.24837662136057936, 0.31664213316169265, 0.2564302437589947, 0.5646817206527837, 0.40948812306246496, 0.4171907924528302, 0.318851242129225, 0.28153613, 0.018294356361948427, 6
0.9166666666666666, 0.2226890756302521, 0.0, 0.0, 0.0, 0.061433522349701404, 0.002444526644734661, 0.039215665908717105, 0.0013353286265582124, 0.6470436219068512, 0.564123355810687, 0.7864506392750321, 0.5791114706434459, 0.00205336751135321, 1.0, 0.0, 0.7864506392750321, 0.3492103, 0.05559299423023195, 2
0.4484126984126984, 0.5336134453781513, 0.0, 0.0, 0.0, 0.020477814571631673, 0.0002716130700641139, 0.016806722460278235, 0.001144574310690938, 0.005422153692398255, 0.0, 0.015463918516465992, 0.0, 0.8234086272885579, 0.1810237145492295, 0.5366876547169811, 0.015463918516465992, 1.0, 0.0811464439262835, 3
0.0, 0.6722689075630253, 0.0, 0.0, 0.0, 0.1194539316450973, 0.0037238582171395685, 0.18487394504625393, 0.020131974695182013, 0.3191324808406656, 0.2995129845818751, 0.37334314010792974, 0.28059235290436935, 0.6016427239474803, 0.48439447840480454, 0.25366877358490564, 0.37334314010792974, 0.28798285, 0.09282058070695465, 6
0.29761904761904756, 0.73109243697479, 0.0, 0.0, 0.0, 0.18088739256135622, 0.023415293823190565, 0.31372543819410287, 0.20678642846933665, 0.2269558652813591, 0.2134740153127109, 0.2628866048388321, 0.2018706180242987, 0.6817248515514254, 0.36828963099496453, 0.3668763396226415, 0.2628866048388321, 0.27036038, 0.08287925460803691, 6
0.9444444444444444, 0.5630252100840336, 0.0, 0.0, 0.0, 0.02389078755768831, 0.0004640058115954885, 0.02521008621142567, 0.0007868947903132971, 0.02840175819989956, 0.03896103986232922, 0.033136965882643844, 0.013250193819167767, 0.9363449677230162, 0.15980024607863785, 0.45702308867924524, 0.03608247565476822, 0.65555555, 0.29669553101751256, 1
0.6587301587301587, 0.24789915966386555, 0.0, 0.0, 0.0, 0.05119453335740706, 0.0018673414227096943, 0.019607863206458378, 0.0006915166666452059, 0.38368191196535745, 0.37662338411831664, 0.43004418681852585, 0.3413873720533945, 0.6735112891035508, 0.46067413142280156, 0.22012583018867926, 0.43004418681852585, 0.24982914, 0.1165562467392045, 4
0.8650793650793651, 0.4747899159663865, 0.0, 0.0, 0.0, 0.013651875357197073, 9.05376828915291e-05, 0.022408961599698768, 0.0004769058125625313, 0.006196746977436002, 0.0, 0.01620029413696396, 0.00155884638943581, 0.8172484619208245, 0.1810237145492295, 0.5429769622641509, 0.01620029413696396, 1.0, 0.06835204644531273, 3
0.9523809523809523, 0.6428571428571429, 0.0, 0.9999999999999999, 0.0, 0.02389078878635716, 0.001631797816905469, 0.16246501974907496, 0.006741097537892201, 0.13813582457430906, 0.1103896086819025, 0.1244477244149652, 0.1792673326806755, 0.6057494959311713, 0.09363295878466524, 0.9056603773584906, 0.16936671082940566, 0.40952933, 0.9461086495620399, 7
0.7142857142857143, 0.7352941176470589, 0.0, 0.9999999999999999, 0.0, 0.22525591482720098, 0.006245621984057652, 0.08963579698703203, 0.007991556261757817, 0.3377226959790146, 0.31980520844313953, 0.39690722093588204, 0.29228371029512984, 0.6078028819230168, 0.5143570160473586, 0.197065, 0.39690722093588204, 0.30452195, 0.10419203210208605, 6
0.07142857142857142, 0.995798319327731, 0.0, 0.0, 0.0, 0.11262798813032172, 0.0025463715005703213, 0.08403362238542446, 0.010301162357988749, 0.0937258007351139, 0.07711038492605206, 0.08026509440158251, 0.12392829855250823, 0.706365501934064, 0.08364544473901996, 0.8197065283018867, 0.11708395495519916, 0.40343738, 0.9236726865042052, 7
0.28174603174603174, 0.4453781512605042, 0.0, 0.0, 0.0, 0.09556311705669429, 0.0029424766266712057, 0.030812323334039552, 0.004983667498915158, 0.009295120814721017, 0.001623376593966099, 0.023564064922208652, 0.00155884638943581, 0.8049281348814559, 0.20349562339912225, 0.5178197301886792, 0.023564064922208652, 0.96825397, 0.0811464439262835, 3
0.7857142857142857, 0.7647058823529412, 0.0, 0.0, 0.0, 0.15699660254633022, 0.006234538848070712, 0.23249296865569855, 0.023130554421711767, 0.2871159314365897, 0.2735389482667293, 0.33136965882643843, 0.25331253302221246, 0.6591375871606322, 0.4257178412518067, 0.29350107547169807, 0.33136965882643843, 0.27987626, 0.09987200873356639, 6
0.373015873015873, 0.3067226890756302, 0.0, 0.0, 0.0, 0.09215018830271625, 0.0039044359341968934, 0.08123246953840438, 0.0147125665230083, 0.16627937618216504, 0.17207791662274416, 0.19882179529586305, 0.1262665588069662, 0.8501026710552392, 0.3358302058522356, 0.24947592452830192, 0.19882179529586305, 0.39879107, 0.17526023213160064, 1
0.46825396825396826, 0.5252100840336135, 0.0, 0.0, 0.0, 0.03754266230055096, 0.0012788452662395628, 0.05042017141444802, 0.0028614351329043753, 0.04363542427995118, 0.05681818078881346, 0.04786450679039391, 0.026500388339816418, 0.9507186807542303, 0.16104868533434352, 0.4402515905660377, 0.05301914541223015, 0.52954143, 0.3033199555648662, 1
0.4563492063492063, 0.7142857142857143, 0.0, 0.9999999999999999, 0.0, 0.11262798198697747, 0.003797426577165146, 0.1512605344114106, 0.0132293065640327, 0.3268784067197028, 0.3141233740736739, 0.3770250414062957, 0.28604833091041837, 0.6509240247127577, 0.46566789518719687, 0.23480084905660376, 0.3770250414062957, 0.28328654, 0.10874410730222556, 6
0.13888888888888887, 0.21008403361344535, 0.0, 0.0, 0.0, 0.037542634041167415, 0.0014992632377564745, 0.02801122594920249, 0.0017522540885977662, 0.7603924557828802, 0.6948052175746329, 0.8505155018371464, 0.7279812867348001, 0.09240246203551061, 0.7777777652933839, 0.28092245283018863, 0.8505155018371464, 0.25886914, 0.029296458275207993, 2
0.027777777777777776, 0.49999999999999994, 0.0, 0.0, 0.0, 0.0034129706515858217, 5.658609955168468e-05, 0.13165265103688567, 0.04017934976455394, 0.012135296425570765, 0.007305194745899393, 0.021354934084278833, 0.007014808822609233, 0.8254620132804035, 0.17852684053219997, 0.5387840886792452, 0.021354934084278833, 0.5509259, 0.0811464439262835, 5
0.4642857142857143, 0.6638655462184874, 0.0, 0.0, 0.0, 0.07167237004507802, 0.0030042881722915364, 0.05042015124638147, 0.0059163226505934115, 0.18099664929501624, 0.15259740947567035, 0.16568482941321921, 0.22447388232349547, 0.5852156175322236, 0.09612983954326743, 0.9224318679245282, 0.2120765816489206, 0.34778315, 0.9497662673215069, 7
1.0, 0.26050420168067223, 0.0, 0.0, 0.0, 0.4095562730026007, 0.02403430488942883, 0.4761904881952777, 0.07938356525982763, 0.24193133592351157, 0.15016233238504598, 0.3799705332844585, 0.18394386721920913, 0.08213556903726793, 0.8913856802592315, 0.10062894339622636, 0.3799705332844585, 0.6511328, 0.0505367599311935, 3
0.9047619047619048, 0.36554621848739494, 0.0, 0.0, 0.0, 0.02389078018567521, 0.00046400559770022257, 0.01960784152578684, 0.00040536986985762494, 0.009811515873323498, 0.0, 0.027245948989352363, 0.000779423194717905, 0.7885010284661993, 0.2197253359704867, 0.5073375509433962, 0.027245948989352363, 1.0, 0.0774762530523514, 3
0.7896825396825397, 0.1218487394957983, 0.0, 0.0, 0.0, 0.0648464326736467, 0.0018220670062366053, 0.07563018401243078, 0.009943477493880462, 0.8628970213136181, 0.8279220906824505, 0.9256259357464953, 0.8300857293815829, 0.2874743345462518, 0.6641697716758554, 0.2725366981132075, 0.9256259357464953, 0.18850341, 0.04357801589036542, 2
0.6388888888888888, 0.13445378151260504, 0.0, 0.0, 0.0, 0.05119461322088229, 0.0013241120130395444, 0.042016869175903554, 0.00393447427347797, 0.8817454339812684, 0.8571428696660481, 0.93151695926718, 0.852689014725206, 0.35934291818281483, 0.6029962020788651, 0.30188681132075473, 0.93151695926718, 0.1651921, 0.04585597174505901, 2
0.023809523809523808, 0.38235294117647056, 0.0, 0.0, 0.0, 0.11604095374436527, 0.005658603232745825, 0.09803920510792588, 0.021007694972128902, 0.12496772966592502, 0.13555194289324718, 0.1450662802277888, 0.09353078196318683, 0.9014373707487067, 0.2621722774060518, 0.3207547358490566, 0.1450662802277888, 0.39032918, 0.20409670814211722, 1
0.14682539682539683, 0.9873949579831932, 0.0, 0.9999999999999999, 0.0, 0.13993174375939127, 0.009970462897161875, 0.09243697504413528, 0.015666362567617508, 0.10715207923011864, 0.09172077441785086, 0.08689248757811127, 0.14341387315934923, 0.710472273917755, 0.052434461099187576, 0.8679245471698114, 0.1354933752909177, 0.3938387, 0.8911699510921043, 7
0.20634920634920634, 0.4831932773109244, 0.0, 0.9999999999999999, 0.0, 0.17064842814243888, 0.008241227841940075, 0.17086832702963606, 0.01464477196434251, 0.16240641324264643, 0.15340908966388725, 0.1914580324634902, 0.14029617645218467, 0.7392197147645772, 0.3171036226346279, 0.39413, 0.1914580324634902, 0.3057855, 0.10501160164194995, 4
0.9801587301587301, 0.31932773109243695, 0.0, 0.0, 0.0, 0.8839589848221924, 1.0, 0.6750700109220165, 0.3992893803976508, 0.22101730119340982, 0.20616882056681152, 0.26141383239017796, 0.19251753491761386, 0.6735112891035508, 0.3895130792408382, 0.3396226603773585, 0.26141383239017796, 0.31248218, 0.09653289721213032, 4
0.20634920634920634, 0.3361344537815126, 0.0, 0.0, 0.0, 0.08873718582860722, 0.004707960084821084, 0.04201680362968727, 0.0016453264246836573, 0.022721404886797983, 0.0040584418501749845, 0.05301914541223015, 0.008573655071748867, 0.716632450373784, 0.2883895006522752, 0.46540883018867923, 0.05301914541223015, 0.94481075, 0.06361097568317875, 3
0.1984126984126984, 0.29831932773109243, 0.0, 0.0, 0.0, 0.20136522310568292, 0.0014146540318936787, 0.0672268918579196, 0.0031475801269876423, 0.3129357261947553, 0.30357143665932274, 0.3519882080118688, 0.28059235290436935, 0.6817248515514254, 0.4057427974301799, 0.30398324528301884, 0.3519882080118688, 0.24660505, 0.10443411203708575, 4
0.13888888888888887, 0.7773109243697479, 0.0, 0.0, 0.0, 0.07849828284313234, 0.0030499827096233953, 0.0672268918579196, 0.005256793491207309, 0.09320939870517114, 0.08441557967195146, 0.06921944352563002, 0.1270459742152463, 0.7659137566832092, 0.029962548878508494, 0.8490566226415094, 0.12002944683336195, 0.4302431, 0.850569256304078, 7
0.14285714285714285, 0.3487394957983193, 0.0, 0.9999999999999999, 0.0, 0.08532433079476016, 0.003183132207105497, 0.04481788387166777, 0.005017717364291775, 0.4748257583214797, 0.4464285596880798, 0.5478645246843554, 0.42478565550161634, 0.478439435073302, 0.6192259539760699, 0.15303986792452828, 0.5478645246843554, 0.26725835, 0.08605768856395468, 4
0.28968253968253965, 0.9621848739495799, 0.0, 0.0, 0.0, 0.15017063445817763, 0.005962354372081876, 0.10644258801873653, 0.008761318085888559, 0.1474309356291537, 0.12418831068028968, 0.11855670752167373, 0.2003117591485032, 0.6365503042893466, 0.018726594453562118, 1.0, 0.18924889035899195, 0.41721755, 0.892115574651158, 7
0.047619047619047616, 0.4453781512605042, 0.0, 0.0, 0.0, 0.02047780904262185, 0.00040741957453970423, 0.02801120578113594, 0.00047690632762090667, 0.04027885430763298, 0.04626623460822861, 0.05007363564010577, 0.02416211896610697, 0.8973305950689172, 0.18851435457784524, 0.4486373396226415, 0.05007363564010577, 0.5436508, 0.22178664336398807, 1
1.0, 0.19327731092436973, 0.0, 0.0, 0.0, 0.05802021270837994, 0.0023652847127800616, 0.07002809512510605, 0.006700552142578459, 0.9465530347499005, 0.945616842973889, 0.9720176879821968, 0.920498856726458, 0.5154004198875063, 0.4956304553016598, 0.3228511698113207, 0.9720176879821968, 0.11873322, 0.06347829323959586, 2
0.4563492063492063, 0.8949579831932774, 0.0, 0.0, 0.0, 0.18771329921606628, 0.007821411936706435, 0.15406162171221438, 0.019453286780640497, 0.14123419492592396, 0.11282467846733214, 0.11782033123843642, 0.19329695032589397, 0.5995893194751423, 0.04494382107057185, 0.9937107358490566, 0.18262149718246318, 0.44151622, 0.9165460287096243, 7
0.861111111111111, 0.4831932773109244, 0.0, 0.0, 0.0, 0.023890808445058753, 0.00019239271097490804, 0.7086833711366934, 0.2856907962931248, 0.2522592301242209, 0.2451298786921276, 0.2849779065907371, 0.22447388232349547, 0.7207392223574751, 0.35830211470212836, 0.34381554716981133, 0.2849779065907371, 0.25840873, 0.11005634540586562, 4
0.0, 0.32352941176470584, 0.0, 0.0, 0.0, 0.22184297992987867, 0.022057243445538614, 0.12605040584704516, 0.037699414507391726, 0.05422153483258047, 0.02597402608787316, 0.08836524014458585, 0.045206547538377315, 0.6324435323056555, 0.3158551620306088, 0.5052411132075472, 0.08836524014458585, 0.7547033, 0.024150085001470978, 3
0.20238095238095236, 0.2815126050420168, 0.0, 0.9999999999999999, 0.0, 0.07508550152941627, 0.003133867543889857, 0.13445370808558965, 0.014744037233569958, 0.7449006040248057, 0.6810064717450772, 0.8328423915107335, 0.7131722115924485, 0.11088295444261276, 0.7627964515282892, 0.2872117735849056, 0.8328423915107335, 0.25818166, 0.02916605494602964, 2
0.7182539682539683, 0.5378151260504201, 0.0, 0.0, 0.0, 0.010238907285815836, 0.0005578821826374063, 0.011204480799849384, 0.001752264261000681, 0.009553318344022258, 0.00649350652196829, 0.021354934084278833, 0.0, 0.8398357318557653, 0.1910112285948748, 0.5031446792452829, 0.021354934084278833, 1.0, 0.1364764663394744, 5
0.7738095238095238, 0.4705882352941176, 0.0, 0.0, 0.0, 0.05802048670153343, 0.00290852827009423, 0.15126046382317768, 0.010015028115749069, 0.3124193311361528, 0.30032466477009195, 0.3564064922208653, 0.27747467022682243, 0.6611909731524777, 0.4307116050162019, 0.28301888679245285, 0.3564064922208653, 0.26327455, 0.10319074117370214, 4
0.4007936507936508, 0.9495798319327731, 0.0, 0.0, 0.0, 0.06143344862957042, 0.0013580650447559037, 0.0280112007391193, 0.0030521971746472814, 0.05577072209979, 0.04788960813401292, 0.03755522689576416, 0.08261886102513293, 0.7864476387782553, 0.049937581464180814, 0.7945492830188678, 0.07805596555187065, 0.5229992, 0.848618619263113, 7
0.9642857142857143, 0.49579831932773105, 0.0, 0.0, 0.0, 0.0, 0.0, 0.0, 0.0, 0.0, 0.0, 0.0, 0.0, 0.8665297756224465, 0.12858926243880547, 0.5807128113207547, 0.0, 0.0, 0.4789269663486859, 5
0.8928571428571428, 0.44957983193277307, 0.0, 0.0, 0.0, 0.003412965859777308, 5.658594065805856e-05, 0.053221294009368265, 0.0006915125461782024, 0.039246063493293994, 0.05113636322129575, 0.04418262007229293, 0.022603273418448214, 0.9425051312427005, 0.1635455660929457, 0.4444444660377358, 0.04712812851893867, 0.5456349, 0.2964406785455376, 1
0.031746031746031744, 0.6764705882352942, 0.0, 0.0, 0.0, 0.2627985672984011, 0.013411110948482805, 0.3361343887013651, 0.04738894375691304, 0.31216114057819183, 0.29464287423179486, 0.3622975024867636, 0.27591583239545336, 0.6201232163545825, 0.4619225695549118, 0.2725366981132075, 0.3622975024867636, 0.27804413, 0.08911240459294728, 6
0.3134920634920635, 0.9159663865546218, 0.0, 0.9999999999999999, 0.0, 0.15017063445817763, 0.002399248530929118, 0.1036414402137331, 0.020721558154597346, 0.07616834782860878, 0.05438311830857858, 0.0706921960921046, 0.1028838650698717, 0.6735112891035508, 0.11985018652527041, 0.7924528490566037, 0.09720176879821966, 0.49614197, 0.9646551899328479, 7
0.7023809523809523, 0.5126050420168068, 0.0, 0.0, 0.0, 0.14675765041410135, 0.007271517764444905, 0.04481794639267407, 0.004830657819680638, 0.2563904184784018, 0.23376623186878057, 0.30706920834264206, 0.22447388232349547, 0.6016427239474803, 0.4506866151299654, 0.31027256603773584, 0.30706920834264206, 0.3133975, 0.08168264357518595, 4
0.7420634920634921, 0.4033613445378151, 0.0, 0.0, 0.0, 0.06143344248622617, 0.00393839975234595, 0.0532212435892019, 0.002694540767514238, 0.9318358383217922, 0.9188311776068898, 0.9624448161822914, 0.9119251469392003, 0.4291581343080247, 0.5181023641515525, 0.373165641509434, 0.9624448161822914, 0.13383016, 0.03879506640104852, 2
0.01984126984126984, 0.6008403361344538, 0.0, 0.0, 0.9999999999999999, 0.1877132377826238, 0.011709622081593894, 0.19327727753689822, 0.014023597399470263, 0.3534727801230916, 0.3254870208970209, 0.4241531632978412, 0.30553390551725934, 0.5256673498467339, 0.5767790125405049, 0.17610064150943394, 0.4241531632978412, 0.3213451, 0.09279237666619877, 4
0.9285714285714286, 0.11344537815126049, 0.0, 0.9999999999999999, 0.0, 0.08191126074386439, 0.0045550888326901144, 0.1484593916484238, 0.01477003544889269, 0.10069714099758764, 0.07386363495240555, 0.14580264988363292, 0.07872174189487943, 0.6262833743301189, 0.38327088858028713, 0.3983228679245283, 0.14580264988363292, 0.54723245, 0.062400272126259815, 5
0.8809523809523809, 0.3529411764705882, 0.0, 0.0, 0.0, 0.07508532337243307, 0.0014486027551482527, 0.053221294009368265, 0.004697522311685001, 0.024528788986174718, 0.00649350652196829, 0.04786450679039391, 0.017147310143497733, 0.7207392223574751, 0.25343319924532587, 0.5199161641509433, 0.04786450679039391, 0.88955027, 0.03279273372745545, 3
0.24603174603174602, 0.7352941176470589, 0.0, 0.0, 0.0, 0.13310581253130419, 0.005941533195766084, 0.344537837158392, 0.34501745404069734, 0.21456236993221905, 0.20129869560634173, 0.25110457105224915, 0.18862042280216917, 0.6878850095269619, 0.36828963099496453, 0.36058701886792455, 0.25110457105224915, 0.27672648, 0.09027969102046018, 6
0.373015873015873, 0.3067226890756302, 0.0, 0.0, 0.0, 0.09215018830271625, 0.0039044359341968934, 0.08123246953840438, 0.0147125665230083, 0.16627937618216504, 0.17207791662274416, 0.19882179529586305, 0.1262665588069662, 0.8501026710552392, 0.3358302058522356, 0.24947592452830192, 0.19882179529586305, 0.39879107, 0.17526023213160064, 1
0.4642857142857143, 0.4369747899159664, 0.0, 0.0, 0.9999999999999999, 0.15017063445817763, 0.004806284377361728, 0.2521008318621569, 0.018904976236494203, 0.05267234686823693, 0.02597402608787316, 0.08541973501163672, 0.04364769988627592, 0.6447638667372211, 0.30836453323794755, 0.5052411132075472, 0.08541973501163672, 0.7672355, 0.024814864688028127, 3
0.9047619047619048, 0.4453781512605042, 0.0, 0.0, 0.0, 0.20136522310568292, 0.0028385672231722395, 0.07282907150154382, 0.005541147627319211, 0.27214046776577744, 0.2451298786921276, 0.3298969195147502, 0.2369446691521537, 0.5626283346609381, 0.4906366578294012, 0.28301888679245285, 0.3298969195147502, 0.33502588, 0.07889779368430805, 4
0.873015873015873, 0.7689075630252101, 0.0, 0.0, 0.0, 0.1399317068993258, 0.0034938853607543803, 0.1148459305934141, 0.009147092946146783, 0.14071778592464093, 0.12094155340144841, 0.11855670752167373, 0.18316444479612018, 0.6652977451361687, 0.05118601959629103, 0.9161426037735849, 0.1730485922455921, 0.3721296, 0.901395387794165, 7
0.5555555555555556, 0.73109243697479, 0.0, 0.9999999999999999, 0.0, 0.13993178061945677, 0.005405674525290778, 0.1568627543911679, 0.00751637821251566, 0.33333335192357405, 0.3206168886313564, 0.3858615435503568, 0.28994545004067185, 0.6488706387209121, 0.4794007146404093, 0.2138364905660377, 0.3858615435503568, 0.28914437, 0.11086442441060673, 6
0.7341269841269841, 0.3277310924369748, 0.0, 0.0, 0.0, 0.10921500408624543, 0.005338076898831542, 0.04761904377751113, 0.005153563624517294, 0.03511489884166999, 0.021103895283247603, 0.06332842000494536, 0.01870615709411825, 0.747433264276107, 0.2808988606236595, 0.44654090566037735, 0.06332842000494536, 0.74090356, 0.08666436982581677, 5
0.3055555555555556, 0.07142857142857142, 0.0, 0.0, 0.0, 0.2627985672984011, 0.011495025239183033, 0.04201680362968727, 0.004238161705152258, 0.4350632621243459, 0.3904220642011196, 0.5243004637385827, 0.3834762249890499, 0.36960984814204245, 0.6916354105822802, 0.1425576981132075, 0.5243004637385827, 0.32455578, 0.07162882418778532, 4
0.503968253968254, 0.6932773109243697, 0.0, 0.0, 0.0, 0.08873718582860722, 0.002002859260245667, 0.13725488614269288, 0.009920040406329551, 0.15853343636044728, 0.14204545745092972, 0.13107511759149396, 0.20342945585566777, 0.6837782375432708, 0.028714110746398264, 0.9350105283018868, 0.19219440211933428, 0.33502117, 0.882881267825761, 7
0.2579365079365079, 0.1218487394957983, 0.0, 0.0, 0.0, 0.04095555050845696, 0.0015779260330003116, 0.0336134459289598, 0.004501635954164955, 0.7671056473154345, 0.6964285852562615, 0.8549337197722111, 0.7420109043800186, 0.051334742198600236, 0.7677902377645933, 0.3396226603773585, 0.8549337197722111, 0.2609661, 0.019408786327896554, 2
0.49603174603174605, 0.19327731092436973, 0.0, 0.9999999999999999, 0.0, 0.05802044615546138, 0.002176617782329605, 0.08123253508462067, 0.007106943501959153, 0.8662535822231939, 0.8254870062866314, 0.9300442199554917, 0.8378799115236192, 0.24229976880368076, 0.6704119286285433, 0.3081761132075472, 0.9300442199554917, 0.19475445, 0.03427869732657979, 2
0.9563492063492063, 0.12605042016806722, 0.0, 0.0, 0.0, 0.06143344248622617, 0.00108646273056802, 0.01400564473930606, 0.0009776576690260631, 0.9426801763804857, 0.9383116482279897, 0.9668630341173562, 0.9212782721347381, 0.49075975102437513, 0.4881398040370896, 0.36058701886792455, 0.9668630341173562, 0.11953241, 0.04775170112149524, 2
0.5119047619047619, 0.4789915966386555, 0.0, 0.0, 0.0, 0.03754265861454441, 0.0011430382728605073, 0.0252100816736107, 0.001931469165386532, 0.009553318344022258, 0.0, 0.025773195097399153, 0.00155884638943581, 0.7905544200021924, 0.21348313744476755, 0.5157232943396226, 0.025773195097399153, 1.0, 0.07431969859471704, 3
0.7341269841269841, 0.3991596638655462, 0.0, 0.0, 0.0, 0.24914676627566945, 0.03767501407201676, 0.35294116460701963, 0.34279989595820815, 0.26284535671093284, 0.2491883015487962, 0.30338734680863516, 0.23304752196266493, 0.6673511311280143, 0.4007490336657846, 0.32704403773584906, 0.30338734680863516, 0.27090696, 0.09714157269909629, 4
0.015873015873015872, 0.6008403361344538, 0.0, 0.0, 0.0, 0.006825939214434599, 9.05376828915291e-05, 0.005602240652025524, 0.00019076239584553913, 0.0005163955814530002, 0.0, 0.001472754024501075, 0.0, 0.8624229995730471, 0.13358302002342584, 0.576519939245283, 0.001472754024501075, 0.22222222, 0.0811464439262835, 5
0.6349206349206349, 0.23109243697478993, 0.0, 0.0, 0.0, 0.12627988130321713, 0.0029107478918253414, 0.4649859171433305, 0.045538654487252944, 0.29692746543539783, 0.2995129845818751, 0.31664213316169265, 0.2735775440817601, 0.7782340911147747, 0.30337076947355224, 0.37735850943396226, 0.31664213316169265, 0.18499897, 0.12982751092408018, 4
0.2698412698412699, 0.7815126050420168, 0.0, 0.0, 0.9999999999999999, 0.16723550553180505, 0.006159205240971809, 0.2661064448367581, 0.02108913857774355, 0.3823909243188513, 0.3571428623608534, 0.4506627360039563, 0.33437256323078524, 0.5359342798059614, 0.5717852263042007, 0.1740042264150944, 0.4506627360039563, 0.29870403, 0.09271105026719767, 6
0.7777777777777778, 0.4663865546218487, 0.0, 0.0, 0.0, 0.09215016372933925, 0.002682179716208039, 0.5770308713603067, 0.6680497378996691, 0.2522592301242209, 0.23863637143963984, 0.29160529976726585, 0.22369446691521536, 0.6714579215921976, 0.3920099779769675, 0.33752622641509433, 0.29160529976726585, 0.29184964, 0.09235554640533328, 4
0.9325396825396826, 0.3991596638655462, 0.0, 0.0, 0.0, 0.058020470728838376, 0.0004640061782730872, 0.04201680362968727, 0.0030760428966367975, 0.016782856832931275, 0.003246753260984145, 0.0405007353424099, 0.004676539448899782, 0.7577002071716793, 0.25343319924532587, 0.4821803150943396, 0.0405007353424099, 0.9404762, 0.07379633795696006, 3
0.4722222222222222, 0.7478991596638656, 0.0, 0.0, 0.0, 0.13993174375939127, 0.00670749030970415, 0.24929973951933648, 0.0258035425715062, 0.432739491331975, 0.40016235064803285, 0.5139911891458675, 0.3780202610126185, 0.462012310177553, 0.6504369072788254, 0.11740045283018868, 0.5139911891458675, 0.30540445, 0.08880259697489346, 6
0.0992063492063492, 0.1638655462184874, 0.0, 0.0, 0.0, 0.0648464203869582, 0.0014146520151668855, 0.05042018654049793, 0.0031475801269876423, 0.16059902356619749, 0.158279214624357, 0.19882179529586305, 0.12236944669152154, 0.7905544200021924, 0.36329587846652367, 0.2641509433962264, 0.19882179529586305, 0.41874644, 0.1482172292312376, 1
0.5912698412698413, 0.5714285714285715, 0.0, 0.0, 0.0, 0.027303759929410518, 0.0013127968618019937, 0.036414560960855095, 0.0006915137694418442, 0.04208623910414374, 0.0413961023425641, 0.0611192911552335, 0.022603273418448214, 0.8459958935274003, 0.23595504292387398, 0.42138366037735847, 0.06332842000494536, 0.6522477, 0.19244794550181632, 1
0.47619047619047616, 0.0, 0.0, 0.0, 0.0, 0.06143344248622617, 0.0009506598623119505, 0.14565833964173647, 0.032524983550323135, 0.9999999999999999, 0.9999999999999999, 1.0, 1.0, 0.5030801039364332, 0.3795255854199109, 0.5303983452830189, 1.0, 0.09277301, 0.0, 2
0.1111111111111111, 0.38235294117647056, 0.0, 0.0, 0.0, 0.07508528651236757, 0.0003621505054482638, 0.06722687168985306, 0.005150582466640313, 0.14123419492592396, 0.1485389647034175, 0.16568482941321921, 0.10833982904630306, 0.8706365516718458, 0.2883895006522752, 0.3081761132075472, 0.16568482941321921, 0.38105944, 0.18357326393683204, 1
0.35317460317460314, 0.4579831932773109, 0.0, 0.0, 0.0, 0.08532425093128493, 0.002838566795381708, 0.030812341485299446, 0.004971615454841613, 0.11747999434484879, 0.08198051719171658, 0.17083947665066657, 0.09508962680936471, 0.5544147722130637, 0.4294631668840917, 0.39413, 0.17083947665066657, 0.5621582, 0.05523566707684391, 3
0.31746031746031744, 0.5336134453781513, 0.0, 0.0, 0.0, 0.05460750511479484, 0.0015844091679544433, 0.044817923199397536, 0.002479911435712345, 0.009811515873323498, 0.0, 0.025036818151422547, 0.0031176928490197083, 0.7885010284661993, 0.20848938154554036, 0.526205475471698, 0.025036818151422547, 1.0, 0.06603487083024151, 3
0.11904761904761904, 0.6176470588235294, 0.0, 0.0, 0.0, 0.05802047687218263, 0.002636908783172138, 0.04201680362968727, 0.003934471698186092, 0.05551252457048876, 0.04626623460822861, 0.07879234183510794, 0.039750582158984187, 0.7761806995787814, 0.2609238392739416, 0.45073377358490563, 0.07879234183510794, 0.5205782, 0.1023348197590862, 4
0.5634920634920635, 0.5378151260504201, 0.0, 0.0, 0.0, 0.33788396439096513, 0.012052832619590293, 0.07002802957888976, 0.0038390803117648344, 0.45081331838306177, 0.4228896150739479, 0.5220913216340846, 0.4021823631431843, 0.49075975102437513, 0.6042446514469296, 0.16561847169811322, 0.5220913216340846, 0.27568987, 0.0866399073312083, 4
0.5714285714285714, 0.4789915966386555, 0.0, 0.9999999999999999, 0.0, 0.061433285216613405, 0.001358073203332476, 0.10924369548760686, 0.01251880220599502, 0.4833462767884207, 0.4618506293680955, 0.5508100364446978, 0.4325798867473145, 0.5277207358385794, 0.5930086970219832, 0.14675054716981134, 0.5508100364446978, 0.2575994, 0.0953624959949313, 4
0.13095238095238096, 0.42436974789915966, 0.0, 0.9999999999999999, 0.0, 0.05460751924448662, 0.000905378020617487, 0.028011207797942594, 0.0010491928391434062, 0.11283242487474593, 0.08847402444420434, 0.15832106658084633, 0.08807481798675547, 0.64065709475353, 0.388264641108728, 0.3752620754716981, 0.15832106658084633, 0.492526, 0.07375502900837816, 5
0.47619047619047616, 0.49579831932773105, 0.0, 0.0, 0.0, 0.13993178061945677, 0.002636909516527336, 1.0, 0.07690142812811046, 0.35553835338616124, 0.3425324728690546, 0.4020618615459362, 0.3187840796949624, 0.6386037087616845, 0.45443194076225046, 0.26624741509433963, 0.4020618615459362, 0.24809188, 0.09959847701978441, 4
0.0, 0.9831932773109243, 0.0, 0.0, 0.0, 0.11604094145767675, 0.0066092506585758845, 0.15966386186003825, 0.021103088290019067, 0.04466821648855822, 0.04545454565377804, 0.03976435905917261, 0.04910366175826463, 0.8562628345749235, 0.11485642950244777, 0.6142557886792452, 0.04786450679039391, 0.19104938, 0.8125598956013662, 7
0.1349206349206349, 0.9747899159663865, 0.0, 0.9999999999999999, 0.0, 0.11604095374436527, 0.005658603232745825, 0.10084033274486276, 0.0045782920921799974, 0.0929512011758699, 0.07224025996558231, 0.08026509440158251, 0.1262665588069662, 0.6755646935758888, 0.08739076250613693, 0.844863754716981, 0.11929307717751783, 0.4522286, 0.928731180925028, 7
0.8055555555555556, 0.15126050420168066, 0.0, 0.0, 0.0, 0.07508534794581007, 0.0018560278909648714, 0.07843145786785015, 0.005341336911272181, 0.8634133884868594, 0.8336039177467214, 0.9263623716762712, 0.8254091527541962, 0.3264887423132864, 0.6654182210439201, 0.23060800000000004, 0.9263623716762712, 0.18354028, 0.05351311240991086, 2
0.3015873015873016, 0.21428571428571425, 0.0, 0.9999999999999999, 0.0, 0.04095563037193219, 0.0012222556068595234, 0.08123240399218809, 0.005555952980320907, 0.7671056473154345, 0.7362013089594049, 0.8372606889745162, 0.722525308728751, 0.3531827417267859, 0.6779026023650223, 0.18238998113207544, 0.8372606889745162, 0.20227888, 0.06385858247060938, 2
0.7619047619047619, 0.4747899159663865, 0.0, 0.0, 0.0, 0.092150157585995, 0.001324115099242667, 0.07002801445283985, 0.00584209385393717, 0.019623031746646997, 0.007305194745899393, 0.03681884928704823, 0.013250193819167767, 0.7659137566832092, 0.22097377410259694, 0.5283019113207547, 0.03681884928704823, 0.8367725, 0.045019973588862505, 3
0.8531746031746031, 0.773109243697479, 0.0, 0.0, 0.0, 0.25938571226455404, 0.010034991126554892, 0.12044819595132115, 0.013533332646588833, 0.3142267068699212, 0.28977273466093556, 0.3681885193800551, 0.28059235290436935, 0.566735143605614, 0.4818976133765386, 0.29350107547169807, 0.3681885193800551, 0.2929567, 0.07655467415026546, 6
0.5396825396825397, 0.8067226890756303, 0.0, 0.0, 0.0, 0.1023890912881911, 0.005031260640334591, 0.11484595076148063, 0.012095700421446516, 0.07849212559231993, 0.06412337772627127, 0.05375552832286062, 0.11847233457607685, 0.7289527718690049, 0.022471908849892766, 0.8993711132075471, 0.11192931434514496, 0.53894526, 0.8625298397801567, 7
0.23015873015873015, 0.4831932773109244, 0.0, 0.0, 0.0, 0.05119453335740706, 0.0018673403226768979, 0.028011207797942594, 0.0010491924528496248, 0.14020139086603844, 0.12012987321323156, 0.1811487512433818, 0.1161340532771924, 0.6632443591443232, 0.3720349341553407, 0.37945494339622643, 0.1811487512433818, 0.40593585, 0.07930279231399057, 4
0.8531746031746031, 0.5756302521008404, 0.0, 0.0, 0.0, 0.12627985672984013, 0.007797564142377611, 0.053221273841301715, 0.0032668079643476586, 0.2026852626703412, 0.15665584694272852, 0.2754050149086523, 0.16991424957399065, 0.4435318177704509, 0.5493133174543079, 0.3060796981132075, 0.2754050149086523, 0.4837708, 0.05387754280319296, 4
0.3214285714285714, 0.43277310924369744, 0.0, 0.0, 0.0, 0.08532423250125218, 0.003451747076670483, 0.09803920510792588, 0.003839094926546237, 0.13839401513227004, 0.14610389491798786, 0.16347569393611416, 0.10444270991604956, 0.8747433279060501, 0.29088638815245005, 0.29979037735849057, 0.16347569393611416, 0.39496386, 0.19239332272658816, 1
0.04365079365079365, 0.5798319327731093, 0.0, 0.0, 0.0, 0.05460750511479484, 0.002399248225364452, 0.0504201633472214, 0.008012018887190626, 0.038471469511122215, 0.0300324664770092, 0.05817378602228434, 0.025720965916727484, 0.7885010284661993, 0.23845193042404883, 0.4758910132075471, 0.05817378602228434, 0.5881634, 0.09734479373349891, 1
0.31746031746031744, 0.1680672268907563, 0.0, 0.0, 0.0, 0.037542634041167415, 0.0013538087123025253, 0.030812303165973002, 0.00478274869915569, 0.8587658747874788, 0.8165584511642983, 0.9204712818816547, 0.8339827994081745, 0.23408629875826825, 0.6579275473074411, 0.33752622641509433, 0.9204712818816547, 0.19520037, 0.029087140609773188, 2
0.05555555555555555, 0.4453781512605042, 0.0, 0.0, 0.0, 0.017064844042912735, 0.00046400559770022257, 0.02521008621142567, 0.0013591817525118752, 0.04105344898693877, 0.05032467572788412, 0.049337262007825754, 0.02338269584153715, 0.9219712528437528, 0.1810237145492295, 0.43605872641509436, 0.049337262007825754, 0.5535714, 0.2548726041522046, 1