@relation segment-10-4tst.dat
@attribute Region-centroid-col real [1.0, 254.0]
@attribute Region-centroid-row real [11.0, 251.0]
@attribute Region-pixel-count real [9.0, 10.0]
@attribute Short-line-density-5 real [0.0, 0.33333334]
@attribute Short-line-density-2 real [0.0, 0.22222222]
@attribute Vedge-mean real [0.0, 29.222221]
@attribute Vegde-sd real [0.0, 991.7184]
@attribute Hedge-mean real [0.0, 44.722225]
@attribute Hedge-sd real [-1.5894573e-08, 1386.3292]
@attribute Intensity-mean real [0.0, 143.44444]
@attribute Rawred-mean real [0.0, 137.11111]
@attribute Rawblue-mean real [0.0, 150.88889]
@attribute Rawgreen-mean real [0.0, 142.55556]
@attribute Exred-mean real [-49.666668, 9.888889]
@attribute Exblue-mean real [-12.444445, 82.0]
@attribute Exgreen-mean real [-33.88889, 24.666666]
@attribute Value-mean real [0.0, 150.88889]
@attribute Saturatoin-mean real [0.0, 1.0]
@attribute Hue-mean real [-3.0441751, 2.9124804]
@attribute Class integer [1, 7]
@inputs Region-centroid-col, Region-centroid-row, Region-pixel-count, Short-line-density-5, Short-line-density-2, Vedge-mean, Vegde-sd, Hedge-mean, Hedge-sd, Intensity-mean, Rawred-mean, Rawblue-mean, Rawgreen-mean, Exred-mean, Exblue-mean, Exgreen-mean, Value-mean, Saturatoin-mean, Hue-mean
@outputs Class
@data
0.23715415019762845, 0.7731092436974789, 0.0, 0.0, 0.0, 0.09386279282409535, 0.0056658138395637644, 0.0981210631813859, 0.00937590400917478, 0.3591738145204371, 0.3336127130389702, 0.4181131952694916, 0.31825658156461006, 0.6048387213108095, 0.5255474696307749, 0.19871790384615384, 0.4181131952694916, 0.30292457, 0.1685522616291023, 6
0.0, 0.2857142857142857, 0.0, 0.0, 0.0, 0.7906137343637997, 1.0, 0.34655529064116936, 1.0, 0.15450643596538902, 0.10561609033977902, 0.2075471550729805, 0.14391447897955986, 0.4979838593160605, 0.4355231169659191, 0.47008545192307694, 0.2075471550729805, 0.5952822, 0.09790361992740143, 3
0.9762845849802371, 0.588235294117647, 0.0, 0.0, 0.0, 0.01805054282995998, 0.00023541469359729847, 0.004175365757907232, 0.000144279362743895, 0.002682403243244496, 0.0, 0.007547170016375925, 0.0, 0.8770161268482538, 0.15693431021365029, 0.5576922846153847, 0.007547170016375925, 0.8888889, 0.1563080444962744, 5
0.9565217391304347, 0.44957983193277307, 0.0, 0.0, 0.0, 0.28880867878116473, 0.016300836393218852, 0.05845507852302157, 0.008929744195350515, 0.34656650980401243, 0.33780386126391077, 0.3826414801623369, 0.31414472873474286, 0.7298387088360108, 0.41119222948301326, 0.2670940192307692, 0.3826414801623369, 0.2453213, 0.187488695207515, 4
0.308300395256917, 0.20588235294117643, 0.0, 0.0, 0.0, 0.03610111165269955, 0.0014401791789394232, 0.03340284000898421, 0.002957714818680058, 0.7980150220809004, 0.7594299628020129, 0.8633962072168041, 0.7606908121767337, 0.3790322530160639, 0.6885645175910644, 0.15170940384615378, 0.8633962072168041, 0.20801263, 0.14208886929325504, 2
0.1660079051383399, 0.5840336134453781, 0.0, 0.0, 0.0, 0.12635379331152494, 0.006383895431741665, 0.0459290146939739, 0.004039822468472406, 0.010997854195371063, 0.007544006452841359, 0.01962263986899261, 0.004934210813603707, 0.8689516112899162, 0.17761557388068988, 0.5299145076923077, 0.01962263986899261, 0.64867723, 0.18366811251432674, 5
0.6284584980237153, 0.11764705882352941, 0.0, 0.0, 0.0, 0.05415162199168504, 0.003027283712276067, 0.00835073114003161, 0.0008381870810588239, 0.005096566278044366, 0.004191115031312153, 0.00830188620291922, 0.002467105332788695, 0.8891129029075346, 0.14963503958921637, 0.5576922846153847, 0.00830188620291922, 0.537037, 0.19862828110619657, 5
0.37549407114624506, 0.0, 0.0, 0.0, 0.0, 0.054151459536812566, 0.001786389094800579, 0.020876888914792852, 0.0010099474121331325, 0.9543990443390967, 0.9212070395236532, 0.983396121631903, 0.9506578696600153, 0.37096772657062915, 0.5596107186761863, 0.3867521153846154, 0.983396121631903, 0.1565683, 0.10675866579086174, 2
0.924901185770751, 0.76890756302521, 0.0, 0.0, 0.0, 0.10830324398337007, 0.004985254745517705, 0.08350729261117339, 0.005591408499371064, 0.3422746687864949, 0.31517184190538666, 0.3977358378554652, 0.30674341288440304, 0.5987903037952811, 0.5036496588523637, 0.24358971153846148, 0.3977358378554652, 0.29423782, 0.15966611326166963, 6
0.5494071146245059, 0.6218487394957982, 0.0, 0.0, 0.0, 0.018050534382306607, 0.0012253647839936314, 0.029227552413910684, 0.00302212628801221, 0.11400214290763334, 0.09388097338202939, 0.09735848315841976, 0.15131579482989965, 0.7177419282404396, 0.08637469600227327, 0.8504273269230769, 0.13886792096546835, 0.39095718, 0.9100221876978393, 7
0.4505928853754941, 0.4117647058823529, 0.0, 0.0, 0.0, 0.036101088259197917, 0.0015093605838189033, 0.07306886036671972, 0.0050725909871965225, 0.13063304133549178, 0.07292539822546862, 0.20452828353435484, 0.10608552472109806, 0.44153226492382636, 0.5291970682641588, 0.36538459615384616, 0.20452828353435484, 0.67951304, 0.11574525215692977, 3
0.07905138339920947, 0.46218487394957974, 0.0, 0.0, 0.0, 0.05776169806670254, 0.0014401873298268565, 0.037578285432856566, 0.0017313501909010272, 0.1397532179826945, 0.11818943694251678, 0.17886791960697784, 0.1175986859999892, 0.6995967664196636, 0.36374695454827993, 0.38247861538461536, 0.17886791960697784, 0.4089133, 0.1526853497868748, 4
0.14624505928853754, 0.5588235294117646, 0.0, 0.0, 0.0, 0.0324909679964551, 0.00045698126125934805, 0.025052191541180557, 0.0012985140066154091, 0.03701716498853369, 0.04274936864209996, 0.0460377328885726, 0.021381578465309036, 0.9274193545314127, 0.18734793544319547, 0.45085468269230766, 0.04679245111285164, 0.5714286, 0.29824503442242467, 1
0.9446640316205533, 0.21008403361344538, 0.0, 0.0, 0.0, 0.036101088259197917, 0.002035221629733301, 0.014613787856223828, 0.0018975269931831914, 0.06491416057235362, 0.04777870879199635, 0.09509433459878987, 0.04851973534966888, 0.7540322518819913, 0.2980535331619516, 0.4401709173076923, 0.09509433459878987, 0.54770046, 0.15164913727052776, 5
0.7786561264822134, 0.7142857142857142, 0.0, 0.0, 0.0, 0.06859200167081587, 0.004418116371790242, 0.12734860432181097, 0.007778669532227233, 0.3913626438792856, 0.3688181016322514, 0.4520754780035597, 0.3453947495509437, 0.616935465616057, 0.543795648929086, 0.1538461538461538, 0.4520754780035597, 0.2986217, 0.17658516237391558, 6
0.46640316205533594, 0.3025210084033614, 0.0, 0.0, 0.0, 0.032490891317755295, 0.001121675998934253, 0.03340284000898421, 0.0029577354163574585, 0.7317596467055946, 0.6697401451889305, 0.8324528163987192, 0.6792763378229962, 0.22983864986423475, 0.8394161272843537, 0.04487174999999999, 0.8324528163987192, 0.2754667, 0.14069791506266088, 2
0.18972332015810275, 0.5294117647058822, 0.0, 0.0, 0.0, 0.010830326347795478, 0.00029080642711682103, 0.012526096522155989, 0.00043283803466798496, 0.003218884022258196, 0.0, 0.009056603747953008, 0.0, 0.872983869069085, 0.16180048990001256, 0.5534187807692308, 0.009056603747953008, 0.7777778, 0.1563080444962744, 3
0.37549407114624506, 0.3403361344537815, 0.0, 0.0, 0.0, 0.046931432152119625, 0.0010662907562131636, 0.016701468292588888, 0.002092052821988931, 0.14645921233007672, 0.12070410324546174, 0.19547169608828774, 0.1175986859999892, 0.6673386969282483, 0.41362530618750787, 0.3290598076923077, 0.19547169608828774, 0.45154575, 0.15792126618429486, 5
0.6521739130434783, 0.09663865546218486, 0.0, 0.0, 0.0, 0.0, 0.0, 0.0, 0.0, 0.0, 0.0, 0.0, 0.0, 0.8971774193731303, 0.1326034084971674, 0.5790598076923077, 0.0, 0.0, 0.511880833947772, 5
0.5770750988142292, 0.15966386554621848, 0.0, 0.33333332333333354, 0.0, 0.07581219151038128, 0.004112814787833522, 0.05636733420357127, 0.00946828775744175, 0.914967791203099, 0.882648754982439, 0.9524528327006051, 0.9013158133331893, 0.3891128883914051, 0.5888078143126085, 0.3162392884615384, 0.9524528327006051, 0.1655495, 0.12026652401165933, 2
0.5691699604743082, 0.5966386554621849, 0.0, 0.0, 0.9999999999999999, 0.32129960778845046, 0.13317549152281538, 0.3736951926813433, 0.5911303869013186, 0.0818132990638069, 0.05867560515756562, 0.11924527294553273, 0.06332236482995365, 0.7056451657900302, 0.3381995341875794, 0.4209401538461538, 0.11924527294553273, 0.74729437, 0.14847535763210795, 5
0.9841897233201581, 0.6848739495798318, 0.0, 0.0, 0.9999999999999999, 0.10469319780004911, 0.003973893754453544, 0.1294362997894902, 0.008255184868780623, 0.3886802504858261, 0.355406517840519, 0.4596226398689926, 0.3421052495238919, 0.5403225823279788, 0.5924574348438032, 0.14957261538461536, 0.4596226398689926, 0.3181372, 0.16346177320604166, 6
0.5810276679841897, 0.40336134453781514, 0.0, 0.0, 0.0, 0.06498190610121367, 0.004528078573358399, 0.045929007178316814, 0.003191723570793876, 0.357832592474996, 0.3210393966122583, 0.42716979630046364, 0.31661186115634754, 0.5241935475822712, 0.5754257884232867, 0.19658115384615382, 0.42716979630046364, 0.32513812, 0.15442647882474636, 4
0.6996047430830039, 0.12605042016806722, 0.0, 0.0, 0.0, 0.07581219151038128, 0.0041128349781051465, 0.04175363503210106, 0.0036069644691525678, 0.9071888076313815, 0.8725900595946333, 0.9524528327006051, 0.8873355048300617, 0.37499996257560386, 0.6240876181336255, 0.2692307692307692, 0.9524528327006051, 0.17494753, 0.1263840571824289, 2
0.616600790513834, 0.7184873949579831, 0.0, 0.0, 0.0, 0.08303248532106507, 0.0028942172594368398, 0.05010438308236111, 0.004111962546702677, 0.14082617823707388, 0.1148365409945837, 0.12377357006479253, 0.18421053605436297, 0.6673386969282483, 0.09245742170511663, 0.8931623846153847, 0.16905660238946252, 0.3882103, 0.9226385143732787, 7
0.8458498023715415, 0.9327731092436974, 0.0, 0.0, 0.0, 0.09025271414979989, 0.003973894128347463, 0.03966597338487871, 0.0023892014898889264, 0.0665236009539227, 0.05113159870472426, 0.05433961977073707, 0.09457237084352278, 0.766129027034014, 0.0936739666267072, 0.7863247692307692, 0.08679244975436115, 0.48219234, 0.9041862238657052, 7
0.20158102766798416, 0.76890756302521, 0.0, 0.0, 0.0, 0.09386283181326474, 0.004964437079897467, 0.2546972387062503, 0.020393972700821997, 0.33369097226648187, 0.3051131389735745, 0.38792450026059244, 0.30098685444890505, 0.5907257773498464, 0.4951338192187473, 0.2670940192307692, 0.38792450026059244, 0.29404518, 0.15439262599018272, 6
0.14229249011857706, 0.6470588235294117, 0.0, 0.0, 0.0, 0.05776173965514989, 0.002104885806440951, 0.28392481366713224, 0.022435427011764927, 0.1019313255608873, 0.08801341113115134, 0.11396226643218214, 0.10197368669386256, 0.766129027034014, 0.2214111954375123, 0.5619657903846154, 0.120000002716981, 0.31450674, 0.0, 7
0.42292490118577075, 0.4201680672268907, 0.0, 0.0, 0.0, 0.028880864629019027, 0.0007754836560872884, 0.016701459273800387, 0.0005771176554915258, 0.03996780858507259, 0.05196982306890786, 0.04528301534353881, 0.022203947551019305, 0.9717741937313021, 0.1703163043511465, 0.4337606673076923, 0.04679245111285164, 0.56613755, 0.34392254186232357, 1
0.7470355731225297, 0.6260504201680672, 0.0, 0.0, 0.0, 0.1371840878181654, 0.01490035427944398, 0.5240082968344841, 0.7553925011598975, 0.29935620067140767, 0.2640402258494476, 0.3471697854325396, 0.28042764210877996, 0.5524193447783883, 0.4537713072131357, 0.38034186538461534, 0.3486792178056262, 0.2984709, 0.08836262124161803, 6
0.6363636363636364, 0.8991596638655461, 0.0, 0.0, 0.0, 0.09025270115341008, 0.003725090794529813, 0.11899790512332196, 0.04193118856487071, 0.10112660537010276, 0.07627828662939524, 0.09811320613741553, 0.12828947967343324, 0.6875000039692543, 0.14841849357273526, 0.77350425, 0.11849056355144194, 0.42550126, 0.9714663896868716, 7
0.42292490118577075, 0.8361344537815125, 0.0, 0.0, 0.0, 0.1299638914804051, 0.0053175993288454605, 0.058455108585649916, 0.009666713997499842, 0.05820815173999348, 0.04526403871704815, 0.0460377328885726, 0.08388157717007876, 0.7862903213734067, 0.09124087787841662, 0.76923075, 0.07698112574439335, 0.51339465, 0.8926232398520867, 7
0.16205533596837943, 0.9705882352941175, 0.0, 0.33333332333333354, 0.0, 0.07220215832345012, 0.005498863474654518, 0.04175365382124378, 0.006130810541492001, 0.09281115615617354, 0.0720871685804805, 0.07924528109647572, 0.1274671120679861, 0.7197580553155078, 0.09489051264318829, 0.8333333076923077, 0.11698113117835533, 0.44603544, 0.9179341757607254, 7
0.5494071146245059, 0.08823529411764705, 0.0, 0.0, 0.0, 0.032490891317755295, 0.0004569807751972534, 0.03340284000898421, 0.0010099589039815164, 0.7639484543369762, 0.688181016322514, 0.8649056327974383, 0.7245065561225869, 0.12096767893957938, 0.8503650326735595, 0.14102559615384613, 0.8649056327974383, 0.28352436, 0.12367065232578645, 2
0.8181818181818181, 0.953781512605042, 0.0, 0.33333332333333354, 0.0, 0.06859206665276485, 0.0032265671520582454, 0.0918580293879478, 0.02438320425455496, 0.10246781293056596, 0.08214584888027329, 0.08830188212744775, 0.13733552333335133, 0.7197580553155078, 0.09489051264318829, 0.8333333076923077, 0.12603772541687489, 0.42162097, 0.9180617605409392, 7
0.003952569169960474, 0.21008403361344538, 0.0, 0.0, 0.0, 0.07942236115940533, 0.002104883301351694, 0.056367424391456304, 0.003408601531649135, 0.13090128139908663, 0.12992456144427286, 0.16075470396012884, 0.0986842088707583, 0.8508064494691403, 0.3163017234091682, 0.30555553846153843, 0.16075470396012884, 0.43502074, 0.22600819564561547, 1
0.7114624505928854, 0.058823529411764705, 0.0, 0.0, 0.0, 0.04693135417378083, 0.0017309937943330695, 0.018789142716428283, 0.0012444056610792912, 1.0, 1.0, 0.9954716757109304, 1.0, 0.5967741948653748, 0.41119222948301326, 0.4081196346153846, 0.9954716757109304, 0.09626316, 0.12742334259900462, 2
0.6047430830039525, 0.44957983193277307, 0.0, 0.0, 0.0, 0.028880864629019027, 0.00011078325765845046, 0.01670146228006322, 0.0005771169737717064, 0.043186693693704134, 0.05867560515756562, 0.0460377328885726, 0.024671052587755368, 0.9959677494788961, 0.15936739896194088, 0.42735040384615386, 0.05283018535991473, 0.5694444, 0.37259815072524693, 1
0.6877470355731226, 0.0042016806722689065, 0.0, 0.0, 0.0, 0.057761678572117836, 0.003018712717635238, 0.045929033483116624, 0.0037950400111100855, 0.8243025048582615, 0.7552388975611434, 0.8973584356112525, 0.8083881480952972, 0.15120967579141198, 0.7335766720256816, 0.31410253846153846, 0.8973584356112525, 0.24216007, 0.10593317613439673, 2
0.4782608695652174, 0.32773109243697474, 0.0, 0.0, 0.0, 0.1444043361414849, 0.007588659408588059, 0.08141960465915124, 0.006222045104920576, 0.16282188517931823, 0.1659681419625099, 0.19547169608828774, 0.12335527404075063, 0.8709677419940168, 0.3394160780142794, 0.24358971153846148, 0.19547169608828774, 0.420716, 0.23508067042194314, 1
0.6996047430830039, 0.05042016806722689, 0.0, 0.0, 0.0, 0.04693135417378083, 0.0012253678873131587, 0.05845512361696409, 0.0060442452718834985, 0.32457081010425703, 0.2984073772537342, 0.37358488592381733, 0.29523027380945954, 0.6108870843908524, 0.4671532893068359, 0.29487176923076924, 0.37358488592381733, 0.2845817, 0.15216299070269418, 4
0.22134387351778653, 0.31932773109243695, 0.0, 0.33333332333333354, 0.0, 0.03610102717616586, 0.0010176228542508412, 0.04801672895079585, 0.0037601856245157357, 0.7682402808695158, 0.7024308523912538, 0.85207539649413, 0.737664460013688, 0.19153221729277647, 0.7688564539488876, 0.2094017115384615, 0.85207539649413, 0.25774616, 0.12034855856362114, 2
0.36363636363636365, 0.5630252100840336, 0.0, 0.0, 0.0, 0.19855593863858526, 0.01340969605639876, 0.13361167193570594, 0.01565862948216173, 0.05579399116763986, 0.04861693240177929, 0.06716980852687805, 0.050164473521089416, 0.8286290316837117, 0.20437956325057283, 0.5256410057692308, 0.06716980852687805, 0.3494709, 0.1613811311362719, 3
0.7430830039525691, 0.2773109243697479, 0.0, 0.0, 0.0, 0.17689533013071962, 0.00871034266106434, 0.050104405629332376, 0.0036791237816205997, 0.2998926807985974, 0.28667224520797163, 0.3373584817999293, 0.2705592234420989, 0.7116935470152348, 0.4038929665228131, 0.29914528846153843, 0.3373584817999293, 0.2655346, 0.17495126227441132, 4
0.683794466403162, 0.3487394957983193, 0.0, 0.6666666466666671, 0.0, 0.1444043556360696, 0.0025743710524747405, 0.03549058620734878, 0.004284199059070828, 0.39940985302962, 0.40821456301040854, 0.41433960075187015, 0.3725328879320139, 0.840725803206702, 0.32481751924716296, 0.3012820192307692, 0.41433960075187015, 0.17457852, 0.21979100543427976, 4
0.14229249011857706, 0.4243697478991596, 0.0, 1.0, 0.0, 0.09025271414979989, 0.007547110446842867, 0.14613775831172487, 0.018323469334489532, 0.12473174545142723, 0.14333612260398582, 0.1366037588209335, 0.09292762823131273, 0.9939516187747954, 0.22749392551991787, 0.3098290384615384, 0.13962263035955913, 0.39369074, 0.3121148667082838, 1
0.6640316205533596, 0.4369747899159664, 0.0, 0.0, 0.0, 0.07942236765760022, 0.00232050680273813, 0.04175364630558669, 0.0063003581561153965, 0.22639484543369762, 0.2070410701746498, 0.2649056463823432, 0.20230263817683092, 0.6895161128991607, 0.3868613091533912, 0.3525640769230769, 0.2649056463823432, 0.30714995, 0.15723857301304317, 4
0.7430830039525691, 0.4285714285714286, 0.0, 0.0, 0.0, 0.010830330246712415, 0.00012463142472203043, 0.012526092012761737, 0.0006492567111420677, 0.0482832585232507, 0.062028495824694184, 0.05358490358419377, 0.028782894315648802, 0.9818548381792243, 0.17274939528921818, 0.41880340384615383, 0.05735849130936273, 0.53858024, 0.34802488743592963, 1
0.35968379446640314, 0.20588235294117643, 0.0, 0.0, 0.0, 0.12274354568416211, 0.00490146474438331, 0.07098112732075505, 0.003506388591204568, 0.8943132556088731, 0.8474434116531966, 0.9464150896233537, 0.87911186578217, 0.2903225891324145, 0.6532847028211421, 0.30769228846153845, 0.9464150896233537, 0.19369136, 0.114032984612919, 2
0.09881422924901184, 0.44957983193277307, 0.0, 0.0, 0.0, 0.05054151277587354, 0.0047636855830318564, 0.03131523660810429, 0.005139951235607433, 0.009656652428899036, 0.000838222930822366, 0.02264150801139203, 0.004111842468025021, 0.83064515875878, 0.19829684083240107, 0.5341880134615384, 0.02264150801139203, 0.984127, 0.14198367763680725, 3
0.11857707509881421, 0.39075630252100835, 0.0, 0.0, 0.0, 0.10469311332351541, 0.002728043322639718, 0.027139875735374165, 0.0057170665050795925, 0.13841200317974234, 0.1475272331088941, 0.16075470396012884, 0.10444078951020386, 0.9213709696771757, 0.2822384524659459, 0.2905982692307692, 0.16075470396012884, 0.40322387, 0.25983856917616227, 1
0.11067193675889327, 0.1638655462184874, 0.0, 0.0, 0.0, 0.025270784655084585, 6.923816197637933e-05, 0.05010438308236111, 0.0008656801109606133, 0.9109441830066874, 0.8717518903016969, 0.9524528327006051, 0.8996710929249268, 0.34072580229944394, 0.6070559607642034, 0.33547005769230764, 0.9524528327006051, 0.17584935, 0.11316887148672855, 2
0.48221343873517786, 0.5840336134453781, 0.0, 0.0, 0.0, 0.0, 0.0, 0.0, 0.0, 0.0, 0.0, 0.0, 0.0, 0.8971774193731303, 0.1326034084971674, 0.5790598076923077, 0.0, 0.0, 0.511880833947772, 5
0.12648221343873517, 0.5, 0.0, 0.33333332333333354, 0.0, 0.06859205365637507, 0.003732009178048808, 0.06471815741040218, 0.004860401116150644, 0.014216737855504811, 0.005029337886694454, 0.02867924429619087, 0.0074013158503397685, 0.8266129027941274, 0.20681265528353504, 0.5235042538461538, 0.02867924429619087, 0.6768879, 0.14645498515245908, 3
0.15019762845849802, 0.5252100840336134, 0.0, 0.0, 0.0, 0.07220213882886542, 0.0018763808743688768, 0.08977036398289692, 0.007979301622843769, 0.39565449213929216, 0.37049453074620176, 0.45358489679174135, 0.3552631608163089, 0.5967741948653748, 0.5316301668664642, 0.19658115384615382, 0.45358489679174135, 0.28091076, 0.16729897672422384, 4
0.1067193675889328, 0.7352941176470588, 0.0, 0.0, 0.0, 0.09386279282409535, 0.005594557884274897, 0.19206678803701296, 0.09255521054040125, 0.21700642872290002, 0.20284995966974148, 0.24754714692203753, 0.1965460501360695, 0.7298387088360108, 0.34549879714777953, 0.38247861538461536, 0.24754714692203753, 0.2758629, 0.15814655560990193, 6
0.7075098814229249, 0.6260504201680672, 0.0, 0.0, 0.0, 0.20216595882912664, 0.021547368209310604, 0.4864300865581984, 0.045754385308821026, 0.30042916092578703, 0.2690695735433504, 0.3433962180847281, 0.2828947227211737, 0.5806451419745052, 0.43065693071021366, 0.3910256153846154, 0.3433962180847281, 0.29110643, 0.11539669019783877, 6
0.35177865612648224, 0.4327731092436975, 0.0, 0.0, 0.0, 0.08303250481564978, 0.0031937421449561303, 0.0501043905980182, 0.005528224271796628, 0.13572960254379385, 0.08885163323213299, 0.20075470260163836, 0.11019737014964943, 0.5181451300667428, 0.48783454530964176, 0.35683759615384614, 0.20075470260163836, 0.5961039, 0.12819840952796008, 3
0.6679841897233202, 0.4201680672268907, 0.0, 0.0, 0.0, 0.18411550047570036, 0.0023316341474923273, 0.045929007178316814, 0.0033527489572608422, 0.2052038586822378, 0.18357082871514405, 0.23698112710288388, 0.19078948429925563, 0.6794354775238195, 0.3479318738522742, 0.43162391346153844, 0.23698112710288388, 0.30207062, 0.132224757695026, 5
0.308300395256917, 0.14285714285714285, 0.0, 0.33333332333333354, 0.0, 0.043321463947137435, 0.0013294055527883254, 0.03757833428462763, 0.005626905650366551, 0.9152360095392269, 0.8751047485295976, 0.9622641227483106, 0.898848658707637, 0.332661293999171, 0.635036523522831, 0.29487176923076924, 0.9622641227483106, 0.18101238, 0.11872068542312902, 2
0.9446640316205533, 0.0546218487394958, 0.0, 0.0, 0.0, 0.0794224911233033, 0.0037666088352479076, 0.033402889236538134, 0.0010099712236325382, 0.9914162745100311, 0.988264845322218, 0.9954716757109304, 0.9851973682993205, 0.5766129059695306, 0.4501216647841302, 0.3611110961538462, 0.9954716757109304, 0.10610159, 0.13316289206429455, 2
0.3794466403162055, 0.03361344537815125, 0.0, 0.0, 0.0, 0.06137181183125045, 0.0022867905447013738, 0.050104334230590054, 0.004232635232760572, 0.9184548613324093, 0.8675607420767563, 0.9705659940078343, 0.9070724087752665, 0.25403226549086266, 0.6605839329346261, 0.3333333076923077, 0.9705659940078343, 0.19512747, 0.10819111266321807, 2
0.2727272727272727, 0.24369747899159663, 0.0, 0.33333332333333354, 0.0, 0.13718416579650422, 0.006757781498936234, 0.10647180747381743, 0.010117593747187906, 0.16496781293056595, 0.1651299274055347, 0.20150941878818165, 0.1241776416461977, 0.8487903205795558, 0.3588807792414798, 0.23290596153846155, 0.20150941878818165, 0.43356952, 0.2287055229524425, 1
0.2648221343873518, 0.37815126050420167, 0.0, 0.0, 0.0, 0.043321304741362414, 0.0021602758350042035, 0.04175364630558669, 0.004689079958722839, 0.015557938173479046, 0.000838222930822366, 0.038490562872196675, 0.004934210813603707, 0.7862903213734067, 0.24817518152272366, 0.4935897173076923, 0.038490562872196675, 0.9876543, 0.14084667059748895, 3
0.6640316205533596, 0.3739495798319328, 0.0, 0.0, 0.0, 0.0649819489893, 0.0013293979627417702, 0.03340293583361207, 0.0014427893910372153, 0.4216737855504813, 0.40318522286051217, 0.4732075448116769, 0.3815789611971954, 0.637096772657063, 0.5085158122613529, 0.19444442307692306, 0.4732075448116769, 0.25975996, 0.1747812510982223, 4
0.25691699604743085, 0.6176470588235293, 0.0, 0.0, 0.0, 0.1949458924552643, 0.015121941388837937, 0.10438413455310945, 0.0020920496081669256, 0.1655042858152667, 0.13746855280910134, 0.2143396075443226, 0.13898027334687724, 0.6451612809573359, 0.418491481494308, 0.3440170769230769, 0.2143396075443226, 0.4260139, 0.14878188367425832, 4
0.15415019762845847, 0.25210084033613445, 0.0, 0.33333332333333354, 0.0, 0.09025273364438459, 0.004057441846222367, 0.060542811568986235, 0.012209639459813007, 0.14940986751459795, 0.1492036923988703, 0.1818867911456035, 0.11348684057143783, 0.8508064494691403, 0.33454989175857397, 0.27350424999999995, 0.1818867911456035, 0.42697316, 0.2274313049758404, 1
0.28063241106719367, 0.4411764705882353, 0.0, 0.0, 0.0, 0.018050540230682015, 0.00023541456647336602, 0.02087682691062189, 0.0005771169737717064, 0.039699569969975534, 0.04945515148515837, 0.04528301534353881, 0.023848684982308264, 0.955645164429143, 0.1715328503676276, 0.44871792884615386, 0.04830188348593823, 0.5458554, 0.3330504341023337, 1
0.2766798418972332, 0.4201680672268907, 0.0, 0.0, 0.0, 0.04693139966114512, 0.0009001149125570553, 0.02713986821971708, 0.00073943178458277, 0.039699569969975534, 0.05364626727087117, 0.04301886678390893, 0.022203947551019305, 0.9858871014019416, 0.160583944978422, 0.4358974096153846, 0.04830188348593823, 0.58002645, 0.3673692799277988, 1
0.12648221343873517, 0.5714285714285714, 0.0, 0.0, 0.0, 0.03610108565991996, 0.0009416580041677208, 0.027139874608025603, 0.0007394308593915866, 0.039431330630629584, 0.031014247912347092, 0.05886792368244932, 0.026315790019044324, 0.8245967720900267, 0.23844283090912347, 0.47008545192307694, 0.05886792368244932, 0.5783389, 0.17476113293926637, 1
0.7984189723320158, 0.5042016806722689, 0.0, 0.0, 0.0, 0.007220216482164501, 0.00011078340347707885, 0.004175365006341523, 0.00014427935300504046, 0.0042918453630109285, 0.0, 0.012075471211107181, 0.0, 0.8649193535107473, 0.1715328503676276, 0.544871773076923, 0.012075471211107181, 1.0, 0.1563080444962744, 5
0.2766798418972332, 0.7731092436974789, 0.0, 0.0, 0.0, 0.1768953756180839, 0.006935446915775236, 0.17118998367336233, 0.010452161382948511, 0.4015557662958898, 0.37049453074620176, 0.47245283541758604, 0.35279606540128344, 0.5524193447783883, 0.5961070553749979, 0.13034184615384614, 0.47245283541758604, 0.31473875, 0.16820473528832036, 6
0.35177865612648224, 0.45798319327731085, 0.0, 0.33333332333333354, 0.0, 0.10830326347795477, 0.005228577430102963, 0.04384134177326593, 0.003365820496549134, 0.11722101642828255, 0.0771165087303769, 0.1720754671356357, 0.096217106054417, 0.5725806155290705, 0.4330900402614245, 0.3952991346153846, 0.1720754671356357, 0.584744, 0.13035454987019968, 3
0.4268774703557312, 0.2647058823529411, 0.0, 0.0, 0.0, 0.09747296247311939, 0.0025844087581808925, 0.014613770570212526, 0.0015958609089000275, 0.37499999999999994, 0.3595976509774467, 0.4181131952694916, 0.3412828893197606, 0.6733870962986148, 0.4537713072131357, 0.25213673076923077, 0.4181131952694916, 0.25070548, 0.1740447736842936, 4
0.992094861660079, 0.7899159663865546, 0.0, 0.0, 0.0, 0.29963896029141546, 0.020545900825236225, 0.2087682428014191, 0.028219665318419643, 0.291845471648263, 0.2699078031883385, 0.33283017109576457, 0.2672697308163629, 0.6512096803277024, 0.418491481494308, 0.3376068269230769, 0.33283017109576457, 0.2753682, 0.1424833210275846, 6
0.7905138339920948, 0.33193277310924363, 0.0, 0.0, 0.0, 0.05415170646821872, 0.0007893319390579833, 0.029227635086138636, 0.001442795234349953, 0.6542381886593052, 0.5649622316860945, 0.7841508717807086, 0.5970395032651274, 0.056451612537395945, 0.9574209770144047, 0.021367499999999984, 0.7841508717807086, 0.35122013, 0.13111248665368125, 2
0.26877470355731226, 0.016806722689075626, 0.0, 0.0, 0.0, 0.039711244911832165, 0.0004015824087996084, 0.025052191541180557, 0.0015149163218138265, 0.9436695142201924, 0.9111483516798541, 0.9773584464791765, 0.9342105175510733, 0.3790322530160639, 0.5790754636990083, 0.3440170769230769, 0.9773584464791765, 0.1606036, 0.11469688385846255, 2
0.5968379446640316, 0.5840336134453781, 0.0, 0.0, 0.0, 0.010830326347795478, 0.00012463134246536829, 0.07933193925410034, 0.021136922646615538, 0.010193132556088731, 0.007544006452841359, 0.01660377240583844, 0.005756579159182394, 0.8749999997731857, 0.16666667068126534, 0.5427350230769231, 0.01660377240583844, 0.43915343, 0.17228766896070274, 5
0.8932806324110671, 0.2352941176470588, 0.0, 0.0, 0.0, 0.2346570567894797, 0.1717280674014081, 0.16283922434961662, 0.17724717738778212, 0.08020385868223781, 0.05196982306890786, 0.10867923954147414, 0.07648026872105484, 0.6693548421484783, 0.29440390168185154, 0.5363247634615385, 0.10867923954147414, 0.6042809, 0.0905243810864858, 3
0.6363636363636364, 0.6134453781512604, 0.0, 0.0, 0.0, 0.14079422497621497, 0.0035905922905915505, 0.083507303884659, 0.007087513736654361, 0.18910942589659116, 0.19027659797899085, 0.20075470260163836, 0.17434210258505017, 0.8487903205795558, 0.2457420938693236, 0.43162391346153844, 0.20075470260163836, 0.20284556, 0.2058549105539862, 4
0.28063241106719367, 0.7478991596638654, 0.0, 0.33333332333333354, 0.0, 0.08303248532106507, 0.0018971657868818124, 0.116910232202614, 0.02243543139424948, 0.10997853471122168, 0.09136629953507795, 0.10113207088358872, 0.13733552333335133, 0.7298387088360108, 0.12287104802955234, 0.77350425, 0.12603772541687489, 0.3503698, 0.9440102298716124, 7
0.05928853754940711, 0.7436974789915966, 0.0, 0.0, 0.0, 0.2454873382997304, 0.02570174654075216, 0.32150308782650316, 0.3587505020379527, 0.2145922681505464, 0.19698238233085053, 0.25056603204556815, 0.19161185190470273, 0.7056451657900302, 0.3710462503551962, 0.36324784615384614, 0.25056603204556815, 0.30038968, 0.14505830955514082, 6
0.8814229249011858, 0.25210084033613445, 0.0, 0.0, 0.0, 0.09747292348395001, 0.004777532744320795, 0.08768266475738914, 0.005194050572703082, 0.042113733439324744, 0.017602682980630915, 0.07245282862513358, 0.03289473900406858, 0.7076612747199366, 0.29197080307954615, 0.49999998076923075, 0.07245282862513358, 0.7899301, 0.11195536451132987, 3
0.6679841897233202, 0.09663865546218486, 0.0, 0.0, 0.0, 0.07220213882886542, 0.0012740182536506816, 0.06889357089273192, 0.00708772799145474, 0.7462446246246942, 0.6756077225278215, 0.8505659777059483, 0.6981908149522271, 0.16330645638698316, 0.861313938062765, 0.07692307692307687, 0.8505659777059483, 0.2846535, 0.1328876043449111, 2
0.7865612648221344, 0.9957983193277311, 0.0, 0.0, 0.0, 0.1480144343103651, 0.005312082897965024, 0.05427974771291978, 0.004994078776425895, 0.06679184101751755, 0.04945515148515837, 0.04981131925525106, 0.10197368669386256, 0.7520161248069231, 0.07055961311648648, 0.841880326923077, 0.09358490222570327, 0.5633903, 0.8841831543609464, 7
0.3715415019762846, 0.7478991596638654, 0.0, 0.0, 0.9999999999999999, 0.20577617396551495, 0.010419952415268722, 0.225469765206739, 0.025250179000146863, 0.43642702526064264, 0.3956412164076708, 0.5177358066101838, 0.3856907844217992, 0.4717741710498498, 0.6569343343012424, 0.10897432692307685, 0.5177358066101838, 0.3208649, 0.15915079977746094, 6
0.4505928853754941, 0.2857142857142857, 0.0, 0.0, 0.0, 0.04693151922793126, 0.0024188403051961464, 0.027139937363762273, 0.0018975319113047457, 0.767167378555048, 0.6932103413843975, 0.8483018155614136, 0.7475329008843167, 0.13306451397063612, 0.7554744828040929, 0.29487176923076924, 0.8483018155614136, 0.26421982, 0.10743601109707457, 2
0.8221343873517786, 0.22268907563025211, 0.0, 0.0, 0.0, 0.06859207964915466, 0.001730997608051043, 0.04175372897781464, 0.0029577142343487845, 0.6767703250313165, 0.5968147620514748, 0.796981108084017, 0.6208881342178301, 0.1169354610797666, 0.9172749321931553, 0.027777769230769245, 0.796981108084017, 0.32571116, 0.1341612111369374, 2
0.07114624505928853, 0.20588235294117643, 0.0, 0.0, 0.0, 0.7292418575506002, 0.003313072520389744, 0.025052191541180557, 0.0017780532575105072, 0.45493561137615396, 0.40569991933948296, 0.5433961977073707, 0.40460527635366184, 0.4052419412822746, 0.6970803243779646, 0.10897432692307685, 0.5433961977073707, 0.32936445, 0.1509072610595122, 4
0.6679841897233202, 0.31512605042016806, 0.0, 0.0, 0.0, 0.046931395112408694, 0.001456995057944958, 0.03131523660810429, 0.0022373455271583543, 0.16174892492493884, 0.13746855280910134, 0.19924527702100425, 0.14391447897955986, 0.6733870962986148, 0.3625304216704853, 0.4123931346153846, 0.19924527702100425, 0.3786151, 0.13697174340909585, 5
0.9209486166007905, 0.6890756302521008, 0.0, 0.0, 0.0, 0.07220215832345012, 0.0017725312401455585, 0.033402918547600774, 0.0027413093383539078, 0.11775751104045017, 0.09471918793900459, 0.10490565860875765, 0.1537829050475568, 0.6955645122695272, 0.10583941803239391, 0.8397435576923077, 0.14113207631755068, 0.3963988, 0.9298832756301527, 7
0.8102766798418972, 0.0546218487394958, 0.0, 0.0, 0.0, 0.07942216621355837, 0.005594533581170165, 0.070981078468984, 0.00685329136276571, 0.9924891768244987, 0.9916177035501187, 0.9969810265745873, 0.983552647891058, 0.5927419044249147, 0.4525547414886249, 0.3397435576923077, 0.9969810265745873, 0.105127536, 0.14133874209046515, 2
0.007905138339920948, 0.39075630252100835, 0.0, 0.0, 0.0, 0.014440432964329002, 0.0006435933613489555, 0.004175365006341523, 0.0008381872271416423, 0.004023605299416082, 0.0, 0.011320753666073392, 0.0, 0.866935484214848, 0.16909975942955593, 0.5470085269230769, 0.011320753666073392, 1.0, 0.1563080444962744, 3
1.0, 0.6134453781512604, 0.0, 0.0, 0.0, 0.23104691313323525, 0.02819436830510223, 0.5574112213946105, 0.7435615458600713, 0.26528969086739523, 0.23637887388503356, 0.3139622324699198, 0.23930923223116146, 0.6088709573157841, 0.4476885880796355, 0.33119655769230766, 0.3139622324699198, 0.29484537, 0.11853738098241468, 6
0.7430830039525691, 0.5378151260504201, 0.0, 0.0, 0.0, 0.0, 0.0, 0.0, 0.0, 0.0, 0.0, 0.0, 0.0, 0.8971774193731303, 0.1326034084971674, 0.5790598076923077, 0.0, 0.0, 0.511880833947772, 5
0.8418972332015809, 0.7605042016806722, 0.0, 0.0, 0.0, 0.07942236765760022, 0.0038346504245154174, 0.12108560059100121, 0.008255188277379718, 0.32644848330693205, 0.30343668722760475, 0.3766037438775381, 0.29276317099311816, 0.6330645185069266, 0.4732360084403361, 0.26068375, 0.3766037438775381, 0.29197225, 0.16435478178079155, 6
0.11462450592885375, 1.0, 0.0, 0.0, 0.0, 0.15884473531520044, 0.0070355084063691495, 0.30062628346285253, 0.00781807245084508, 0.14967810033570383, 0.16177703145760164, 0.12075471890352428, 0.16858553674823631, 0.9395161296834353, 0.037712891474416935, 0.7008546826923077, 0.15471698126023495, 0.23141664, 0.7303895741418672, 7
0.8221343873517786, 0.7478991596638654, 0.0, 0.0, 0.9999999999999999, 0.19855593863858526, 0.008613698934783703, 0.21503129162617138, 0.02956466443607942, 0.349248895954983, 0.3310980693680446, 0.3984905540420085, 0.3116776259184015, 0.6612903157030436, 0.47566911799154693, 0.2264956923076923, 0.3984905540420085, 0.27976418, 0.17829272719216205, 6
0.37549407114624506, 0.9369747899159663, 0.0, 0.0, 0.0, 0.11191335514864002, 0.014360297042267288, 0.06471816116823073, 0.005500649678987876, 0.10112660537010276, 0.08130762677929163, 0.08452830119473126, 0.13815790574143016, 0.7237903276108061, 0.08272506452217321, 0.8504273269230769, 0.12679245518832313, 0.42423514, 0.9058622617462462, 7
0.15810276679841895, 0.26890756302521, 0.0, 0.33333332333333354, 0.0, 0.11552347931029978, 0.0024372327453003966, 0.06054278902201497, 0.007664841313155985, 0.03621244479774915, 0.009220452163605963, 0.06943395708650793, 0.026315790019044324, 0.6915322581193908, 0.30413626324435716, 0.49572647115384616, 0.06943395708650793, 0.8916084, 0.11208437538888744, 3
0.9486166007905138, 0.32352941176470584, 0.0, 0.0, 0.9999999999999999, 0.3682310334423752, 0.08740810902627032, 0.254697298831507, 0.3104890969627629, 0.06518240063594846, 0.036043585799041544, 0.10641509098184425, 0.04851973534966888, 0.6673386969282483, 0.35158151628127965, 0.43803416346153845, 0.10641509098184425, 0.7629189, 0.12710798833520282, 3
0.9446640316205533, 0.18907563025210083, 0.0, 0.0, 0.0, 0.06859200167081587, 0.0028942072016904193, 0.03757833428462763, 0.0034626867474056664, 0.6714055599718644, 0.5800502445917772, 0.8052830065133506, 0.611842134965807, 0.036290323641551825, 0.9817518973440267, 0.0, 0.8052830065133506, 0.35133117, 0.13170696551781508, 2
0.02766798418972332, 0.8949579831932772, 0.0, 0.0, 0.0, 0.1877256116409703, 0.007422280727480912, 0.04175364630558669, 0.002217636033294417, 0.13036480127189692, 0.10561609033977902, 0.10716980716838755, 0.1792763082177328, 0.6794354775238195, 0.05961070772728087, 0.9380341538461539, 0.16452828489284535, 0.424404, 0.8977811623066854, 7
0.2964426877470356, 0.39075630252100835, 0.0, 0.0, 0.0, 0.11913357747917992, 0.01325245571656508, 0.083507303884659, 0.01810704812591326, 0.026555793093099005, 0.007544006452841359, 0.05358490358419377, 0.015625000786389807, 0.7520161248069231, 0.2712895470767403, 0.48931622115384615, 0.05358490358419377, 0.9035714, 0.12894982700929902, 3
0.5612648221343873, 0.029411764705882346, 0.0, 0.0, 0.0, 0.07220247023680527, 0.002805364211188148, 0.04801677780256692, 0.004523496057906451, 0.9222102801626488, 0.8809723258684886, 0.9690565752196527, 0.9070724087752665, 0.32258064047866797, 0.6362530564006257, 0.30341878846153847, 0.9690565752196527, 0.18147528, 0.11683173460464252, 2
0.47035573122529645, 0.31932773109243695, 0.0, 0.33333332333333354, 0.0, 0.2599277959572, 0.035727635329595345, 0.21920667128804422, 0.05772973860524799, 0.07591201766472026, 0.043587592251882905, 0.1162264014069071, 0.06332236482995365, 0.6411290268071994, 0.35036498340348504, 0.4679486980769231, 0.1162264014069071, 0.6866853, 0.11175985335644739, 3
0.7865612648221344, 0.0, 0.0, 0.0, 0.0, 0.11552345981571507, 0.0069466353174064, 0.010438408570133837, 0.0012218572911103346, 0.06732832114470724, 0.04610226081802981, 0.10792452335493084, 0.04358552749659151, 0.7237903276108061, 0.349148439576785, 0.38247861538461536, 0.10792452335493084, 0.63273925, 0.15974796106278882, 5
0.2292490118577075, 0.5126050420168067, 0.0, 0.0, 0.0, 0.010830325048156496, 0.0006826338687918, 0.002087682540749047, 0.0006626451527578293, 0.0034871244479774913, 0.0, 0.009811319934496306, 0.0, 0.8709677419940168, 0.16423357864830312, 0.5512820307692308, 0.009811319934496306, 1.0, 0.1563080444962744, 5
0.7312252964426877, 0.32352941176470584, 0.0, 0.0, 0.0, 0.28880863329380047, 0.005442074596772235, 0.025052191541180557, 0.0022954699328447546, 0.07269312965909314, 0.05699915793799973, 0.101886787070132, 0.05592105120000865, 0.7620967656258129, 0.2956204455085516, 0.4358974096153846, 0.101886787070132, 0.5339284, 0.16095460918905824, 5
0.683794466403162, 0.7352941176470588, 0.0, 0.0, 0.0, 0.1877256116409703, 0.010769375351133127, 0.13569934861424246, 0.010884338636334421, 0.36507508143454587, 0.34283317123778134, 0.4211320532232123, 0.3240131770066873, 0.62701611913656, 0.5133820313637747, 0.19658115384615382, 0.4211320532232123, 0.29399088, 0.17317057601260122, 6
0.7075098814229249, 0.46218487394957974, 0.0, 0.33333332333333354, 0.0, 0.11191330316308083, 0.007879464377518597, 0.04175365757907232, 0.0025248871558921824, 0.4163089842785843, 0.39647946114067184, 0.46566038294624396, 0.37993420378235365, 0.6290322462116282, 0.49635035209654194, 0.22435894230769227, 0.46566038294624396, 0.2511938, 0.1686833776979767, 4
0.19762845849802368, 0.9411764705882352, 0.0, 0.33333332333333354, 0.0, 0.16606498363851996, 0.009480720421794217, 0.08768266475738914, 0.005985854021582081, 0.10246781293056596, 0.0838222930822366, 0.08830188212744775, 0.135690795523773, 0.731854835911079, 0.09489051264318829, 0.8205127884615384, 0.12452829983624077, 0.39798474, 0.9156752205909443, 7
0.7944664031620553, 0.03361344537815125, 0.0, 0.0, 0.0, 0.021660650096312992, 0.001365267438468465, 0.19624211133145766, 0.012725551871671504, 0.2950643596538901, 0.27996645331210546, 0.33509431286294195, 0.26480265020396915, 0.6995967664196636, 0.4148418719120187, 0.2927350192307692, 0.33509431286294195, 0.2745188, 0.1738948127576631, 4
0.5691699604743082, 0.3739495798319328, 0.0, 0.0, 0.0, 0.05776171756128723, 0.0022710626970000327, 0.09812107445487155, 0.007232003765430728, 0.16711372619683576, 0.1668063565194851, 0.20226414855962987, 0.12828947967343324, 0.8447580646149032, 0.3527980491590743, 0.24786324999999998, 0.20226414855962987, 0.41776258, 0.22573772949344173, 1
0.9446640316205533, 0.7521008403361344, 0.0, 0.0, 0.0, 0.1552346046553458, 0.002418833799441956, 0.16492693484861004, 0.011587772205854455, 0.33288625207569733, 0.30595138370657554, 0.3947169527319346, 0.2902960385715135, 0.6028225942357412, 0.5316301668664642, 0.19017094230769227, 0.3947169527319346, 0.32560807, 0.16951927446958087, 6
0.7826086956521738, 0.05042016806722689, 0.0, 0.0, 0.0, 0.0649819489893, 0.003157310183217742, 0.04801663500508228, 0.0037693028966859455, 0.7505364511572338, 0.6722548265798884, 0.8618867205040979, 0.7023026085715676, 0.10685478941410176, 0.8965937199859713, 0.07478632692307685, 0.8618867205040979, 0.29752782, 0.1295338308488963, 2
0.9644268774703557, 0.273109243697479, 0.0, 0.33333332333333354, 0.0, 0.12274368864444989, 0.0037666361295039916, 0.15240081465213423, 0.027575381655971457, 0.21861586186198015, 0.18943837587800919, 0.2739622677906727, 0.18585525646262546, 0.6209677379113554, 0.4659367564290413, 0.2863247692307692, 0.2739622677906727, 0.39203387, 0.1610107193285934, 4
0.7351778656126482, 0.26050420168067223, 0.0, 0.0, 0.0, 0.10108305414380465, 0.0034055764931995806, 0.2129436111898063, 0.02338676994137599, 0.28755364511572334, 0.2699078031883385, 0.32754713741260405, 0.25986841496602314, 0.6834677316739559, 0.41240876236080787, 0.31410253846153846, 0.32754713741260405, 0.27505925, 0.16614815012255096, 4
0.1818181818181818, 0.3487394957983193, 0.0, 0.0, 0.0, 0.06137185471933679, 0.002146651364933402, 0.03131523660810429, 0.0036655701203371824, 0.44849783536489973, 0.41072922931335354, 0.5230188402933443, 0.40213815133337294, 0.4899193328706257, 0.6277372167670092, 0.14102559615384613, 0.5230188402933443, 0.29722086, 0.15720616325317255, 4
0.13833992094861658, 0.5546218487394957, 0.0, 0.0, 0.0, 0.01805054282995998, 0.0007339398914675689, 0.04801669888816751, 0.01004544733870217, 0.0061695279809215455, 0.0025146688679071627, 0.009811319934496306, 0.005756579159182394, 0.8689516112899162, 0.1520681294323975, 0.5747863034615385, 0.009811319934496306, 0.25185186, 0.08219256015202192, 3
0.6956521739130435, 0.4915966386554621, 0.0, 0.0, 0.0, 0.0036101080461364036, 0.000508805127012886, 0.00835073114003161, 0.0013252903055156586, 0.008583690726021857, 0.005029337886694454, 0.01962263986899261, 0.0, 0.8689516112899162, 0.1885644792698955, 0.5106837384615385, 0.01962263986899261, 1.0, 0.19590620082404658, 5
0.91699604743083, 0.8319327731092436, 0.0, 0.33333332333333354, 0.0, 0.17328519947086496, 0.022765987947006072, 0.06263047321620858, 0.008440340458668885, 0.11185622239887456, 0.09388097338202939, 0.1033962194432186, 0.13815790574143016, 0.7338709629861472, 0.12530413787273348, 0.76495725, 0.12679245518832313, 0.33542147, 0.9456460823662896, 7
0.2845849802371542, 0.634453781512605, 0.0, 0.0, 0.0, 0.061371835224752085, 0.002146647999888131, 0.070981209992983, 0.005098488549249582, 0.16765020632402547, 0.16429170530455303, 0.12981130634959137, 0.211348681836749, 0.8225806450149585, 0.0, 0.8910255961538462, 0.19396225013029622, 0.330345, 0.8171849313801007, 7
0.8695652173913043, 0.5924369747899159, 0.0, 0.33333332333333354, 0.9999999999999999, 0.27436823412008493, 0.010247448977874978, 0.04801669888816751, 0.00290362049709451, 0.04694205892952537, 0.03269069588631363, 0.07320754481167688, 0.03207236991835831, 0.7802419274465887, 0.27372263473014036, 0.45512817884615386, 0.07320754481167688, 0.6248002, 0.15739639445241344, 5
0.035573122529644265, 0.76890756302521, 0.0, 0.0, 0.0, 0.07942234816301552, 0.003914824123665563, 0.037578274159370935, 0.004106258986528047, 0.11105149496560106, 0.10645431244076067, 0.07773584872338912, 0.15131579482989965, 0.83064515875878, 0.004866175306800086, 0.8739315961538462, 0.13886792096546835, 0.4405804, 0.8156339656320728, 7
0.14624505928853754, 0.39075630252100835, 0.0, 0.0, 0.0, 0.1444043361414849, 0.009416583780616399, 0.07933194676975742, 0.01529360698735546, 0.1448497791909966, 0.15088012905682718, 0.17056602117764416, 0.11019737014964943, 0.8971774193731303, 0.3004866208153517, 0.2841880192307692, 0.17056602117764416, 0.40815476, 0.2474382962482944, 1
0.5849802371541502, 0.7100840336134453, 0.0, 0.33333332333333354, 0.0, 0.20216616027316847, 0.011997443388160889, 0.26304799802999596, 0.027507353809080273, 0.2886265981276138, 0.2808046678690807, 0.3215094079202577, 0.2590460547618919, 0.7540322518819913, 0.37834551331539645, 0.29914528846153843, 0.3215094079202577, 0.24779001, 0.19469688725393242, 6
0.09486166007905138, 0.7815126050420167, 0.0, 0.0, 0.0, 0.07220217131983991, 0.0022710572755382076, 0.03966597714270726, 0.0022543627146784408, 0.12687767320267496, 0.09891030598791932, 0.12150943509006758, 0.15953947088437065, 0.6572580615529071, 0.14476885990285412, 0.8119657884615384, 0.14641508283090127, 0.39300215, 0.9685904776424439, 7
0.7035573122529644, 0.3697478991596639, 0.0, 0.0, 0.0, 0.028881087517104057, 0.00144019114354483, 0.022964444967033135, 0.0016051230465318575, 0.9771994859571035, 0.9538976712859121, 1.0, 0.970394736598641, 0.435483847408298, 0.5364963750199805, 0.3589743269230769, 1.0, 0.14110672, 0.1165234259408125, 2
0.8023715415019762, 0.05042016806722689, 0.0, 0.0, 0.0, 0.03971116433421542, 0.0012324585611500141, 0.03131523660810429, 0.002326492810582785, 0.7422209874583267, 0.6638725678500396, 0.8535848424521215, 0.6940789695236758, 0.10887097092465547, 0.8941606542303819, 0.07692307692307687, 0.8535848424521215, 0.29958275, 0.12931188596110726, 2
0.30434782608695654, 0.39915966386554624, 0.0, 0.0, 0.0, 0.05415163498807483, 0.0016202067827796726, 0.06054277774852935, 0.00571706699202232, 0.12392702526064268, 0.14333612260398582, 0.13509434003275186, 0.09210526802718148, 1.0000000000000002, 0.22384428309091237, 0.3098290384615384, 0.13584904942684267, 0.37883934, 0.31332786436320254, 1
0.8893280632411067, 0.9243697478991596, 0.0, 0.0, 0.0, 0.1805053893104304, 0.004929866474255871, 0.06680584912025288, 0.005338334624705449, 0.08476394700583918, 0.06286672546968229, 0.07471697718476347, 0.11677631839454208, 0.7137096740903031, 0.10948905170227508, 0.8141025384615385, 0.10716980716838755, 0.47394413, 0.9323444140531029, 7
0.5533596837944664, 0.20588235294117643, 0.0, 0.0, 0.0, 0.12274368864444989, 0.00792100997421852, 0.12734862311095368, 0.0310380922635708, 0.19822960254379388, 0.17937971821023574, 0.2558490521438237, 0.1529605374421097, 0.7016128934947319, 0.4708029426847468, 0.1923076923076923, 0.2558490521438237, 0.4503053, 0.1912792449697387, 1
0.5849802371541502, 0.21428571428571427, 0.0, 0.0, 0.0, 0.0974728974911704, 0.0042790087653447, 0.052192056003069094, 0.002254366464137447, 0.1743562151563856, 0.17099747456839984, 0.21660376968885744, 0.13075658989109037, 0.8205645124963417, 0.389294418704602, 0.2094017115384615, 0.21660376968885744, 0.4463545, 0.21903948608884483, 1
0.7430830039525691, 0.5504201680672268, 0.0, 0.0, 0.0, 0.0, 0.0, 0.0, 0.0, 0.0, 0.0, 0.0, 0.0, 0.8971774193731303, 0.1326034084971674, 0.5790598076923077, 0.0, 0.0, 0.511880833947772, 5
0.83399209486166, 0.5840336134453781, 0.0, 0.0, 0.0, 0.3249097449465, 0.028582102281373575, 0.08977033767809711, 0.015888768354332252, 0.19232831390221825, 0.1533948029037786, 0.2558490521438237, 0.16036183848981775, 0.5584677441487547, 0.49756690687214733, 0.2970085192307692, 0.2558490521438237, 0.46343043, 0.1441970486236378, 4
0.9209486166007905, 0.634453781512605, 0.0, 0.0, 0.0, 0.0324909874910398, 0.0007893319390579833, 0.11273485629856969, 0.039171864293346764, 0.098980684861344, 0.08801341113115134, 0.101886787070132, 0.10608552472109806, 0.788306448448475, 0.17639903005398985, 0.6175213461538461, 0.11471698261872545, 0.29914993, 1.0, 7
0.8893280632411067, 0.6848739495798318, 0.0, 0.0, 0.0, 0.19855589315122096, 0.012247313703055096, 0.08977036398289692, 0.01397850907485946, 0.4122853905671506, 0.3805532035019881, 0.4852829630416548, 0.36184211646251746, 0.5443548183329534, 0.6094890812643197, 0.11538461538461536, 0.4852829630416548, 0.3158616, 0.16863545064081847, 6
0.04743083003952569, 0.542016806722689, 0.0, 0.0, 0.0, 0.02527075476338805, 0.0002354147534203255, 0.04801669513033897, 0.000739429934200403, 0.03326180192545914, 0.0469404851822134, 0.035471696767533006, 0.01726973821767877, 0.9858871014019416, 0.15328467325909753, 0.44871792884615386, 0.04301886678390893, 0.6301587, 0.38007996671081345, 1
0.5296442687747035, 0.38235294117647056, 0.0, 0.0, 0.0, 0.06137185471933679, 0.00040159392473231254, 0.07515654831874187, 0.0034627052512293355, 0.4608368927752406, 0.4392288033787492, 0.520000002716981, 0.41529604782315827, 0.6028225942357412, 0.5571776529205971, 0.14529913461538463, 0.520000002716981, 0.26721877, 0.1746144146863579, 4
0.8023715415019762, 0.6008403361344538, 0.0, 0.0, 0.0, 0.0324909939892347, 0.0010427387669741297, 0.07515655583439895, 0.002716036182961134, 0.17167380727794818, 0.13076278354525453, 0.172830183322179, 0.20970395402717068, 0.5504032358484818, 0.18978102638126715, 0.846153826923077, 0.19245282454966212, 0.38903406, 0.998270109967385, 7
0.4031620553359684, 0.47058823529411764, 0.0, 0.0, 0.0, 0.06137184432222494, 0.003094941125541838, 0.031315241493281396, 0.003365819230498041, 0.012875536089032785, 0.0033528917987295285, 0.026415092340334748, 0.0074013158503397685, 0.8245967720900267, 0.20194647778695385, 0.5341880134615384, 0.026415092340334748, 0.9238095, 0.1320021676679624, 3
0.9604743083003953, 0.5084033613445378, 0.0, 0.33333332333333354, 0.0, 0.13718421128386848, 0.004220326862550689, 0.03757830797982782, 0.0035561252136217746, 0.3237660899134725, 0.27996645331210546, 0.3954716621260254, 0.2870065977549885, 0.4838709335002592, 0.5766423650967029, 0.23717944230769233, 0.3954716621260254, 0.36128438, 0.142564201119792, 4
0.015810276679841896, 0.3697478991596639, 0.0, 0.0, 0.0, 0.15162454547563503, 0.008641105359043975, 0.06680583784676725, 0.0029577234862606192, 0.12258583218515741, 0.1383067899980959, 0.13509434003275186, 0.09292762823131273, 0.973790326249919, 0.2299270131733179, 0.3269230576923077, 0.1373584750074768, 0.3768521, 0.3062664924337896, 1
0.8537549407114624, 0.2815126050420168, 0.0, 0.0, 0.0, 0.03610107916172506, 0.0021825320948670574, 0.10438412327962382, 0.0035063871303763834, 0.11480685585592892, 0.08968985533311466, 0.1577358324215032, 0.09210526802718148, 0.6814516045988878, 0.37469585993748555, 0.38247861538461536, 0.1577358324215032, 0.48998156, 0.14818034223280319, 5
0.24901185770750986, 0.4243697478991596, 0.0, 0.0, 0.0, 0.3357400914386997, 0.023630705125793995, 0.3319415087974712, 0.04221106863672008, 0.2159334757110096, 0.1383067899980959, 0.3207546849412619, 0.1768092202040232, 0.2721774273116385, 0.7043795544914486, 0.23717944230769233, 0.3207546849412619, 0.62924504, 0.12218605103628888, 3
0.5375494071146245, 0.33193277310924363, 0.0, 0.0, 0.0, 0.48014442758018455, 0.027593002560350778, 0.02922755992956777, 0.001676373285620737, 0.07215664953190346, 0.05364626727087117, 0.10566036800284849, 0.05345394838366734, 0.7419354894315819, 0.3163017234091682, 0.4209401538461538, 0.10566036800284849, 0.6084366, 0.1559159526135016, 5
0.7193675889328063, 0.273109243697479, 0.0, 0.0, 0.0, 0.06859217062388324, 0.0012324722830568402, 0.029227586234367574, 0.006204042832261475, 0.9817596467055946, 0.9706621887456097, 0.9984905132872937, 0.9695723763945097, 0.522177420507203, 0.5085158122613529, 0.3162392884615384, 0.9984905132872937, 0.124646865, 0.13404371090222555, 2
0.04743083003952569, 0.008403361344537813, 0.0, 0.33333332333333354, 0.0, 0.07942241314496452, 0.0033131028057971808, 0.045929033483116624, 0.004994084619738633, 0.4994634764178765, 0.44761103947657865, 0.5901886216504124, 0.4490131714557004, 0.3729838355005356, 0.7214112337586813, 0.10042730769230768, 0.5901886216504124, 0.3169049, 0.1476618539842698, 4
0.2924901185770751, 0.45798319327731085, 0.0, 0.0, 0.0, 0.04693141070807646, 0.0009001146134419202, 0.03131523660810429, 0.0018936669007887305, 0.011534334322560758, 0.0, 0.03018867938625845, 0.002467105332788695, 0.8104838698629359, 0.22627737074431242, 0.5064102365384615, 0.03018867938625845, 1.0, 0.14625675762168383, 3
0.7114624505928854, 0.058823529411764705, 0.0, 0.0, 0.0, 0.04693135417378083, 0.0017309937943330695, 0.018789142716428283, 0.0012444056610792912, 1.0, 1.0, 0.9954716757109304, 1.0, 0.5967741948653748, 0.41119222948301326, 0.4081196346153846, 0.9954716757109304, 0.09626316, 0.12742334259900462, 2
0.2964426877470356, 0.31932773109243695, 0.0, 0.0, 0.0, 0.06859207315095976, 0.0035616349543554043, 0.1231732923008519, 0.011946002336545986, 0.12178111923686183, 0.09723386178595601, 0.16603773085083687, 0.09703947365986408, 0.6834677316739559, 0.3832116995711019, 0.36538459615384616, 0.16603773085083687, 0.47304532, 0.1533463798603817, 5
0.6798418972332015, 0.726890756302521, 0.0, 0.0, 0.9999999999999999, 0.2093863046253696, 0.007908607912926389, 0.20668056988071112, 0.017077735926673436, 0.38707078837679015, 0.36378873885033564, 0.44754715371449005, 0.3421052495238919, 0.6129032114659205, 0.5413625284289698, 0.16239315384615383, 0.44754715371449005, 0.2983021, 0.17432880473858192, 6
0.6798418972332015, 0.8655462184873949, 0.0, 0.0, 0.0, 0.1805054088050151, 0.013072442245914967, 0.10647180747381743, 0.03219233205442695, 0.040504290885008974, 0.031014247912347092, 0.02943396184122466, 0.06167763702037531, 0.8165322510881405, 0.09124087787841662, 0.7371794615384616, 0.05660377512281943, 0.56125355, 0.8766159932402987, 7
0.2648221343873518, 0.6680672268907563, 0.0, 0.0, 0.0, 0.06859204065998525, 0.003973892632771788, 0.08768267978870331, 0.008276430180009092, 0.21807938173479047, 0.18524726537310088, 0.20452828353435484, 0.26398027519720624, 0.5947580677903066, 0.1326034084971674, 0.8995726153846154, 0.2422641472011394, 0.31229463, 0.9563141223873346, 7
0.06719367588932805, 0.5546218487394957, 0.0, 0.0, 0.0, 0.02527076256122193, 6.923953042812275e-05, 0.02296450734698695, 0.0018215266277813683, 0.028433475711009622, 0.041911145032317014, 0.027169809885368535, 0.016447369131968495, 0.9858871014019416, 0.13503649855932665, 0.4807692115384615, 0.03773584532716289, 0.6005291, 0.41495035568395716, 1
0.6719367588932806, 0.31932773109243695, 0.0, 0.0, 0.0, 0.0, 0.0, 0.0, 0.0, 0.0, 0.0, 0.0, 0.0, 0.8971774193731303, 0.1326034084971674, 0.5790598076923077, 0.0, 0.0, 0.511880833947772, 5
0.07905138339920947, 0.45798319327731085, 0.0, 0.0, 0.0, 0.028880866578477493, 0.0015093600229780248, 0.01670146040114895, 0.001965723030092671, 0.004023605299416082, 0.0, 0.00830188620291922, 0.0032894737523805405, 0.866935484214848, 0.15450121927557864, 0.5726495511538462, 0.00830188620291922, 0.5555556, 0.09685888478169075, 3
0.9130434782608695, 0.5714285714285714, 0.0, 0.0, 0.0, 0.0, 0.0, 0.0, 0.0, 0.0, 0.0, 0.0, 0.0, 0.8971774193731303, 0.1326034084971674, 0.5790598076923077, 0.0, 0.0, 0.511880833947772, 5
0.5770750988142292, 0.47058823529411764, 0.0, 0.0, 0.0, 0.4151624590962999, 0.01467088885128347, 0.05010435677756131, 0.0037013334829221396, 0.31303645115723383, 0.2808046678690807, 0.37358488592381733, 0.277138149483044, 0.570564506599164, 0.5194647176505586, 0.2457264615384615, 0.37358488592381733, 0.32463875, 0.15595517029045353, 4
0.4624505928853755, 0.7016806722689075, 0.0, 0.0, 0.0, 0.12635380630791473, 0.005541075350318039, 0.116910232202614, 0.005301164825438824, 0.3516630854972924, 0.332774498481995, 0.4007546958091859, 0.3149671185441375, 0.655241934477839, 0.47566911799154693, 0.23290596153846155, 0.4007546958091859, 0.27882218, 0.17300575990530714, 6
0.03162055335968379, 0.24789915966386553, 0.0, 0.0, 0.0, 0.05054149133183038, 0.0021048769451550717, 0.05636737929751378, 0.003625028583538141, 0.908529971736911, 0.8608549879009224, 0.9584905078533317, 0.8963816151018225, 0.28024191746674965, 0.6472019617898312, 0.3290598076923077, 0.9584905078533317, 0.19128962, 0.11016337133486614, 2
0.8142292490118577, 0.8571428571428571, 0.0, 0.0, 0.0, 0.05054152057370743, 0.0017725337826242076, 0.07724425505990673, 0.004418557757445647, 0.04560085426605775, 0.037720032264206796, 0.02867924429619087, 0.07154605568705638, 0.8266129027941274, 0.06447688522386204, 0.77350425, 0.06566037615379146, 0.58261186, 0.8473767194022752, 7
0.41897233201581024, 0.03361344537815125, 0.0, 0.0, 0.0, 0.043320967485047164, 0.0019307800840468663, 0.043841330499780305, 0.0019879354095792153, 0.9181866719662373, 0.8734283194156472, 0.9637735415364922, 0.9078947245715027, 0.2983870792875256, 0.6289537715426147, 0.3418803269230769, 0.9637735415364922, 0.18402189, 0.10945453304564645, 2
0.9960474308300394, 0.7899159663865546, 0.0, 0.0, 0.0, 0.1949458014805357, 0.010063541028164907, 0.1064717886846747, 0.011373586551343046, 0.31840127415659764, 0.2958926807747634, 0.3660377240583844, 0.2870065977549885, 0.6391128997321313, 0.45863749346884114, 0.2799145192307692, 0.3660377240583844, 0.2808298, 0.16081295018625003, 6
0.4426877470355731, 0.08823529411764705, 0.0, 0.0, 0.0, 0.12996381350206632, 0.0042447944806078795, 0.03131514266239071, 0.004074052253629379, 0.5278969448863972, 0.49036041943468833, 0.605283013305803, 0.47779608945555996, 0.4677419350448752, 0.6654501520370477, 0.09829057692307691, 0.605283013305803, 0.27917594, 0.15906543766503045, 4
0.011857707509881422, 0.9873949579831931, 0.0, 0.0, 0.0, 0.2166065399522993, 0.006780675771382414, 0.12108560059100121, 0.006130807619835631, 0.14163089118536945, 0.11735120729752867, 0.11320755024563886, 0.19572368993193826, 0.6794354775238195, 0.037712891474416935, 0.9764956923076924, 0.17962263579352114, 0.42215064, 0.886248194246682, 7
0.8972332015810276, 0.7100840336134453, 0.0, 0.33333332333333354, 0.0, 0.05776170976345335, 0.0025743738940685245, 0.029227544898253598, 0.003191722109965692, 0.12151287917326697, 0.1098072008446873, 0.08679244975436115, 0.17023026455781468, 0.7762096769254846, 0.0012165438267000284, 0.9380341538461539, 0.15622640684086908, 0.44435817, 0.837237999178636, 7
0.14229249011857706, 0.37815126050420167, 0.0, 0.0, 0.0, 0.11552345981571507, 0.007947789752270602, 0.11064718337786172, 0.016661276210666227, 0.02789699558381993, 0.01424978929589977, 0.042264149238875136, 0.025493420933334055, 0.7903225755235431, 0.21046229004830672, 0.5555555346153846, 0.042264149238875136, 0.79907405, 0.0877987016062779, 3
0.2411067193675889, 0.46218487394957974, 0.0, 0.0, 0.0, 0.028880864629019027, 0.0007754836560872884, 0.018789142716428283, 0.0005951522611477747, 0.042113733439324744, 0.05699915793799973, 0.04528301534353881, 0.023848684982308264, 0.9919354880706949, 0.160583944978422, 0.42948715961538464, 0.05132075026984716, 0.5734127, 0.36967895153323294, 1
0.7154150197628458, 0.5840336134453781, 0.0, 0.0, 0.0, 0.05054152057370743, 0.0036690461898826253, 0.03131523660810429, 0.0053094374954470855, 0.005633047129482955, 0.0025146688679071627, 0.011320753666073392, 0.002467105332788695, 0.872983869069085, 0.16180048990001256, 0.5534187807692308, 0.011320753666073392, 0.70555556, 0.1563080444962744, 5
0.16205533596837943, 0.18067226890756302, 0.0, 0.0, 0.0, 0.06859204065998525, 0.0035589139413601235, 0.05010436805104695, 0.007791082676252816, 0.16469955838199318, 0.15926235006664374, 0.20528299972089814, 0.1250000092516448, 0.8084677373443191, 0.37834551331539645, 0.24145298076923077, 0.20528299972089814, 0.44070765, 0.21317897300957978, 1
0.2292490118577075, 0.44957983193277307, 0.0, 0.0, 0.0, 0.14079422497621497, 0.007425770279426629, 0.05427973268160561, 0.00910504260359317, 0.13814377035863645, 0.07963117503332187, 0.22490564094838122, 0.10032894408165251, 0.43346773847839165, 0.5936739677215979, 0.26068375, 0.22490564094838122, 0.6812664, 0.13307189347188664, 3
0.2134387351778656, 0.33613445378151263, 0.0, 0.33333332333333354, 0.0, 0.054151630439338405, 0.001121681009112767, 0.052192067276554725, 0.008746933721640943, 0.021727466878649487, 0.004191115031312153, 0.04905660171021727, 0.009046052541497143, 0.7641128963299134, 0.2712895470767403, 0.4764957019230769, 0.04905660171021727, 0.9356702, 0.14116182113309877, 3
0.9525691699604742, 0.7142857142857142, 0.0, 0.0, 0.0, 0.0974729169857551, 0.003503004275028291, 0.0814196196904654, 0.00875594605765324, 0.11131973502919591, 0.0955574175839927, 0.08452830119473126, 0.15542763285713515, 0.7499999977318549, 0.03649634764771692, 0.9038461538461539, 0.1426415018981848, 0.42024404, 0.8643091466657931, 7
0.06719367588932805, 0.5252100840336134, 0.0, 0.0, 0.0, 0.057761729258038054, 0.0021048840491395323, 0.03131523472919002, 0.0014608275026811066, 0.04157725331213505, 0.05532271524483771, 0.04452829779850502, 0.024671052587755368, 0.9838709688833248, 0.15936739896194088, 0.4401709173076923, 0.04981131925525106, 0.5438712, 0.3655177981192832, 1
0.541501976284585, 0.7226890756302521, 0.0, 0.0, 0.0, 0.19855589315122096, 0.011131098649143705, 0.07306887539803389, 0.010489903826863423, 0.41335835082153, 0.3780385371990431, 0.4830188688216447, 0.3700657925169884, 0.5181451300667428, 0.5936739677215979, 0.17094017307692305, 0.4830188688216447, 0.29802468, 0.15724869151324378, 6
0.0, 0.7394957983193277, 0.0, 0.0, 0.0, 0.09025261667687641, 0.0017309890084909068, 0.465553207037977, 0.4119354824258474, 0.17086908708716364, 0.15926235006664374, 0.19924527702100425, 0.15049342722445253, 0.7620967656258129, 0.3211678768181575, 0.3910256153846154, 0.19924527702100425, 0.23309669, 0.1689808887676329, 6
0.15810276679841895, 0.26050420168067223, 0.0, 0.0, 0.9999999999999999, 1.0, 0.07154930124087167, 1.0, 0.15442702033511788, 0.3983368927752406, 0.357921184143464, 0.444528248213602, 0.3856907844217992, 0.4858870968656511, 0.47566911799154693, 0.4123931346153846, 0.444528248213602, 0.29780185, 0.11176642359063804, 3
0.09486166007905138, 0.5252100840336134, 0.0, 0.33333332333333354, 0.0, 0.08303248532106507, 0.0042751752309935324, 0.02713987009863135, 0.0023892014898889264, 0.03755364511572338, 0.015088012905682718, 0.06339622759416157, 0.031250000832648034, 0.7237903276108061, 0.26885645942334024, 0.5235042538461538, 0.06339622759416157, 0.7900112, 0.10326847929298161, 3
0.8458498023715415, 0.2983193277310924, 0.0, 0.0, 0.0, 0.021660650096312992, 0.0011147367521345793, 0.014613793117183787, 0.0015958603245687538, 0.12392702526064268, 0.09807208388693767, 0.16830188620291922, 0.10032894408165251, 0.6733870962986148, 0.3844282324488965, 0.37393159615384614, 0.16830188620291922, 0.475, 0.14790401889511068, 5
0.8616600790513833, 0.2815126050420168, 0.0, 0.0, 0.0, 0.08303242033911609, 0.0012324646556208933, 0.025052191541180557, 0.004544791329458828, 0.28755364511572334, 0.27409892123725327, 0.32754713741260405, 0.25575659174141935, 0.7137096740903031, 0.41240876236080787, 0.28205125, 0.32754713741260405, 0.28296396, 0.17867549851015274, 4
0.16996047430830039, 0.6050420168067226, 0.0, 0.0, 0.0, 0.05415166552959086, 0.0011216826916354025, 0.1106471721043761, 0.03709783059223533, 0.17596566278044365, 0.14501255926194268, 0.16452828489284535, 0.21792763748295757, 0.6209677379113554, 0.13017031843500815, 0.8760683653846154, 0.19999999320754755, 0.35004318, 0.9540225197747922, 7
0.766798418972332, 0.6218487394957982, 0.0, 0.0, 0.0, 0.1371840878181654, 0.006757777759997046, 0.39457195946670853, 0.44468690946020645, 0.30042916092578703, 0.2715842323022889, 0.3471697854325396, 0.27631581148286033, 0.5987903037952811, 0.4489051319063356, 0.3397435576923077, 0.34792449482663046, 0.29470626, 0.11859950110361261, 6
0.541501976284585, 0.5042016806722689, 0.0, 0.0, 0.0, 0.043321301492264964, 0.0016617503230630408, 0.043841330499780305, 0.0010279893219303034, 0.04667381959017941, 0.05867560515756562, 0.05358490358419377, 0.02713815836462301, 0.969758066656234, 0.18004866700854263, 0.41880340384615383, 0.055849052143823665, 0.5582011, 0.32892281604651524, 1
0.1343873517786561, 0.5126050420168067, 0.0, 0.0, 0.0, 0.014440434913787473, 0.00044313363634195056, 0.00835073114003161, 0.0005771174412367255, 0.0016094419749166533, 0.0, 0.004528301873976504, 0.0, 0.8850806442211077, 0.14720194974603523, 0.5662392942307692, 0.004528301873976504, 0.33333334, 0.1563080444962744, 3
0.30039525691699603, 0.273109243697479, 0.0, 0.0, 0.0, 0.14440438162884922, 0.00875188601440075, 0.07515657086571313, 0.02856732148776975, 0.17811157604671346, 0.1810561548681926, 0.21207545219224028, 0.13733552333335133, 0.8649193535107473, 0.35036498340348504, 0.23076923076923073, 0.21207545219224028, 0.40196496, 0.23846945121227608, 1
0.3675889328063241, 0.38235294117647056, 0.0, 0.0, 0.0, 0.42960285827001543, 0.005312086636904212, 0.03757833428462763, 0.00251456640476939, 0.40370169404713757, 0.3688181016322514, 0.47245283541758604, 0.36101975625838617, 0.5241935475822712, 0.5863746938124923, 0.1773503846153846, 0.47245283541758604, 0.30307138, 0.15781987745409704, 4
0.039525691699604744, 0.39915966386554624, 0.0, 0.0, 0.0, 0.08664260948272483, 0.0029911522864697437, 0.052192059760897636, 0.0046349724896836315, 0.12795063345705435, 0.14333612260398582, 0.14339621129227564, 0.0953947384489699, 0.969758066656234, 0.2457420938693236, 0.30341878846153847, 0.14339621129227564, 0.38875645, 0.2908131148665385, 1
0.30039525691699603, 0.6890756302521008, 0.0, 0.0, 0.0, 0.08664255749716564, 0.00498525624109338, 0.08141963847960812, 0.009616350971957163, 0.35059010351544617, 0.3336127130389702, 0.4030188375763633, 0.3083881702992448, 0.6693548421484783, 0.4914842205853634, 0.19017094230769227, 0.4030188375763633, 0.29743084, 0.18244842578377202, 6
0.2964426877470356, 0.5084033613445378, 0.0, 0.33333332333333354, 0.0, 0.16606491865657094, 0.005384686740831766, 0.05427973268160561, 0.0026505834839934137, 0.3543454788907519, 0.3160100564623619, 0.4286792150886452, 0.3092105453060078, 0.51411291220693, 0.5985401758751141, 0.16666663461538456, 0.4286792150886452, 0.3411113, 0.1575781030222907, 4
0.6324110671936759, 0.5168067226890756, 0.0, 0.0, 0.0, 0.039711190326995015, 0.000733939816688785, 0.016701459273800387, 0.000360697956437714, 0.040772530224354925, 0.05364626727087117, 0.04377358432894272, 0.024671052587755368, 0.9778225876581201, 0.15936739896194088, 0.4465811730769231, 0.04905660171021727, 0.53571427, 0.3596733625898335, 1
0.0909090909090909, 0.8487394957983193, 0.0, 0.6666666466666671, 0.0, 0.05415162199168504, 0.003027285394798702, 0.09603339777633502, 0.006130814923976553, 0.13090128139908663, 0.10729253454174234, 0.10490565860875765, 0.18174341843538994, 0.6875000039692543, 0.04622870921022251, 0.9529914423076924, 0.16679244024492768, 0.42521268, 0.8894593410309768, 7
0.09881422924901184, 0.226890756302521, 0.0, 0.33333332333333354, 0.0, 0.0649819489893, 0.003323506777986353, 0.09185804066143344, 0.015510025274275363, 0.1448497791909966, 0.1475272331088941, 0.17584905486080465, 0.10773025993199227, 0.872983869069085, 0.32603406307386296, 0.2649572307692307, 0.17584905486080465, 0.4369392, 0.2363041261240491, 1
0.08300395256916995, 0.4327731092436975, 0.0, 0.0, 0.0, 0.02527074891501264, 0.000401589774509812, 0.012526092012761737, 0.0006492570033077046, 0.040772530224354925, 0.05113159870472426, 0.047547167299394934, 0.023026316636729577, 0.9596774203937957, 0.17761557388068988, 0.4337606673076923, 0.04981131925525106, 0.57539684, 0.3251938770850095, 1
0.5968379446640316, 0.021008403361344533, 0.0, 0.0, 0.0, 0.05054149133183038, 0.0017027947897433721, 0.020876888914792852, 0.001325284754368558, 0.8119635126303213, 0.7334450550395621, 0.8860376588508406, 0.8042763026667459, 0.08669350051825764, 0.7347932049034762, 0.38034186538461534, 0.8860376588508406, 0.2546684, 0.09509030336995289, 2
0.5454545454545454, 0.7226890756302521, 0.0, 0.0, 0.0, 0.1299638589894306, 0.0023647098504671095, 0.045929007178316814, 0.009277032235998156, 0.4283798088678193, 0.39396476466170105, 0.4988678679843391, 0.38322370380940546, 0.520161257141811, 0.6021898073552142, 0.1538461538461538, 0.4988678679843391, 0.29643956, 0.15979276428767036, 6
0.4624505928853755, 0.47478991596638653, 0.0, 0.0, 0.0, 0.043321301492264964, 0.0014955747037432839, 0.06889353331444649, 0.010334007651623253, 0.14887338014491927, 0.12154231780243695, 0.19471696631683952, 0.1250000092516448, 0.655241934477839, 0.3990267802671076, 0.36752134615384613, 0.19471696631683952, 0.437078, 0.14537301867966812, 4
0.35177865612648224, 0.9411764705882352, 0.0, 0.0, 0.0, 0.15884476130798006, 0.004964436332109629, 0.1022964202962875, 0.01304249802398641, 0.1609441902491764, 0.13243922020321136, 0.13358490765966527, 0.21792763748295757, 0.6431451538822677, 0.04866180233807525, 0.9957264615384616, 0.19999999320754755, 0.41374576, 0.8990134971624908, 7
0.8300395256916996, 0.5294117647058822, 0.0, 0.0, 0.0, 0.021660650096312992, 0.0003323501917365406, 0.010438414206876653, 0.0003065938473033306, 0.03782188735206492, 0.024308465823689323, 0.06490565317479569, 0.021381578465309036, 0.788306448448475, 0.27493917855684036, 0.44444442307692306, 0.06490565317479569, 0.69660497, 0.1647670427545681, 5
0.7747035573122529, 0.7100840336134453, 0.0, 0.0, 0.0, 0.14440431664690023, 0.0047074829708145145, 0.1294362997894902, 0.013760065593133251, 0.40450642148041105, 0.3780385371990431, 0.4694339638789604, 0.3577302562313343, 0.5846774324149653, 0.5681265583098027, 0.14529913461538463, 0.4694339638789604, 0.30064347, 0.1720694081577182, 6
0.5177865612648221, 0.5084033613445378, 0.0, 0.0, 0.0, 0.17328519947086496, 0.01179843274138199, 0.056367428149284846, 0.007520559208924531, 0.04479613407527321, 0.016764459370847966, 0.07773584872338912, 0.03618421164625174, 0.6814516045988878, 0.30535280707105716, 0.5042734846153846, 0.07773584872338912, 0.8339346, 0.10669746244652772, 3
0.8458498023715415, 0.7100840336134453, 0.0, 0.0, 0.0, 0.16606496414393526, 0.005498862726866679, 0.10229645787457292, 0.009652809834840712, 0.3924355968911761, 0.3663034353293064, 0.4566037343681046, 0.3462171245577066, 0.5907257773498464, 0.5608272515539809, 0.15170940384615378, 0.4566037343681046, 0.30405003, 0.1716408828832836, 6
0.8300395256916996, 0.4915966386554621, 0.0, 0.0, 0.0, 0.0, 0.0, 0.0, 0.0, 0.0, 0.0, 0.0, 0.0, 0.8971774193731303, 0.1326034084971674, 0.5790598076923077, 0.0, 0.0, 0.511880833947772, 5
0.5454545454545454, 0.4831932773109243, 0.0, 0.0, 0.0, 0.19133573580263005, 0.029482233570484278, 0.1189979163968076, 0.06054322064699496, 0.03835836530650792, 0.018440904327211925, 0.06490565317479569, 0.028782894315648802, 0.7419354894315819, 0.27250609090344036, 0.497863225, 0.06490565317479569, 0.8047243, 0.12133935667051088, 3
0.9565217391304347, 0.3403361344537815, 0.0, 0.0, 0.0, 0.043321294994070066, 0.0011632255589097166, 0.008350729636900193, 0.00014427933352733133, 0.008583690726021857, 0.001676445861644732, 0.021886791824848734, 0.0008223684195918455, 0.8447580646149032, 0.19951338465910112, 0.5170939942307692, 0.021886791824848734, 0.9777778, 0.16023891205070928, 5
0.035573122529644265, 0.3403361344537815, 0.0, 0.0, 0.0, 0.028880869827574946, 0.0004431335017401397, 0.027139874608025603, 0.0009558505584453984, 0.016362659812761377, 0.000838222930822366, 0.040754714828052804, 0.004934210813603707, 0.7802419274465887, 0.25547445543182923, 0.4871794673076923, 0.040754714828052804, 0.9861111, 0.14012645748421826, 3
0.1067193675889328, 0.8025210084033613, 0.0, 0.0, 0.0, 0.1299639434659643, 0.006594867318882235, 0.12108557804402995, 0.010145181974393045, 0.4047746687864949, 0.37552389352811755, 0.47018863931078886, 0.3601973812516232, 0.5645161072287976, 0.570559624065392, 0.16239315384615383, 0.47018863931078886, 0.29685017, 0.16598937795161833, 6
0.6798418972332015, 0.32352941176470584, 0.0, 0.0, 0.0, 0.043321301492264964, 0.000997049453527865, 0.03131521406113303, 0.0016772469582635543, 0.17033260695997393, 0.13076278354525453, 0.23396226914916313, 0.13898027334687724, 0.5604838712238229, 0.4914842205853634, 0.30555553846153843, 0.23396226914916313, 0.4967188, 0.14136003168652478, 5
0.3992094861660079, 0.25210084033613445, 0.0, 0.0, 0.0, 0.025270784655084585, 0.0002354195766518802, 0.06054277774852935, 0.005933484791999492, 0.9090664953190344, 0.870913600304657, 0.9547169608828776, 0.892269777074587, 0.3487903287448786, 0.6265206838892146, 0.2927350192307692, 0.9547169608828776, 0.17863557, 0.12014612065021213, 2
0.308300395256917, 0.5924369747899159, 0.0, 0.0, 0.0, 0.07220217131983991, 0.005926909945481033, 0.006263048448969422, 0.0003787331951195094, 0.005364806341639212, 0.0033528917987295285, 0.010566037479530095, 0.001644736839183691, 0.8810483864419388, 0.15936739896194088, 0.5491452769230769, 0.010566037479530095, 0.2888889, 0.18597696411378828, 5
0.2727272727272727, 0.45798319327731085, 0.0, 0.0, 0.0, 0.23826714846016497, 0.015079874584014975, 0.1544885026041564, 0.018411516370819742, 0.144045066242701, 0.13495390159416926, 0.17056602117764416, 0.12335527404075063, 0.788306448448475, 0.30413626324435716, 0.39316236538461535, 0.17962263579352114, 0.40249237, 0.25039335669529783, 3
0.5612648221343873, 0.046218487394957986, 0.0, 0.0, 0.0, 0.08303245932828547, 0.0033927343587648253, 0.033402889236538134, 0.005554793814814512, 0.9243561861864298, 0.8876780725003159, 0.9622641227483106, 0.9144737246256063, 0.35483867367975963, 0.5936739677215979, 0.3440170769230769, 0.9622641227483106, 0.16939692, 0.11304011526941099, 2
0.7707509881422925, 0.9705882352941175, 0.0, 0.0, 0.0, 0.08303250481564978, 0.0020633403219092045, 0.13569937491904227, 0.03385152999352951, 0.0560622312312347, 0.05029337509494131, 0.047547167299394934, 0.07072368068029343, 0.8387096743171176, 0.10827250678068451, 0.6837606673076924, 0.06490565317479569, 0.3833719, 0.909250465306702, 7
0.05533596837944664, 0.7394957983193277, 0.0, 0.0, 0.0, 0.09747285850200102, 0.0034481286123293617, 0.07515657086571313, 0.014067228092154495, 0.2325643596538901, 0.21374685452650946, 0.2739622677906727, 0.20476973359185635, 0.6915322581193908, 0.40267640079830225, 0.3226495576923077, 0.2739622677906727, 0.31536263, 0.1658854765737196, 6
0.30039525691699603, 0.5126050420168067, 0.0, 0.0, 0.0, 0.19133570980985043, 0.0073697718132890435, 0.06680580026848182, 0.004666827942098224, 0.34307938173479047, 0.30930426456649573, 0.4120754589846928, 0.2993420970340633, 0.5504032358484818, 0.5693430911875974, 0.17948713461538462, 0.4120754589846928, 0.3346597, 0.16156003844350986, 4
0.5691699604743082, 0.7226890756302521, 0.0, 0.33333332333333354, 0.0, 0.1805053438230661, 0.008440644003859483, 0.08350727006420212, 0.009501506503412301, 0.4074570694224433, 0.37636210808509274, 0.47471696359985854, 0.36266447666664864, 0.5504032358484818, 0.580291996576803, 0.1602563653846154, 0.47471696359985854, 0.30228263, 0.16366594280908237, 6
0.15810276679841895, 0.5756302521008403, 0.0, 0.0, 0.0, 0.11552347931029978, 0.0072563088429576, 0.0814196196904654, 0.00730413848729099, 0.15021458046289352, 0.12238055499143151, 0.198490547249556, 0.1241776416461977, 0.6512096803277024, 0.41119222948301326, 0.3504273269230769, 0.198490547249556, 0.44157267, 0.14943556255550527, 4
0.691699604743083, 0.4411764705882353, 0.0, 0.0, 0.0, 0.02527076061176346, 0.000567764982546258, 0.02713986821971708, 0.0009558502662797615, 0.04399141605723536, 0.057837381547782674, 0.047547167299394934, 0.026315790019044324, 0.9838709688833248, 0.16301703372671258, 0.4337606673076923, 0.05207546781488095, 0.5376984, 0.36277038763193314, 1
0.20948616600790512, 0.5252100840336134, 0.0, 0.0, 0.0, 0.014440432314509513, 0.0011078336234874777, 0.014613779213218178, 0.0020379454016439965, 0.001877682255786169, 0.0, 0.004528301873976504, 0.0008223684195918455, 0.8830645153315233, 0.14598540372955415, 0.5705127990384615, 0.004528301873976504, 0.33333334, 0.1415303654323511, 3
0.6640316205533596, 0.5210084033613445, 0.0, 0.0, 0.0, 0.0974729559749245, 0.0017863804952404428, 0.31732776453205847, 0.2438320912398224, 0.18347639180358832, 0.14082146384504732, 0.24830188348593824, 0.1537829050475568, 0.5342741829576123, 0.5012165711989636, 0.3162392884615384, 0.24830188348593824, 0.50256854, 0.13616657563977863, 5
0.7826086956521738, 0.44957983193277307, 0.0, 0.0, 0.0, 0.37545121028555084, 0.018513792236272246, 0.03549058620734878, 0.0021574099827933917, 0.369903417064231, 0.36378873885033564, 0.40226411459736755, 0.33881580870736683, 0.7419354894315819, 0.40024332409380764, 0.27350424999999995, 0.40226411459736755, 0.2246171, 0.18991818785131437, 4
0.8893280632411067, 0.5378151260504201, 0.0, 0.0, 0.0, 0.0324909679964551, 0.0016202068575584564, 0.02922754865608214, 0.0018756315160241164, 0.039163087670039155, 0.05280804516988951, 0.042264149238875136, 0.022203947551019305, 0.9838709688833248, 0.15936739896194088, 0.4401709173076923, 0.047547167299394934, 0.5740741, 0.368637566018545, 1
0.9328063241106719, 0.32773109243697474, 0.0, 0.0, 0.0, 0.03971117538114674, 6.923970615826467e-05, 0.0229644987039813, 0.0009558502662797615, 0.0879828350114663, 0.05699915793799973, 0.1403773601310074, 0.060855262013612355, 0.6471774080324042, 0.41240876236080787, 0.3525640769230769, 0.1403773601310074, 0.63446367, 0.14728023712603355, 5
0.9644268774703557, 0.40756302521008403, 0.0, 0.0, 0.0, 0.3176896005942989, 0.01287186722697911, 0.06680586039373851, 0.008810942830196839, 0.24704933757298975, 0.2196144016893746, 0.3018867666927746, 0.21299343185027492, 0.6249999920614918, 0.4720194755625414, 0.2713675, 0.3018867666927746, 0.35354832, 0.16067845562485894, 4
0.3952569169960474, 0.4915966386554621, 0.0, 0.0, 0.0, 0.03971118382880011, 0.0009001152116721906, 0.02505218665600345, 0.002813446689704901, 0.041845491202983205, 0.05616093885462065, 0.04528301534353881, 0.023848684982308264, 0.9879032284770098, 0.16180048990001256, 0.43162391346153844, 0.05132075026984716, 0.57539684, 0.3639240409622694, 1
0.8063241106719368, 0.6890756302521008, 0.0, 0.0, 0.0, 0.1841156109450136, 0.03601842758613264, 0.3194153886009954, 0.08456584381136696, 0.23497852022624374, 0.21458507662749113, 0.2739622677906727, 0.211348681836749, 0.6794354775238195, 0.3917274954090967, 0.3547008269230769, 0.2739622677906727, 0.296365, 0.15175101834385618, 6
0.32806324110671936, 0.20588235294117643, 0.0, 0.0, 0.0, 0.046931395112408694, 0.00183452255279513, 0.035490563660377526, 0.003760182118528093, 0.44206006659613445, 0.40318522286051217, 0.5177358066101838, 0.3955592030884803, 0.4838709335002592, 0.6313868920427309, 0.14102559615384613, 0.5177358066101838, 0.3031787, 0.156418634949809, 4
0.45849802371541504, 0.8865546218487395, 0.0, 0.0, 0.0, 0.19855595813316995, 0.009570407477818557, 0.1148225404927633, 0.014713107465922774, 0.1467274668786495, 0.11651299274055346, 0.12075471890352428, 0.20394736598640925, 0.635080627436833, 0.05109488780169423, 1.0, 0.18716979765895408, 0.44151622, 0.903064971806565, 7
0.04743083003952569, 0.2941176470588235, 0.0, 0.0, 0.0, 0.05415161874258759, 0.002047900970755738, 0.025052187783352015, 0.003079695919848448, 0.026824032432444956, 0.011735121484153512, 0.040754714828052804, 0.026315790019044324, 0.7802419274465887, 0.2080292023949067, 0.5705127990384615, 0.040754714828052804, 0.7404762, 0.0749889180352249, 3
0.9525691699604742, 0.18487394957983191, 0.0, 0.0, 0.0, 0.0794224911233033, 0.0029357508541419633, 0.03757833428462763, 0.0015149315144269444, 0.6730150220809002, 0.576697348643844, 0.8105660130267013, 0.6143092155782008, 0.0, 1.0, 0.006410211538461552, 0.8105660130267013, 0.35934293, 0.1291760162344205, 2