@relation segment-10-5tst.dat
@attribute Region-centroid-col real [1.0, 254.0]
@attribute Region-centroid-row real [11.0, 251.0]
@attribute Region-pixel-count real [9.0, 10.0]
@attribute Short-line-density-5 real [0.0, 0.33333334]
@attribute Short-line-density-2 real [0.0, 0.22222222]
@attribute Vedge-mean real [0.0, 29.222221]
@attribute Vegde-sd real [0.0, 991.7184]
@attribute Hedge-mean real [0.0, 44.722225]
@attribute Hedge-sd real [-1.5894573e-08, 1386.3292]
@attribute Intensity-mean real [0.0, 143.44444]
@attribute Rawred-mean real [0.0, 137.11111]
@attribute Rawblue-mean real [0.0, 150.88889]
@attribute Rawgreen-mean real [0.0, 142.55556]
@attribute Exred-mean real [-49.666668, 9.888889]
@attribute Exblue-mean real [-12.444445, 82.0]
@attribute Exgreen-mean real [-33.88889, 24.666666]
@attribute Value-mean real [0.0, 150.88889]
@attribute Saturatoin-mean real [0.0, 1.0]
@attribute Hue-mean real [-3.0441751, 2.9124804]
@attribute Class integer [1, 7]
@inputs Region-centroid-col, Region-centroid-row, Region-pixel-count, Short-line-density-5, Short-line-density-2, Vedge-mean, Vegde-sd, Hedge-mean, Hedge-sd, Intensity-mean, Rawred-mean, Rawblue-mean, Rawgreen-mean, Exred-mean, Exblue-mean, Exgreen-mean, Value-mean, Saturatoin-mean, Hue-mean
@outputs Class
@data
0.048, 0.4514767932489451, 0.0, 0.0, 0.0, 0.01192842884719513, 0.0006556777837510035, 0.019801980383295767, 0.0008749574290749119, 0.011354634267997704, 0.0, 0.026080476498364206, 0.006472491676092637, 0.8028747350197535, 0.1972704698015504, 0.562637356072938, 0.026080476498364206, 1.0, 0.050266407138055524, 3
0.76, 0.6075949367088607, 0.0, 0.0, 0.0, 0.03777337411949847, 0.00249521961636155, 0.034653476141065294, 0.00048122634384668703, 0.13071032885814454, 0.10339122811954203, 0.11549926092026275, 0.1739482197112515, 0.6447638506170701, 0.0831265514531214, 0.9340659201545705, 0.16020865246057117, 0.41818407, 0.9768671399935092, 7
0.828, 0.9957805907172994, 0.0, 0.0, 0.0, 0.08747515203648898, 0.017849014230898675, 0.12376239410352041, 0.012424398126923591, 0.07499339437553, 0.05624482574467366, 0.054396429615472655, 0.11569578807302001, 0.7268993692219465, 0.03970223377983975, 0.9230769002535923, 0.10655737858835602, 0.5333069, 0.9219384520227429, 7
0.028000000000000004, 0.34177215189873417, 0.0, 0.0, 0.0, 0.021868773695006196, 0.0027137762385083435, 0.044554516233706494, 0.001968648191335508, 0.8069712473885859, 0.7956988562928607, 0.8554396785055117, 0.7653721594479534, 0.5420944153999874, 0.6017369463545745, 0.12527473983818388, 0.8554396785055117, 0.17678948, 0.10881583262774513, 2
0.712, 0.8902953586497889, 0.0, 0.0, 0.0, 0.1332008048970595, 0.018231483770890143, 0.1608910811464557, 0.016591393681947605, 0.10826511561518291, 0.08684863340701572, 0.08941877637420846, 0.1496763640933804, 0.6960985589853647, 0.05831265883017555, 0.9230769002535923, 0.13785394663080436, 0.4433746, 0.9495115284447873, 7
0.44, 0.32489451476793246, 0.0, 0.0, 0.0, 0.2644135723156121, 0.03415535523940078, 0.056930675446033564, 0.0025980752464078815, 0.46474785336811275, 0.42928038564365334, 0.5350223735843694, 0.42313912994470243, 0.4743326365756059, 0.6091811521067179, 0.1846153998309384, 0.5350223735843694, 0.27834544, 0.09059189424728814, 4
0.13999999999999999, 0.4514767932489451, 0.0, 0.0, 0.0, 0.029821072117987825, 0.0016938343525518425, 0.04702970797715942, 0.0013671208795751838, 0.013731186090672374, 0.001654259620135999, 0.029806261250419235, 0.008090615141232277, 0.7967145711243877, 0.20471463423855835, 0.556043952044439, 0.029806261250419235, 0.962963, 0.053703552695453516, 3
0.58, 0.3122362869198312, 0.0, 0.0, 0.0, 0.24453282178499677, 0.032549464012823486, 0.0693069861435189, 0.005006216469813511, 0.3089516656511662, 0.2820512763249987, 0.3681073127280724, 0.2710355693672054, 0.5893223515341368, 0.5074441722533848, 0.24175822023910126, 0.3681073127280724, 0.319706, 0.10197868867628951, 4
0.008, 0.8312236286919831, 0.0, 0.0, 0.0, 0.16898613080246402, 0.019763461247567518, 0.2549505015562204, 0.006452165015580671, 0.35463426799770653, 0.3291976511564441, 0.41728761860870056, 0.31148867419957893, 0.5852155977804854, 0.5384615101164351, 0.19120876034295337, 0.41728761860870056, 0.3142778, 0.1089859183016551, 6
0.384, 0.11814345991561181, 0.0, 0.0, 0.0, 0.06163037495504921, 0.0038065680533664104, 0.0495051046711206, 0.002581108268866047, 0.9778188620131033, 0.9727046911809087, 0.9873323993094814, 0.9724918945392286, 0.5318274848146246, 0.45781635350873473, 0.3912087801231734, 0.9873323993094814, 0.112421244, 0.0594638576810706, 2
0.6920000000000001, 0.7383966244725738, 0.0, 0.0, 0.0, 0.10735584531064012, 0.012654756375992195, 0.10396037896774715, 0.003837614049697208, 0.3976762746359848, 0.3697270387232239, 0.4634873618739744, 0.353559863904861, 0.5523613644658437, 0.5669975056154526, 0.17582417995411187, 0.4634873618739744, 0.29629385, 0.10406822635898783, 6
0.876, 0.39662447257383965, 0.0, 0.0, 0.0, 0.041749502754447464, 0.0010381571097351054, 0.037128711547887376, 0.0010171380733122045, 0.01584367620362463, 0.002481389504645682, 0.03576751256160591, 0.007281553044584804, 0.7864476312987781, 0.2245657494535403, 0.5318681260644849, 0.03576751256160591, 0.94708997, 0.06768351536742673, 3
0.792, 1.0, 0.0, 0.0, 0.0, 0.08151093582362691, 0.006986638136809947, 0.06435644226056311, 0.003028574676851501, 0.06575125235938076, 0.04880065737961998, 0.0491803293530576, 0.10032362134351354, 0.7433264766390206, 0.05707196308240298, 0.874725279942036, 0.09239940605364684, 0.5633903, 0.9289851480729587, 7
0.08399999999999999, 0.30379746835443033, 0.0, 0.0, 0.0, 0.051689865494903585, 0.005172573275447466, 0.07920793579060972, 0.002843611910261833, 0.12806971176092044, 0.1406120773889788, 0.1467958356691195, 0.09546925021993931, 0.9425051277363397, 0.25186104027178297, 0.3164835199613573, 0.1467958356691195, 0.39975148, 0.2312962278517347, 1
0.060000000000000005, 0.2151898734177215, 0.0, 0.0, 0.0, 0.05168985833784556, 0.006702479957401918, 0.07425741864032892, 0.004199796096600896, 0.13467125093915366, 0.13068650716195993, 0.16840535892999522, 0.10194174262418726, 0.8172484507756068, 0.32878410516966455, 0.3142857001569857, 0.16840535892999522, 0.44109204, 0.15945012531418196, 1
0.6, 0.8734177215189872, 0.0, 0.0, 0.0, 0.033797226160492806, 0.003369456923634047, 0.06435645562690061, 0.006387192326971871, 0.10430420066382783, 0.08602149697163787, 0.08792846488769347, 0.13996762184623196, 0.7207392108707289, 0.06947891162712647, 0.8769230799661877, 0.12891206429889765, 0.41670507, 0.9511933438519962, 7
0.372, 0.40506329113924044, 0.0, 0.0, 0.0, 0.0357852901201144, 0.0024041518573617317, 0.0866336625061268, 0.008060544987571637, 0.12305255282253735, 0.1430934494742705, 0.1341281679145169, 0.09142393973670196, 1.0, 0.21215880314206736, 0.32527472005796393, 0.13710879759395528, 0.38499743, 0.28112396324138117, 1
0.128, 0.6582278481012658, 0.0, 0.0, 0.0, 0.029821073907252332, 0.002485962264032179, 0.07178218679786351, 0.002598078051740672, 0.09136519756342647, 0.07940446504196204, 0.06557377247074346, 0.13106795480252648, 0.772073906302678, 0.01861042505033579, 0.9120879001328341, 0.12071535112306521, 0.46356925, 0.8900541802876181, 7
0.008, 0.35021097046413496, 0.0, 0.0, 0.0, 0.07952285898130086, 0.014570624082747598, 0.06930693267816894, 0.006649676980694142, 0.025349881355427085, 0.006617038629427363, 0.05216095366736925, 0.014563106089169608, 0.7433264766390206, 0.2617865995542119, 0.5120879100229441, 0.05216095366736925, 0.91006523, 0.06415059795239225, 3
0.912, 0.42194092827004215, 0.0, 0.0, 0.0, 0.03976142949065043, 0.0024678832573369865, 0.02475249664248741, 0.0016074003202508852, 0.15394771083206912, 0.13482215211800735, 0.18703428604347455, 0.1367313938479906, 0.6981519266219437, 0.33126551453121417, 0.43736262019079797, 0.18703428604347455, 0.3500821, 0.07990764115980542, 5
0.24, 0.7974683544303797, 0.0, 0.0, 0.0, 0.09145131287819909, 0.008401038141373465, 0.06683166073669104, 0.0033380149908125343, 0.43121202835377853, 0.3995037121834386, 0.5022354471105474, 0.3851132580042108, 0.513346991280478, 0.6029776287028438, 0.1538461203719354, 0.5022354471105474, 0.2978795, 0.09998576090370592, 6
0.07999999999999999, 0.3122362869198312, 0.0, 0.0, 0.0, 0.06759447307645387, 0.006191446570348894, 0.05198019839476525, 0.0018415111884792362, 0.45656194107968345, 0.4152191853489238, 0.5387481590070653, 0.40776697049674904, 0.4332648403121806, 0.6662530984397417, 0.1274725398623356, 0.5387481590070653, 0.30969977, 0.0913208050074844, 4
0.292, 0.26160337552742613, 0.0, 0.0, 0.0, 0.10139166846159718, 0.022675534644676018, 0.09900991082737048, 0.010980716290050738, 0.18510694409766598, 0.17369726681403144, 0.23323399577670637, 0.1440129468925754, 0.7453798627560931, 0.4156327516824807, 0.23736263997101803, 0.23323399577670637, 0.4296633, 0.1438400531239517, 1
0.336, 0.7341772151898733, 0.0, 0.0, 0.0, 0.03976142233359241, 0.003541066352570726, 0.06435644226056311, 0.0022156488845480053, 0.09796672961200564, 0.08684863340701572, 0.06929955789343933, 0.13996762184623196, 0.7761806859290206, 0.006203478738862844, 0.9296703398864873, 0.12891206429889765, 0.46332908, 0.8799745528288403, 7
0.856, 0.6582278481012658, 0.0, 0.0, 0.0, 0.029821073907252332, 0.0019123934334907549, 0.0866336625061268, 0.0012358762789179978, 0.11829944062160315, 0.09511993076327886, 0.10506706710184104, 0.15533980313884452, 0.6796714330877971, 0.08933002572548315, 0.8857142800627943, 0.14307005024642364, 0.40075645, 0.9782635108286903, 7
0.404, 0.8987341772151898, 0.0, 0.0, 0.0, 0.06163021392124366, 0.008396319719296422, 0.07178216897608018, 0.0051731836762114415, 0.09611830263470661, 0.07609594163295576, 0.07973174500545264, 0.1334951440050901, 0.7104722618048727, 0.06699752013158132, 0.8923076801352492, 0.1229508250592461, 0.44245604, 0.9506025753235721, 7
0.276, 0.3459915611814346, 0.0, 0.0, 0.0, 0.07554671961076484, 0.017849009313314436, 0.11881188140868543, 0.010499493342133218, 0.06786374033343681, 0.03556658160959893, 0.10357675561532605, 0.06067961355924207, 0.6283367431999961, 0.31885856821974123, 0.5340659280666585, 0.10357675561532605, 0.6989016, 0.0250680985852193, 3
0.916, 0.0, 0.0, 0.0, 0.0, 0.04572558844704831, 0.0028233569810124206, 0.04455445831291068, 0.0031127131037832862, 0.8460522606493146, 0.7932175288725792, 0.9105813108091008, 0.8276698433169979, 0.2197125178121927, 0.6935483557592259, 0.30769230008453075, 0.9105813108091008, 0.21508773, 0.043215910617298514, 2
0.612, 0.029535864978902954, 0.0, 0.0, 0.0, 0.021868818068765946, 0.0016116366369467543, 0.027227761455251975, 0.0009677788039389824, 0.7964087718700354, 0.7328369859634251, 0.8688524952969635, 0.7799352655371231, 0.15605741881948854, 0.7183622818809301, 0.3318681201304189, 0.8688524952969635, 0.24010754, 0.036722641036241344, 2
0.988, 0.8185654008438817, 0.0, 0.9999999999999999, 0.0, 0.09741552551253213, 0.004568226268672805, 0.03960396789530486, 0.0008036993775852433, 0.08661209962180037, 0.0711331602415305, 0.06929955789343933, 0.12055015191504116, 0.7474332544173138, 0.059553347878196446, 0.8659340600652095, 0.11102831304790098, 0.43238926, 0.93372651767211, 7
0.276, 0.32489451476793246, 0.0, 0.0, 0.0, 0.09940359161927115, 0.010199425744182939, 0.22772278198215923, 0.009668282095406414, 0.16134143300057335, 0.16377170403118094, 0.1952309925128986, 0.12216828775882098, 0.8562628276570713, 0.33746898210382426, 0.25714285996860287, 0.1952309925128986, 0.4204864, 0.18540529270288603, 1
0.628, 0.29535864978902954, 0.0, 0.0, 0.0, 0.013916494953934133, 0.0012339392682280586, 0.012376218915301216, 0.0007409737310114036, 0.12991813160856544, 0.09925557571932626, 0.1803278776477487, 0.10517799246708776, 0.6201231802512124, 0.4106699664581398, 0.3802197800024152, 0.1803278776477487, 0.50381, 0.07704506827944863, 5
0.596, 0.6329113924050632, 0.0, 0.0, 0.0, 0.07355865350402582, 0.011237596131395489, 0.8094059629815719, 0.1239925614386337, 0.2851861616837277, 0.25723738425620923, 0.32190760299484056, 0.27265369792943217, 0.5893223515341368, 0.388337460864238, 0.45274725003018956, 0.32265275203168964, 0.2638465, 0.010942392740391882, 6
0.672, 0.7426160337552742, 0.0, 0.0, 0.0, 0.08151094655921394, 0.006508795001059247, 0.10891090948436546, 0.005270213936155055, 0.3644045320073697, 0.340777501698387, 0.42473918945409234, 0.322006440679299, 0.595482528365848, 0.5297766778472867, 0.1956043999516967, 0.42473918945409234, 0.30134642, 0.11005854751550959, 6
0.656, 0.21940928270042193, 0.0, 0.0, 0.0, 0.027832989907868266, 0.003861226166190349, 0.032178183258991994, 0.0009733896466978648, 0.6939530124428148, 0.6162117312053732, 0.8122205984517183, 0.6415857576900118, 0.08418884928046844, 0.9168734563632553, 0.0571428599686028, 0.8122205984517183, 0.316474, 0.06519095240103595, 2
0.648, 0.15189873417721517, 0.0, 0.0, 0.0, 0.04174945981209932, 0.002130960087509395, 0.0668316295485702, 0.0008858961008088955, 0.8996567499357975, 0.8660049396523604, 0.9508197611834558, 0.8770225787853118, 0.34496918183658, 0.6426799104975706, 0.26373627982127773, 0.9508197611834558, 0.1794131, 0.060397701506600066, 2
0.716, 0.729957805907173, 0.0, 0.49999999999999994, 0.0, 0.1053678328818363, 0.013333678547746891, 0.0915841529237326, 0.004957596508984816, 0.34803275020843544, 0.328370529609403, 0.4053651200101723, 0.305016174513778, 0.6303901293170686, 0.5099255592824289, 0.19340656036710507, 0.4053651200101723, 0.30702683, 0.1179362018323491, 6
0.58, 0.3333333333333333, 0.0, 0.0, 0.0, 0.03976142949065043, 0.0021127450112583173, 0.061881197051760206, 0.006616870533153496, 0.16715078205888154, 0.169561621857984, 0.20119225187177536, 0.12783170495962598, 0.8542094378439, 0.3399503579666155, 0.2549450599444512, 0.20119225187177536, 0.4143562, 0.1792475364570369, 1
0.8, 0.21097046413502107, 0.0, 0.0, 0.0, 0.013916508194491478, 0.0016116443083781667, 0.019801991076365762, 0.000803700174890352, 0.043306048384969376, 0.029776673460214717, 0.07078986267354592, 0.026699028072862716, 0.7761806859290206, 0.27047146532211874, 0.4615384540828401, 0.07078986267354592, 0.65353537, 0.10311259316902249, 5
0.96, 0.2869198312236287, 0.0, 0.0, 0.0, 0.8011928167614578, 0.9315908463693574, 0.6757426325972982, 0.32742013475932824, 0.29891734777440004, 0.2464846775938125, 0.3725782538940257, 0.27022651600842157, 0.4024640300755986, 0.5769230760641343, 0.318681300205289, 0.3725782538940257, 0.42017567, 0.05830785199042143, 3
0.896, 0.29535864978902954, 0.0, 0.0, 0.0, 0.0318091614851654, 0.0025498588948378548, 0.04702955203655533, 0.001498361759475196, 0.6461579078629104, 0.5550041411908615, 0.7839045997310328, 0.5857604570019196, 0.0, 0.9999999999999999, 0.0, 0.7839045997310328, 0.36206177, 0.06520868793022788, 2
0.172, 0.7383966244725738, 0.0, 0.0, 0.0, 0.08747516277207601, 0.013477824743985645, 0.13861389208901287, 0.02226767451938374, 0.23765512523023433, 0.22084365653381358, 0.27719823157375734, 0.21116503829295932, 0.6878849960365809, 0.388337460864238, 0.3472527400797004, 0.27719823157375734, 0.29986525, 0.10386284503302667, 6
0.776, 0.510548523206751, 0.0, 0.0, 0.0, 0.01988071832385423, 0.0012385027372257388, 0.034653464111361554, 0.000874957606253825, 0.043306048384969376, 0.05541769973113153, 0.04769001451333841, 0.026699028072862716, 0.9671457851658519, 0.15508684787604135, 0.4615384540828401, 0.05216095366736925, 0.5299824, 0.3132596058939334, 1
0.524, 0.4008438818565401, 0.0, 0.0, 0.0, 0.02783297559375222, 0.0036426516440369273, 1.0, 0.30982278417467474, 0.3250594221016138, 0.30686514606128307, 0.37183307803154303, 0.29207117514217595, 0.6488706228512152, 0.4503721924216026, 0.2791208602101193, 0.37183307803154303, 0.27598566, 0.1087676543550391, 4
0.07200000000000001, 0.6624472573839661, 0.0, 0.0, 0.0, 0.027833000643455303, 0.003861209938162361, 0.04950491754239568, 0.001662417266675673, 0.13942434175112572, 0.11248965446701466, 0.12667661048194195, 0.17961163691205648, 0.6447638506170701, 0.0980148881435142, 0.9076923000845307, 0.16542473595696525, 0.38746688, 0.9896865558997763, 7
0.10800000000000001, 0.7679324894514767, 0.0, 0.0, 0.0, 0.015904569291289864, 0.001985162468131595, 0.027227713781981577, 0.002009249034559485, 0.11433852567024809, 0.1075268805197578, 0.08941877637420846, 0.1480582500942597, 0.8028747350197535, 0.0297766778472867, 0.8593406599927544, 0.13636364185069777, 0.34230694, 0.8802815139110085, 7
0.324, 0.5485232067510548, 0.0, 0.0, 0.0, 0.04572560991822238, 0.0054283525679723246, 0.05445541241544733, 0.0016073994343563198, 0.35912331207222964, 0.3200992396973082, 0.43442624764848176, 0.31553395555660413, 0.48254619952438965, 0.6029776287028438, 0.1868131998550901, 0.43442624764848176, 0.3412286, 0.09055638420971929, 4
0.66, 0.1350210970464135, 0.0, 0.0, 0.0, 0.033797202542201324, 0.0035880096117134495, 0.027227650069106192, 0.0008421449574512222, 0.7216794099726462, 0.648469806527553, 0.8315946410700048, 0.6739482197112515, 0.1088295566073133, 0.8833746979724026, 0.09010988011109755, 0.8315946410700048, 0.29741433, 0.0635008539170066, 2
0.34, 0.561181434599156, 0.0, 0.0, 0.0, 0.033797202542201324, 0.003007672709984289, 0.22772278198215923, 0.013915850351737053, 0.30763136779703526, 0.27460710795994503, 0.37481372112379824, 0.2669902880101802, 0.54414780151706, 0.5471463647180892, 0.21978020021736477, 0.37481372112379824, 0.34745374, 0.09584835428711391, 4
0.604, 0.2742616033755274, 0.0, 0.0, 0.0, 0.3359841167705508, 0.027883983172420142, 0.1311881252744833, 0.01038764826737479, 0.21600211636650585, 0.20181966740349044, 0.25111772690847783, 0.19174756836176854, 0.7145790525195113, 0.35980148769772613, 0.36923076010143685, 0.25111772690847783, 0.30020806, 0.10833397194231492, 4
0.476, 0.4514767932489451, 0.0, 0.0, 0.0, 0.033797220434846384, 0.0012339399075140096, 0.032178216674835725, 0.002598076870547918, 0.02508581893273927, 0.008271298845096833, 0.04396423110256506, 0.021035597037106942, 0.757700192394874, 0.22208436242449625, 0.5670329640333293, 0.04396423110256506, 0.8399471, 0.027254187709254862, 3
0.788, 0.4345991561181434, 0.0, 0.0, 0.0, 0.019880714745325215, 0.001457062014868021, 0.019801980383295767, 8.749580196712887e-05, 0.013995247087429379, 0.004962779158174732, 0.03278688623537173, 0.0024271843967386218, 0.8193018405887781, 0.21836228188093024, 0.5076923000845308, 0.03278688623537173, 0.94074076, 0.1081106991704216, 5
0.756, 0.39662447257383965, 0.0, 0.0, 0.0, 0.07355864276843879, 0.007505769801587277, 0.46039605438192427, 0.00889169658406438, 0.20834432607159056, 0.20016542430940823, 0.24068555320928134, 0.1812297727558363, 0.7618069701731671, 0.34367244967643434, 0.3472527400797004, 0.24068555320928134, 0.31155226, 0.1357403343899551, 4
0.6880000000000001, 0.7088607594936708, 0.0, 0.0, 0.0, 0.11729625815050242, 0.015495960007844528, 0.18564361343250976, 0.008229591388514229, 0.42117771047701236, 0.3895781345122514, 0.4977645193574107, 0.36893203063436747, 0.5174538004756102, 0.6277915324920424, 0.10549451984059904, 0.4977645193574107, 0.31734532, 0.10773265954433797, 6
0.396, 0.5232067510548523, 0.0, 0.0, 0.0, 0.01590457358552468, 0.0024678814870066606, 0.03712871377561029, 0.0023909225336879864, 0.008185899455052022, 0.001654259620135999, 0.017883755945482534, 0.004045307570616138, 0.8398357220880466, 0.1712158758477056, 0.569230764057481, 0.017883755945482534, 0.95, 0.07270522326536588, 3
0.328, 0.30801687763713076, 0.0, 0.0, 0.0, 0.02982112042812949, 0.003399103563733957, 0.05198031423635686, 0.002041143719413567, 0.7541589767406445, 0.6914804991821093, 0.8323398236388958, 0.7305825082241502, 0.17659131695120123, 0.7344912975697163, 0.28131866023427093, 0.8323398236388958, 0.25155202, 0.04479610728911543, 2
0.08399999999999999, 0.9451476793248944, 0.0, 0.0, 0.0, 0.059642147814504665, 0.012020764204392896, 0.07920792242427223, 0.006124705901460471, 0.04172168026553113, 0.03143093367588419, 0.03055141431111337, 0.06391585612058952, 0.8008213433585328, 0.07692307829738494, 0.7780219799782635, 0.058867364075017616, 0.54126585, 0.9265666455581385, 7
0.636, 0.5274261603375527, 0.0, 0.0, 0.0, 0.007952286255982988, 0.0008464764623764482, 0.009900990637192466, 0.0008036997910027071, 0.008714021448566034, 0.0033085193147136815, 0.02160953868561504, 0.0, 0.8480492739485342, 0.1873449105191215, 0.5318681260644849, 0.02160953868561504, 1.0, 0.12170634656752022, 5
0.092, 0.8227848101265822, 0.0, 0.0, 0.0, 0.2047714209225784, 0.023808798817104616, 0.2821782835065232, 0.010491288481967984, 0.39662001638964867, 0.35897432461665885, 0.47168407504980686, 0.3519417207795281, 0.4804928134073171, 0.6129031991515255, 0.17142854034536853, 0.47168407504980686, 0.32059526, 0.09336493193961437, 6
0.892, 0.9746835443037973, 0.0, 0.0, 0.0, 0.12127236173574833, 0.010794651615711642, 0.13366336602784037, 0.004489224347630933, 0.08740427548241735, 0.0769230780683336, 0.06259314949771348, 0.12459545511672548, 0.7843942414856069, 0.02233250559390182, 0.8923076801352492, 0.11475409176418847, 0.48014903, 0.8890249933754875, 7
0.636, 0.5654008438818565, 0.0, 0.0, 0.0, 0.0, 0.0, 0.0, 0.0, 0.0, 0.0, 0.0, 0.0, 0.8911704249121931, 0.12034739373741603, 0.6043956000483033, 0.0, 0.0, 0.5015909549268871, 5
0.376, 0.4472573839662447, 0.0, 0.0, 0.0, 0.01192842884719513, 0.0004371185552845639, 0.02475247436525825, 0.000612470412967134, 0.010298388855038875, 0.0, 0.02831594708134089, 0.0008090614413076971, 0.8110882831841424, 0.2133994966565894, 0.5252747200579639, 0.02831594708134089, 1.0, 0.08963563739036223, 3
0.10800000000000001, 0.47257383966244726, 0.0, 0.0, 0.0, 0.01391649674319864, 0.00030962590559772545, 0.02970297369375573, 0.0005249740322155558, 0.04172168026553113, 0.053763438771045224, 0.04619970302682342, 0.02508090460772308, 0.9671457851658519, 0.15508684787604135, 0.4615384540828401, 0.0491803293530576, 0.5297619, 0.31755609241154004, 1
0.172, 0.4135021097046413, 0.0, 0.0, 0.0, 0.017892633250911463, 0.0017192013174404878, 0.04455444940201902, 0.002329342821264127, 0.11486664053410804, 0.09098427836306311, 0.1594634967173137, 0.08980581845602824, 0.6755646608536521, 0.3771712080672871, 0.3802197800024152, 0.1594634967173137, 0.4898966, 0.09217881482852397, 5
0.16, 0.5063291139240506, 0.0, 0.0, 0.0, 0.04174950633297647, 0.009373556320207121, 0.12128713998382583, 0.009326035038606547, 0.019276471300361912, 0.009098427836306312, 0.033532041978629225, 0.013754043992522136, 0.8090348933709711, 0.1972704698015504, 0.556043952044439, 0.033532041978629225, 0.8606061, 0.07117909072319561, 5
0.22, 0.33755274261603374, 0.0, 0.0, 0.0, 0.013916504973815367, 0.0019162919959235193, 0.009900981726300804, 0.0005083039474723582, 0.12780565076416345, 0.09842844672811679, 0.1818181757214469, 0.09789643942250295, 0.6303901293170686, 0.42803968682770077, 0.33846152020287384, 0.1818181757214469, 0.5119048, 0.09027144636709711, 5
0.668, 0.22362869198312235, 0.0, 0.0, 0.0, 0.0715706052899319, 0.010272292540398447, 0.0420792202328211, 0.0012358785527140485, 0.3678373463541729, 0.35566583842849436, 0.4105812102129747, 0.33333333333333337, 0.6796714330877971, 0.4429280425007234, 0.25934064021253445, 0.4105812102129747, 0.25210327, 0.11935046411346245, 4
0.416, 0.21940928270042193, 0.0, 0.9999999999999999, 0.0, 0.07952285898130086, 0.008141154141284555, 0.10148519167974006, 0.002444357774426143, 0.4322682866001146, 0.3995037121834386, 0.500000033532042, 0.3907766897681219, 0.5051334283316943, 0.586848646512816, 0.19120876034295337, 0.500000033532042, 0.28732476, 0.09405640319258235, 4
0.896, 0.29535864978902954, 0.0, 0.0, 0.0, 0.0318091614851654, 0.0025498588948378548, 0.04702955203655533, 0.001498361759475196, 0.6461579078629104, 0.5550041411908615, 0.7839045997310328, 0.5857604570019196, 0.0, 0.9999999999999999, 0.0, 0.7839045997310328, 0.36206177, 0.06520868793022788, 2
0.252, 0.24050632911392406, 0.0, 0.0, 0.0, 0.023856814752042113, 0.0008742307668854597, 0.04950482397803323, 0.0016624183592789702, 0.8022181209283437, 0.7741935099655827, 0.85692997657921, 0.7702265160084216, 0.41889115597316623, 0.6315136577006196, 0.20439561982852322, 0.85692997657921, 0.18609881, 0.07834327003711361, 2
0.44, 0.4261603375527426, 0.0, 0.0, 0.0, 0.025844938115245315, 0.0003096254138393016, 0.029702978149201562, 0.00013124350805388896, 0.037496697187765, 0.04880065737961998, 0.040983606117612564, 0.022653721230401883, 0.9630390092356081, 0.1488833736036796, 0.47692306612003366, 0.04470938818710423, 0.5343915, 0.3241167570035266, 1
0.912, 0.11814345991561181, 0.0, 0.0, 0.0, 0.03180920657463096, 0.0033859018170867166, 0.08415843957455303, 0.0036654368973609935, 0.8661209249214633, 0.8205127632499869, 0.9314456179690433, 0.8398058038929223, 0.26694038002436793, 0.703473903875402, 0.2395604202149496, 0.9314456179690433, 0.2063918, 0.05707170509533571, 2
0.224, 0.4852320675105485, 0.0, 0.49999999999999994, 0.0, 0.10536780783213322, 0.008637589187766545, 0.10891089611802797, 0.004967358771795775, 0.11750726476098618, 0.07526881264174627, 0.17362146925202288, 0.09789643942250295, 0.5379876801268293, 0.4354838479148329, 0.42417582004588816, 0.17362146925202288, 0.6133847, 0.05015348443900258, 3
0.592, 0.5864978902953586, 0.0, 0.0, 0.0, 0.003976142233359241, 0.0001457061424757912, 0.0915841662900701, 0.010554177841857484, 0.009770266861524865, 0.007444168365053679, 0.01564828737442837, 0.005663430307600471, 0.8706365415648752, 0.15260545638049622, 0.569230764057481, 0.01564828737442837, 0.537037, 0.1103663466501561, 5
0.392, 0.7637130801687763, 0.0, 0.0, 0.0, 0.06163021392124366, 0.012756967872635356, 0.1435644136947395, 0.0044312927490268075, 0.4388698257783479, 0.40777501698387014, 0.5111773361488624, 0.3907766897681219, 0.5154003773975506, 0.6116625168032562, 0.1362637399589422, 0.5111773361488624, 0.29590768, 0.10347359889124491, 6
0.76, 0.6286919831223629, 0.0, 0.0, 0.0, 0.08548707161563393, 0.010800474035450274, 0.6658416072076282, 0.6483983690681052, 0.28835488651515767, 0.25641026270916806, 0.331594627657188, 0.27265369792943217, 0.5585215412975549, 0.42183621925509074, 0.42637362007003976, 0.33755588030965633, 0.30781415, 0.0, 6
0.632, 0.11814345991561181, 0.0, 0.0, 0.0, 0.029821073907252332, 0.003981589941533858, 0.009900991973826215, 0.0005083043904196408, 0.005017163929140935, 0.004135649422548416, 0.008196721223522514, 0.0024271843967386218, 0.8829568721276808, 0.13771712080672868, 0.5824175760705228, 0.008196721223522514, 0.537037, 0.14198448799943936, 5
0.04, 0.5949367088607594, 0.0, 0.0, 0.0, 0.11530814910141526, 0.01500772159077162, 0.10396040124497631, 0.009449547935385803, 0.14048058573815375, 0.11083539648459571, 0.19150521379661112, 0.11407766679234628, 0.6242299524853574, 0.4168734340307499, 0.36483516005313366, 0.19150521379661112, 0.47971532, 0.08402074425452666, 4
0.096, 0.8354430379746834, 0.0, 0.0, 0.0, 0.059642147814504665, 0.0072124570473604665, 0.07425744091755808, 0.00538098885027865, 0.11671507464106114, 0.10256409912833254, 0.0983606587061152, 0.15048543929682337, 0.7474332544173138, 0.06327543623813944, 0.8593406599927544, 0.13859911578687867, 0.33385554, 0.9379695578801528, 7
0.764, 0.5949367088607594, 0.0, 0.0, 0.0, 0.06163020318565663, 0.012548944715927879, 0.08910891662582136, 0.005512229700648843, 0.20068655716563738, 0.16046318062217466, 0.2652757195624122, 0.16990290922801413, 0.5256673079829135, 0.5024813535302856, 0.318681300205289, 0.2652757195624122, 0.45353317, 0.07455981391025235, 4
0.928, 0.7637130801687763, 0.0, 0.0, 0.9999999999999999, 0.05168989412313568, 0.009595478045248462, 0.17079208871434234, 0.009122967038077962, 0.34671243809499636, 0.3200992396973082, 0.40461996426691477, 0.30987054563735217, 0.5790554024682806, 0.5124069239789673, 0.2439560598236929, 0.40461996426691477, 0.29836866, 0.09779080401507434, 6
0.792, 0.6413502109704641, 0.0, 0.49999999999999994, 0.0, 0.08151094655921394, 0.01954285251751791, 0.0792079179688264, 0.002712368786095589, 0.12358067481605135, 0.09594705975448836, 0.1102831640110519, 0.16504853082288687, 0.6447638506170701, 0.09057071924000516, 0.9208791200096607, 0.15201191916551354, 0.43081954, 0.9832172000487395, 7
0.188, 0.4177215189873417, 0.0, 0.49999999999999994, 0.0, 0.04771372254583854, 0.00677533741020737, 0.06930693267816894, 0.005074753702854721, 0.027198309758656933, 0.008271298845096833, 0.04843517226851842, 0.022653721230401883, 0.741273090521948, 0.2344913087359692, 0.562637356072938, 0.04843517226851842, 0.86766475, 0.026879519782677053, 3
0.11599999999999999, 0.3164556962025316, 0.0, 0.49999999999999994, 0.0, 0.03180914502393195, 0.002986977302594891, 0.09653465225223008, 0.005873154958462618, 0.037496697187765, 0.011579817787602094, 0.06780923970051594, 0.02993527281867608, 0.6858316099195083, 0.2828784004673389, 0.5362637320468542, 0.06780923970051594, 0.85137916, 0.03449236900596603, 3
0.9440000000000001, 0.2531645569620253, 0.0, 0.0, 0.0, 0.0815108749886337, 0.006909289946077705, 0.06683168746936602, 0.002308452836818959, 0.3102719920239134, 0.2886683231430113, 0.3554396449734698, 0.2823624620212397, 0.6283367431999961, 0.4379652572763825, 0.3230769200338123, 0.3554396449734698, 0.27433428, 0.0930082918861162, 4
0.11599999999999999, 0.2320675105485232, 0.0, 0.0, 0.0, 1.0, 0.9999999999999999, 0.8143564533991777, 1.0, 0.336414037832511, 0.28701405771642396, 0.40312965278039975, 0.31229772755836277, 0.4127309606609615, 0.5533498881219633, 0.34945054010385207, 0.40312965278039975, 0.41303283, 0.05164326889112558, 3
0.268, 0.2573839662447257, 0.0, 0.9999999999999999, 0.0, 0.13916500679580554, 0.0488844214275275, 0.09653467452945924, 0.007316832661160831, 0.1682070189162555, 0.16790734898722834, 0.20491803058806282, 0.12864078016306896, 0.8336755544965821, 0.35359802012511604, 0.2527472203598596, 0.20491803058806282, 0.4202516, 0.17678138188850878, 1
0.472, 0.4683544303797468, 0.0, 0.0, 0.0, 0.32206757529573954, 0.5536107165569357, 0.4975248439001137, 0.5448907138316933, 0.3834169665517984, 0.3647642498876303, 0.43219073347385045, 0.3487054927812868, 0.6262833570829236, 0.4776674832398453, 0.2549450599444512, 0.43219073347385045, 0.26124597, 0.10841204724994447, 4
0.26, 0.20253164556962022, 0.0, 0.0, 0.0, 0.03777336696244044, 0.0024952184853171753, 0.03712871377561029, 0.0011483822900817458, 0.1692632629032835, 0.16873447797843782, 0.2056631863313203, 0.13025890144374266, 0.8316221665314603, 0.352357326610594, 0.25714285996860287, 0.2056631863313203, 0.41575083, 0.17008992264112982, 1
0.608, 0.9957805907172994, 0.0, 0.0, 0.0, 0.1252485154204004, 0.011344837333198, 0.2029702987060093, 0.010448100826613453, 0.12833377275767746, 0.10918113850217676, 0.10506706710184104, 0.17233008386747167, 0.7063654895707274, 0.04218362415875962, 0.9406593400072455, 0.1587183275612394, 0.39839673, 0.933284649630528, 7
0.416, 0.5189873417721519, 0.0, 0.0, 0.0, 0.01192842884719513, 0.0008742372089208124, 0.01732673294676994, 0.00031717210642842006, 0.005017163929140935, 0.0008271298100679995, 0.012667659706912516, 0.0008090614413076971, 0.8583162137741438, 0.16004962640063053, 0.569230764057481, 0.012667659706912516, 0.962963, 0.09340186471743711, 3
0.176, 0.4978902953586497, 0.0, 0.0, 0.0, 0.00994035773051551, 0.0003096257580701983, 0.07920792242427223, 0.005468485998805518, 0.01003432785828187, 0.005789908893801047, 0.01862891168874003, 0.004854368939108304, 0.8562628276570713, 0.1662530984397417, 0.5604395540707643, 0.01862891168874003, 0.77037036, 0.10179229021344144, 5
0.632, 0.40928270042194087, 0.0, 0.0, 0.0, 0.029821063171665295, 0.003399105530767652, 0.01980194830408578, 0.0008036994957045186, 0.22550831937941207, 0.20264679639469993, 0.26378541478230566, 0.20631067445093815, 0.6468172367341427, 0.3784118904155563, 0.4087912000966065, 0.26378541478230566, 0.3074441, 0.07530647968923299, 5
0.132, 0.7426160337552742, 0.0, 0.0, 0.0, 0.0914512556217349, 0.014133482316465428, 0.20049506240809806, 0.04537747745952015, 0.22762080735346812, 0.2158808825865567, 0.25856931116668636, 0.2055015992474952, 0.7289527553390192, 0.3424317673281651, 0.3846153800507185, 0.25856931116668636, 0.26298115, 0.10746719180464198, 6
0.74, 0.6286919831223629, 0.0, 0.0, 0.0, 0.05367797096546172, 0.005627900760002808, 0.5198020285021108, 0.21589575383352413, 0.3081594755312412, 0.2737799864129039, 0.35991059284583155, 0.285598675456375, 0.5338808709316971, 0.47022332215271323, 0.36703296007728525, 0.35991059284583155, 0.30018225, 0.03546199572335973, 6
0.528, 0.7341772151898733, 0.0, 0.0, 0.0, 0.06759443013410574, 0.007451879471190528, 0.0940594248652105, 0.005270211278471358, 0.42329019845106836, 0.3920595438183849, 0.49701940385260357, 0.37378637991328256, 0.5195071865926828, 0.6141438814997947, 0.1274725398623356, 0.49701940385260357, 0.30745777, 0.10527398897933704, 6
0.904, 0.5485232067510548, 0.0, 0.0, 0.0, 0.01789264720717461, 0.0016938338607934186, 0.029702978149201562, 0.0009187049697946864, 0.037760758184522, 0.04962778785966313, 0.041728763872792576, 0.021844659133754413, 0.9671457851658519, 0.1513647617493489, 0.4681318600893611, 0.04545454527164341, 0.5564374, 0.3232977263675243, 1
0.264, 0.39662447257383965, 0.0, 0.49999999999999994, 0.0, 0.03976142949065043, 0.01544485548891901, 0.0495049487305165, 0.0075683838994568715, 0.012674940677713542, 0.001654259620135999, 0.03055141431111337, 0.004045307570616138, 0.8049281248329248, 0.2133994966565894, 0.5318681260644849, 0.03055141431111337, 0.9814815, 0.08324080974111664, 3
0.784, 0.4810126582278481, 0.0, 0.0, 0.0, 0.08747515203648898, 0.021564526474994967, 0.3811881185913146, 0.17582275612134687, 0.2904673816188678, 0.28287839787203983, 0.3233979010685388, 0.26213590960505295, 0.7392197044048755, 0.370967740494677, 0.3230769200338123, 0.3233979010685388, 0.24899939, 0.12966174486891652, 4
0.40800000000000003, 0.37974683544303794, 0.0, 0.49999999999999994, 0.0, 0.033797226160492806, 0.0026261242335207323, 0.029703000426430717, 0.0017608189504659433, 0.41985741262288134, 0.3887509980768736, 0.4873323657774394, 0.3770226516008422, 0.5215605542292618, 0.5818858277897168, 0.18241756024634675, 0.4873323657774394, 0.28739437, 0.09793545577074753, 4
0.148, 0.270042194092827, 0.0, 0.49999999999999994, 0.0, 0.06560636760589574, 0.008906290908153884, 0.10643565536467088, 0.00228582738492045, 0.054924744362689494, 0.023986765310830504, 0.08792846488769347, 0.04935274784695399, 0.642710446019504, 0.3014888143514219, 0.5494505460379181, 0.08792846488769347, 0.7620489, 0.020686662780701803, 3
0.472, 0.01687763713080169, 0.0, 0.0, 0.0, 0.04970171708199731, 0.0027137732879578, 0.08415843957455303, 0.003368569494368294, 0.9236863220296472, 0.8842017923473057, 0.9627422128371254, 0.9199028873833551, 0.2936344919487789, 0.5893300112093545, 0.4131868001449098, 0.9627422128371254, 0.17262767, 0.0313133241222921, 2
0.56, 0.4177215189873417, 0.0, 0.0, 0.0, 0.03777336696244044, 0.0024128267710138702, 0.02475246723654492, 0.0010166080721236293, 0.20570372323367456, 0.18279568571733568, 0.2429210003198286, 0.18770226516008423, 0.6529773950853603, 0.36724563761860535, 0.42197802002173646, 0.2429210003198286, 0.32174963, 0.07278957422178645, 5
0.348, 0.32067510548523204, 0.0, 0.0, 0.0, 0.06163021392124366, 0.01429742031398972, 0.1311881386408208, 0.014360226877598161, 0.15606021306543325, 0.15880893008392408, 0.18628913030021707, 0.12055015191504116, 0.8603696035873151, 0.31761785237271367, 0.2879120800869459, 0.18628913030021707, 0.4004446, 0.1875424434601074, 1
0.228, 0.36286919831223624, 0.0, 0.0, 0.0, 0.02783300601124882, 0.004079773936685513, 0.044554455639643185, 0.0010499492456238653, 0.014523369793908794, 0.0008271298100679995, 0.037257822706839215, 0.0032362458380463185, 0.7843942414856069, 0.23821338927953523, 0.5098901060427484, 0.037257822706839215, 0.9861111, 0.08261480402941868, 3
0.364, 0.4810126582278481, 0.0, 0.0, 0.0, 0.03976143664770846, 0.004103445957814602, 0.04455445831291068, 0.002329343411860504, 0.027198309758656933, 0.009925558316349463, 0.04545454527164341, 0.024271843239230914, 0.7535934127685314, 0.21960297539545226, 0.5758241720420239, 0.04545454527164341, 0.8272487, 0.019308962975153332, 3
0.652, 0.4472573839662447, 0.0, 0.0, 0.0, 0.03777335264832439, 0.0077406473940639245, 0.06435642443877979, 0.0024498794076023038, 0.21019276730819766, 0.17287012293448523, 0.2704918231780315, 0.1812297727558363, 0.54414780151706, 0.48387097314496097, 0.3318681201304189, 0.2704918231780315, 0.42571348, 0.07520129435841, 5
0.512, 0.7426160337552742, 0.0, 0.0, 0.0, 0.03180915074957837, 0.0016756224727305202, 0.051980211761102735, 0.0027233052726229785, 0.0855558485051183, 0.0703060386944894, 0.06780923970051594, 0.11974109855625738, 0.749486644230485, 0.05707196308240298, 0.868131860089361, 0.1102831640110519, 0.43944263, 0.9292204849026209, 7
0.668, 0.3586497890295358, 0.0, 0.0, 0.0, 0.02584490232995519, 0.0007467348715930238, 0.07425742755122058, 0.0022311362705167643, 0.6583047422323488, 0.5756823734152668, 0.7839045997310328, 0.6027507959829712, 0.059548215875597665, 0.9429279866694592, 0.037362639971017964, 0.7839045997310328, 0.3382884, 0.06531213868731667, 2
0.528, 0.7637130801687763, 0.0, 0.0, 0.0, 0.09343935393523499, 0.005992971395199297, 0.23267327239976507, 0.013098086984510872, 0.42038552748674135, 0.3937138018008039, 0.47988080834486446, 0.3818769935982042, 0.5544147875439034, 0.5421836353250123, 0.2175824199734332, 0.47988080834486446, 0.27344358, 0.09583882387637233, 6
0.776, 0.6244725738396624, 0.0, 0.0, 0.0, 0.09940357014809707, 0.02724703110686756, 0.5247524298107998, 0.2775366520420238, 0.29918140877115706, 0.2721257209863166, 0.3435171262557163, 0.27750806905300635, 0.5913757746121965, 0.43052109618925044, 0.3758241799541119, 0.34426228870538217, 0.28212494, 0.036122965764036064, 6
0.34, 0.5147679324894514, 0.0, 0.0, 0.0, 0.013916501037433453, 0.0011838628194634838, 0.014851486401333281, 0.0005249745342224761, 0.006865593045336187, 0.0, 0.01862891168874003, 0.0008090614413076971, 0.8377823341229247, 0.18114143959663562, 0.5538461480642434, 0.01862891168874003, 1.0, 0.0888893808928245, 3
0.9480000000000001, 0.4641350210970464, 0.0, 0.0, 0.0, 0.0178926450600572, 0.00038247856867612925, 0.02227722915645534, 0.0004921636572090038, 0.010826512274483694, 0.0, 0.02831594708134089, 0.0024271843967386218, 0.806981514646096, 0.21091810962754537, 0.5340659280666585, 0.02831594708134089, 1.0, 0.07981777464870199, 3
0.36, 0.13080168776371306, 0.0, 0.49999999999999994, 0.0, 0.025844945272303337, 0.00282335821040848, 0.051980144929415266, 0.0030971139769800297, 0.8827567605875005, 0.8444995114392302, 0.9262295076470157, 0.8729772755836275, 0.3162217577170706, 0.5992555816580362, 0.37142856012558856, 0.9262295076470157, 0.17842785, 0.04021726140197679, 2
0.796, 0.5147679324894514, 0.0, 0.0, 0.0, 0.019880714745325215, 0.0014570617198129663, 0.03960396789530486, 0.00021873913579508665, 0.03934512701692565, 0.05293630754658524, 0.043219078041870924, 0.021844659133754413, 0.9794661148046327, 0.1513647617493489, 0.4549450540103852, 0.04992548643759677, 0.5994268, 0.3277089364225325, 1
0.552, 0.7088607594936708, 0.0, 0.49999999999999994, 0.0, 0.029821073907252332, 0.0023495123330062157, 0.056930693267816884, 0.005041939872859364, 0.13757592190348072, 0.11497104888481147, 0.12369598080250359, 0.1747572730700353, 0.677618065451218, 0.09181141387115246, 0.8835164800386426, 0.16095380149742028, 0.3576681, 0.9807369934840054, 7
0.048, 0.40928270042194087, 0.0, 0.0, 0.0, 0.06163022823535971, 0.02631817566673099, 0.11881189031957709, 0.0030186057053086493, 0.12780565076416345, 0.1406120773889788, 0.14381520598968112, 0.09789643942250295, 0.9445585157014615, 0.23821338927953523, 0.33846152020287384, 0.14381520598968112, 0.36884832, 0.2394373035010558, 1
0.748, 0.7341772151898733, 0.0, 0.0, 0.0, 0.04373759391088955, 0.004935766514673973, 0.13613861123664328, 0.0070547307138907524, 0.3459202622343794, 0.328370529609403, 0.40163935470670165, 0.3025889925927674, 0.6468172367341427, 0.5012406711820163, 0.19120876034295337, 0.40163935470670165, 0.30575457, 0.1220366951607108, 6
0.024, 0.7848101265822784, 0.0, 0.0, 0.0, 0.05964216570714972, 0.003879043213173146, 0.061881210418097694, 0.0021034837951427873, 0.10694481063139788, 0.09925557571932626, 0.07898658926219515, 0.14482200753291227, 0.7987679572414603, 0.012406946311472919, 0.8945054999396209, 0.1333830188776678, 0.40888458, 0.8729266679134808, 7
0.38, 0.4641350210970464, 0.0, 0.0, 0.0, 0.05566599770838159, 0.005391116620116813, 0.5891088943485921, 0.3211094352938918, 0.3765513663768082, 0.3573200815225766, 0.42995531989534513, 0.3373786146903585, 0.6242299524853574, 0.49875930648547795, 0.21978020021736477, 0.42995531989534513, 0.2805935, 0.1129479575647645, 4
0.916, 0.15189873417721517, 0.0, 0.0, 0.0, 0.01988073263797028, 0.0018941847009233453, 0.029703085079901513, 0.0007874650348488774, 0.8605756582488742, 0.8047973421936803, 0.9344262811805236, 0.8349513963615828, 0.19301840588778174, 0.744416868018398, 0.2461538598478446, 0.9344262811805236, 0.22387896, 0.05031398123339342, 2
0.828, 0.9957805907172994, 0.0, 0.0, 0.0, 0.08747515203648898, 0.011729351604715924, 0.1287128666993429, 0.011243203010860328, 0.060998147288100615, 0.059553346920429434, 0.050670639498290905, 0.0736245910861849, 0.8603696035873151, 0.08684863534656329, 0.6967032900736625, 0.06780923970051594, 0.30902183, 0.8752884167348867, 7
0.752, 0.3881856540084388, 0.0, 0.0, 0.0, 0.06759445160527981, 0.011292240327456033, 0.09653462997500094, 0.004954453059769091, 0.3261156518293338, 0.30686514606128307, 0.3777943306840114, 0.28883494714393465, 0.640657078382925, 0.4751861073770541, 0.2439560598236929, 0.3777943306840114, 0.29599184, 0.11256274576863406, 4
0.256, 0.3713080168776371, 0.0, 0.49999999999999994, 0.0, 0.025844945272303337, 0.0016209799978244607, 0.09900991082737048, 0.0019249083283686323, 0.13572748779652766, 0.14640198777161353, 0.1579731718179819, 0.1011326819838504, 0.9260780221673149, 0.271712147670388, 0.2989010802077042, 0.1579731718179819, 0.41026655, 0.21751231099090623, 1
0.16, 0.21097046413502107, 0.0, 0.49999999999999994, 0.0, 0.05367794949428765, 0.005409340203788624, 0.08663365359523513, 0.0072730821674591726, 0.15949299889362029, 0.1513647617188704, 0.19895677793559446, 0.12459545511672548, 0.7782340775902412, 0.3647642729220669, 0.2923076801352492, 0.19895677793559446, 0.42265132, 0.14807202324344398, 1
0.876, 0.1561181434599156, 0.0, 0.0, 0.0, 0.01590460328731548, 0.002676798955583789, 0.06435642443877979, 0.0020332242944772596, 0.8703458866102672, 0.8180313613880218, 0.9374069443920041, 0.8487054927812868, 0.21560569013656694, 0.7133994743240837, 0.2769230799661877, 0.9374069443920041, 0.21380861, 0.0483256335150517, 2
0.612, 0.5274261603375527, 0.0, 0.0, 0.0, 0.07157062318257694, 0.003278359413249585, 0.047029609957351136, 0.0012358826868886863, 0.4953789147326173, 0.4755996538163944, 0.5536513006978487, 0.45145628876425786, 0.5811087885853532, 0.5583126175150401, 0.16043954022461027, 0.5536513006978487, 0.24899773, 0.1119852106735299, 4
0.86, 0.430379746835443, 0.0, 0.0, 0.0, 0.041749502754447464, 0.0016938350410136362, 0.02475247436525825, 0.0011374450357790665, 0.013467123667984558, 0.001654259620135999, 0.03129657474885674, 0.005663430307600471, 0.7987679572414603, 0.2133994966565894, 0.5384615340490279, 0.03129657474885674, 0.962963, 0.06958390655473196, 3
0.036, 0.1561181434599156, 0.0, 0.49999999999999994, 0.0, 0.06361827644945366, 0.00493575225367968, 0.04950499328497482, 0.0026896949052941798, 0.7789807246951109, 0.698924667547163, 0.874068605618991, 0.7540453032016844, 0.039014354704872245, 0.8263026846418621, 0.26593407984542944, 0.874068605618991, 0.27970007, 0.03929396144599995, 2
0.16799999999999998, 0.27848101265822783, 0.0, 0.0, 0.0, 0.01590455855570283, 0.0016929514494776247, 0.03465350421037403, 0.0011920786260956485, 0.7681542024391117, 0.698924667547163, 0.8487332701097859, 0.7483818568746673, 0.12320322246583415, 0.7506203132585024, 0.3098901001086824, 0.8487332701097859, 0.2580791, 0.03813522721239815, 2
0.38, 0.13924050632911392, 0.0, 0.0, 0.0, 0.05964217286420775, 0.007963177424275596, 0.09900983954023719, 0.004160651664042204, 0.4444150924509369, 0.3961951664419272, 0.5305514458312328, 0.3980582428127067, 0.38603692265852463, 0.682382102962275, 0.14945054010385206, 0.5305514458312328, 0.32671866, 0.08211573403379446, 4
0.228, 0.3122362869198312, 0.0, 0.0, 0.49999999999999994, 0.39960241826970755, 0.4173935839688327, 0.5891088943485921, 0.20679625827665452, 0.12199629457620123, 0.09098427836306311, 0.15722802278113282, 0.11407766679234628, 0.6201231802512124, 0.3325061968794834, 0.518681310095399, 0.15722802278113282, 0.65204316, 0.030318107569921426, 3
0.916, 0.3291139240506329, 0.0, 0.0, 0.0, 0.01789264148152819, 0.0013714481518439859, 0.02475246990981242, 0.0005083043018301842, 0.04277792425255915, 0.03391232064951262, 0.06557377247074346, 0.026699028072862716, 0.8110882831841424, 0.24689825504744212, 0.46593406006520943, 0.06557377247074346, 0.62065095, 0.1244849387937143, 5
0.388, 0.6033755274261603, 0.0, 0.0, 0.0, 0.07355865350402582, 0.01298605845197989, 0.11138614578227671, 0.015322696692586464, 0.14972273488395701, 0.12489661166766194, 0.1959761482561561, 0.12378640175794167, 0.6570841673195055, 0.39578162195137007, 0.36703296007728525, 0.1959761482561561, 0.4313206, 0.09048437016536298, 4
0.708, 0.23628691983122363, 0.0, 0.0, 0.0, 0.025844924874687966, 0.002412830901784631, 0.04207919082687862, 0.0021936719074712656, 0.28993927388466184, 0.30438378142015976, 0.29880776154104144, 0.26618122736984334, 0.9034907545509739, 0.25062034675726097, 0.36043956000483035, 0.29880776154104144, 0.17869009, 0.20559070265360158, 4
0.13999999999999999, 0.7426160337552742, 0.0, 0.0, 0.0, 0.049701806545222604, 0.007303519397017622, 0.2549505461106787, 0.07053249202879452, 0.21388962126279576, 0.20181966740349044, 0.24366618959512812, 0.19336568236088922, 0.7310061414560918, 0.3325061968794834, 0.4, 0.24366618959512812, 0.26524833, 0.1019993476443592, 6
0.264, 0.37974683544303794, 0.0, 0.0, 0.0, 0.023856863062183778, 0.00284127070770135, 0.0495049487305165, 0.0028436132981633187, 0.015315552071214406, 0.0008271298100679995, 0.038002979791378386, 0.004854368939108304, 0.7782340775902412, 0.23821338927953523, 0.5164835061152033, 0.038002979791378386, 0.9876543, 0.07565257587317864, 3
0.776, 0.3459915611814346, 0.0, 0.0, 0.0, 0.06163021392124366, 0.005526462307601975, 0.05940595184295729, 0.003735259268118204, 0.054396619517313866, 0.050454918339706285, 0.0722801808664693, 0.03883495078471113, 0.8439424961702411, 0.2258064541343151, 0.4681318600893611, 0.0722801808664693, 0.51256585, 0.1606676206692274, 5
0.348, 0.16877637130801687, 0.0, 0.0, 0.0, 0.0755467088751778, 0.008450959981289575, 0.12623763040143166, 0.008891754757807499, 0.1930287811300302, 0.169561621857984, 0.2570790063865798, 0.1464401142504799, 0.6529773950853603, 0.4975186241372087, 0.19120876034295337, 0.2570790063865798, 0.4747726, 0.12398360800535796, 1
0.476, 0.1772151898734177, 0.0, 0.0, 0.0, 0.05367798170104876, 0.01415168426276659, 0.06435653582492556, 0.0034998274720334155, 0.7348824598104966, 0.6699751528548311, 0.8323398236388958, 0.6925566290021055, 0.1663244418073191, 0.8250620022935928, 0.13186810035019886, 0.8323398236388958, 0.27479535, 0.06287792756092658, 2
0.424, 0.4135021097046413, 0.0, 0.0, 0.0, 0.019880714745325215, 0.0008013838377102782, 0.11386138208018795, 0.0011374510303322916, 0.027198309758656933, 0.0306038024514242, 0.037257822706839215, 0.012944983352185274, 0.9075975304812177, 0.17866004810109049, 0.4835164800386426, 0.037257822706839215, 0.7156085, 0.22147875490192487, 1
0.352, 0.4135021097046413, 0.0, 0.0, 0.0, 0.059642147814504665, 0.007212451638017804, 0.05940592956572814, 0.003018604228817707, 0.13282281683220057, 0.147229116762823, 0.1490312894860752, 0.1011326819838504, 0.9548254573751205, 0.24069478747483206, 0.3230769200338123, 0.1490312894860752, 0.37431172, 0.24164029010180504, 1
0.22, 0.4430379746835443, 0.0, 0.0, 0.0, 0.10139167919718421, 0.02704671331290372, 0.054455452514459816, 0.002581122531768548, 0.13836810489375176, 0.11579817043185259, 0.17809239700515944, 0.11731390207214068, 0.677618065451218, 0.35980148769772613, 0.4087912000966065, 0.17809239700515944, 0.4187123, 0.08311432228567078, 5
0.352, 0.09704641350210969, 0.0, 0.0, 0.0, 0.033797157810588674, 0.0016116469146978134, 0.049504877443383194, 0.00361217573490491, 0.47319777674572067, 0.42100908828739014, 0.5685544155629987, 0.420711969868351, 0.3470225494731589, 0.7369726622662547, 0.09450546037918084, 0.5685544155629987, 0.33281505, 0.08479031030471668, 4
0.18, 0.8270042194092826, 0.0, 0.0, 0.0, 0.06163022107830169, 0.006341514521527905, 0.061881197051760206, 0.002743195967998535, 0.08291523853754824, 0.0711331602415305, 0.061847987048047594, 0.11731390207214068, 0.7761806859290206, 0.03970223377983975, 0.8703296798937328, 0.10804768336846261, 0.46432462, 0.9032626474397418, 7
0.96, 0.18565400843881855, 0.0, 0.0, 0.49999999999999994, 0.08747513772237292, 0.011575389910336704, 0.41336637313743985, 0.008150719309474716, 0.10958542059896793, 0.08436723898921891, 0.14008942727339366, 0.1011326819838504, 0.6673511163853618, 0.3052109060612407, 0.5164835061152033, 0.14008942727339366, 0.46630767, 0.03956808256477423, 5
0.756, 0.6286919831223629, 0.0, 0.0, 0.0, 0.09343937898493808, 0.009270549650192562, 0.6311881742843874, 0.6228495241638816, 0.29205175472906386, 0.25971877122983766, 0.3360655688231413, 0.2758899623354388, 0.5544147875439034, 0.4267990044794316, 0.42197802002173646, 0.33979136765865403, 0.298124, 0.003498752159349361, 6
1.0, 0.7932489451476793, 0.0, 0.0, 0.0, 0.1650099341754638, 0.027022690913897623, 0.24752475701892, 0.017113339135942734, 0.2872986425281297, 0.2663358180478502, 0.3286140113905664, 0.26294496296383674, 0.640657078382925, 0.41191064880640904, 0.35604395995652705, 0.3286140113905664, 0.2753682, 0.07753141157115817, 6
0.452, 0.7130801687763713, 0.0, 0.0, 0.0, 0.019880725480912253, 0.005148916252950304, 0.03217824563523363, 0.003376496774236414, 0.12542909466369634, 0.11497104888481147, 0.09388971754016183, 0.16990290922801413, 0.772073906302678, 0.0, 0.9450549202753289, 0.1564828670378753, 0.39944676, 0.8792202081504072, 7
0.6880000000000001, 0.5864978902953586, 0.0, 0.0, 0.0, 0.0, 0.0, 0.0, 0.0, 0.0, 0.0, 0.0, 0.0, 0.8911704249121931, 0.12034739373741603, 0.6043956000483033, 0.0, 0.0, 0.5015909549268871, 5
0.376, 0.5063291139240506, 0.0, 0.0, 0.0, 0.0019880716892442625, 9.10663820762316e-05, 0.009900990637192466, 8.749578129625568e-05, 0.0034327965226680934, 0.0, 0.00968703405131918, 0.0, 0.864476379517559, 0.15260545638049622, 0.5758241720420239, 0.00968703405131918, 1.0, 0.09340186471743711, 3
0.036, 0.6329113924050632, 0.0, 0.0, 0.0, 0.03777335264832439, 0.004568229219223348, 0.11138615469316837, 0.0038753023668888042, 0.14127278298773285, 0.12985938561491883, 0.11177348220397529, 0.18446601531718373, 0.7597535840560946, 0.014888333340516952, 0.9318681201304189, 0.16989568382932702, 0.34426668, 0.89171040585985, 7
0.08399999999999999, 0.30801687763713076, 0.0, 0.0, 0.0, 0.03180915540166609, 0.00320554105523883, 0.07673267721546932, 0.0038607542063381324, 0.13255874870578954, 0.1381306755270136, 0.1579731718179819, 0.09951456070317667, 0.8891170367622663, 0.2866004921771577, 0.31208790013283405, 0.1579731718179819, 0.41791564, 0.20115859390853563, 1
0.07999999999999999, 0.47257383966244726, 0.0, 0.0, 0.0, 0.08151094655921394, 0.008882962872042294, 0.10891090948436546, 0.003969984710936294, 0.41510428616263906, 0.3738626613467662, 0.49478392321001435, 0.36893203063436747, 0.44763858009267554, 0.6414392058167957, 0.15604395995652703, 0.49478392321001435, 0.32390848, 0.0898297732214402, 4
0.224, 0.5358649789029536, 0.0, 0.0, 0.0, 0.0019880716892442625, 9.10663820762316e-05, 0.009900991973826215, 8.749575176643684e-05, 0.0018484287597125492, 0.0, 0.005216095567929177, 0.0, 0.8767967073082904, 0.13771712080672868, 0.5890109840550657, 0.005216095567929177, 0.7777778, 0.09340186471743711, 5
0.224, 0.40506329113924044, 0.0, 0.0, 0.0, 0.03180914717104936, 0.0012385017045330486, 0.12623763040143166, 0.004954445086718004, 0.03063110414242881, 0.010752687307558944, 0.05663189684524513, 0.021844659133754413, 0.7330595460536578, 0.25930521252516786, 0.5274725240381596, 0.05663189684524513, 0.8644824, 0.056490116164987614, 3
0.44, 0.7763713080168776, 0.0, 0.0, 0.0, 0.1510934857424068, 0.014722367454876737, 0.22029705526664217, 0.009221555881860053, 0.3588592439458186, 0.3325061968979555, 0.41728761860870056, 0.32119738732051517, 0.5770020348317015, 0.5186104250503357, 0.23516483994686638, 0.41728761860870056, 0.29632849, 0.09791844135647876, 6
0.404, 0.7257383966244725, 0.0, 0.0, 0.0, 0.06560633182060563, 0.022894098643199166, 0.4405940481570427, 0.2802927290941801, 0.22022709944427196, 0.20678246368325243, 0.24813711064185626, 0.2030744318895907, 0.7186858247536564, 0.3250620357923513, 0.42637362007003976, 0.2518629027709605, 0.25044397, 0.023982820625820134, 6
0.748, 0.39662447257383965, 0.0, 0.0, 0.0, 0.09542744151314807, 0.0034384061263657848, 0.03712871377561029, 0.002133971177420319, 0.19804595432772137, 0.17452439580524093, 0.23546944288725366, 0.18042071211549943, 0.6509240089682877, 0.36600495527033616, 0.42637362007003976, 0.23546944288725366, 0.3324073, 0.07252847215081448, 5
0.7, 0.7088607594936708, 0.0, 0.0, 0.0, 0.15308152679944273, 0.008512253734757702, 0.11386141326830877, 0.004387344110240719, 0.4322682866001146, 0.3995037121834386, 0.5074515909646169, 0.3826860760832002, 0.5051334283316943, 0.6240694519484763, 0.12527473983818388, 0.5074515909646169, 0.3069927, 0.1031138989717213, 6
0.684, 0.5864978902953586, 0.0, 0.0, 0.0, 0.0, 0.0, 0.0, 0.0, 0.0, 0.0, 0.0, 0.0, 0.8911704249121931, 0.12034739373741603, 0.6043956000483033, 0.0, 0.0, 0.5015909549268871, 5
0.008, 0.7426160337552742, 0.0, 0.0, 0.0, 0.07355868571078693, 0.019105725503988456, 0.5222772068792262, 0.33840091601498046, 0.18853974418516112, 0.17452439580524093, 0.22131147705895288, 0.16666666666666669, 0.724845983104874, 0.3399503579666155, 0.393406580147325, 0.22131147705895288, 0.27147257, 0.09211428478769484, 6
0.5680000000000001, 0.4430379746835443, 0.0, 0.0, 0.0, 0.01988071832385423, 0.001894180865207639, 0.02970296790167615, 0.0011811927536777543, 0.045946661204401044, 0.05624482574467366, 0.054396429615472655, 0.026699028072862716, 0.9527720694099986, 0.17617865772217062, 0.4395604399951697, 0.05663189684524513, 0.5643298, 0.2804731862575921, 1
0.956, 0.5232067510548523, 0.0, 0.0, 0.49999999999999994, 0.15308152679944273, 0.09188596633579192, 0.17079208871434234, 0.11073683246921699, 0.03564827021046596, 0.019023986152655773, 0.060357675561532605, 0.02508090460772308, 0.7556468025817027, 0.254342427300827, 0.5120879100229441, 0.060357675561532605, 0.837478, 0.07399574612357851, 3
0.54, 0.7130801687763713, 0.0, 0.0, 0.0, 0.06560636760589574, 0.01896001797475391, 0.1608910811464557, 0.027222128465047395, 0.24900976947974768, 0.23407774272567036, 0.28763041197936223, 0.22168284118044462, 0.6981519266219437, 0.3870967785159688, 0.33846152020287384, 0.28763041197936223, 0.28575617, 0.1115799245971053, 6
0.08399999999999999, 0.48945147679324885, 0.0, 0.0, 0.0, 0.0178926450600572, 0.00038247885881359934, 0.01732673294676994, 0.00044841579166122206, 0.0036968575194250984, 0.0, 0.010432191135858354, 0.0, 0.8624229897043877, 0.15508684787604135, 0.5736263680618282, 0.010432191135858354, 0.7777778, 0.09340186471743711, 3
0.612, 0.28270042194092826, 0.0, 0.0, 0.0, 0.03578524538850175, 0.0008742451262314368, 0.06435647790412977, 0.002056143863371434, 0.6868233584007216, 0.6137302921225661, 0.8002980864403733, 0.6351132215964456, 0.12114983634876153, 0.8908188367270291, 0.0637362402608378, 0.8002980864403733, 0.30905932, 0.0672240092446153, 2
0.092, 0.5991561181434598, 0.0, 0.0, 0.0, 0.20477141018699138, 0.49053822369382566, 0.8019802496323922, 0.44793448514391726, 0.10219170556011774, 0.09677418874569783, 0.12518629899542696, 0.08252426541144343, 0.8172484507756068, 0.2655086800977779, 0.42637362007003976, 0.14381520598968112, 0.64629805, 0.1512782171294964, 5
0.38, 0.21097046413502107, 0.0, 0.0, 0.0, 0.02584490232995519, 0.0021787460238872638, 0.014851429371626642, 0.0006225407308482514, 0.77660419711326, 0.7162944061392353, 0.8457526404303475, 0.7605177300719549, 0.18685830297804473, 0.6960297762870283, 0.33846152020287384, 0.8457526404303475, 0.23688999, 0.03726355518700303, 2
0.604, 0.8059071729957805, 0.0, 0.49999999999999994, 0.0, 0.08548708592974996, 0.008320697600631968, 0.14851485955788699, 0.004082288088483149, 0.13836810489375176, 0.11414391244943363, 0.11326379369049026, 0.1893203791592049, 0.6652977302682892, 0.035980153236273724, 0.9956044197319167, 0.17436661828887196, 0.4203661, 0.9390173768427312, 7
0.86, 0.5696202531645569, 0.0, 0.0, 0.0, 0.07355865350402582, 0.012548957009888475, 0.047029694610821925, 0.001498366041298928, 0.20728808921421657, 0.15963605907513356, 0.2786885363538639, 0.17637538706915598, 0.4681724412634012, 0.5384615101164351, 0.3164835199613573, 0.2786885363538639, 0.4837708, 0.06541942889413166, 4
0.364, 0.9198312236286919, 0.0, 0.0, 0.0, 0.08747515203648898, 0.011947910193896412, 0.11881189031957709, 0.009318300293157276, 0.08766833647917434, 0.06534325730306415, 0.07451564809624178, 0.12378640175794167, 0.6960985589853647, 0.08064516107420154, 0.8835164800386426, 0.11400894272733936, 0.48521596, 0.9676469256064322, 7
0.24, 0.8902953586497889, 0.0, 0.0, 0.0, 0.033797220434846384, 0.005328433649101252, 0.10396041015586799, 0.004822199336612619, 0.10430420066382783, 0.09842844672811679, 0.07675112203242267, 0.13996762184623196, 0.8131416729973137, 0.013647650992247726, 0.8769230799661877, 0.12891206429889765, 0.40896538, 0.8641345814052603, 7
0.244, 0.0, 0.0, 0.0, 0.0, 0.021868909679108654, 0.0009652923789049798, 0.05198019839476525, 0.0029857954188915537, 0.9429627676632545, 0.9139784658075204, 0.9754098135276438, 0.9360841293163046, 0.3655030430073055, 0.5620347427236173, 0.3846153800507185, 0.9754098135276438, 0.15582462, 0.04155323398994293, 2
0.576, 0.20675105485232065, 0.0, 0.0, 0.0, 0.0318091614851654, 0.0010199348046351967, 0.044554516233706494, 0.0010499465879401696, 0.710588833849544, 0.6377170700884829, 0.8144560120302237, 0.669093790335253, 0.11498969647803736, 0.8498759395815499, 0.14285712025117708, 0.8144560120302237, 0.29458332, 0.05778519958784972, 2
0.9400000000000001, 0.751054852320675, 0.0, 0.0, 0.0, 0.0357852901201144, 0.0015299148451442886, 0.06683168746936602, 0.0029857921706114812, 0.052284130830292416, 0.03970223252098102, 0.03651266964614508, 0.08171520477110657, 0.7802874637073137, 0.05707196308240298, 0.8351648399468664, 0.07526080383949929, 0.5358197, 0.915242451700307, 7
0.0, 0.32067510548523204, 0.0, 0.0, 0.0, 0.04373758317530251, 0.008669515619919521, 0.11386139544652545, 0.010324497863886728, 0.13519936580301362, 0.1397849483977693, 0.16020865246057117, 0.10355986390486098, 0.8809034832385342, 0.2853597986626357, 0.3230769200338123, 0.16020865246057117, 0.40250653, 0.20062993871146817, 1
0.66, 0.5147679324894514, 0.0, 0.0, 0.0, 0.021868796597591875, 0.0005281848193387737, 0.027227734722576988, 0.0004484155849524901, 0.22233957315901992, 0.1786600407612883, 0.2891207100530604, 0.1925566290021054, 0.49281313010975253, 0.5198511297311105, 0.3230769200338123, 0.2891207100530604, 0.44313568, 0.06740155943245996, 5
0.22, 0.43881856540084385, 0.0, 0.0, 0.0, 0.015904575374789186, 0.0010199433120559299, 0.01732673562003744, 0.00018592833260616152, 0.04515447678819922, 0.057071956224716815, 0.04992548643759677, 0.028317150081691746, 0.9650923990487794, 0.15756823602171066, 0.45934065010264447, 0.05365126716580676, 0.51036155, 0.30982377978194886, 1
0.448, 0.48945147679324885, 0.0, 0.49999999999999994, 0.0, 0.07355866781814188, 0.005622851384506501, 0.03465339104204992, 0.0026166574755105516, 0.4449432144444509, 0.4036393348069809, 0.5230998548666159, 0.40048541745216426, 0.43737164950731283, 0.6426799104975706, 0.16483517983335355, 0.5230998548666159, 0.30597952, 0.08704944642151202, 4
0.888, 0.4683544303797468, 0.0, 0.0, 0.0, 0.05566601917955567, 0.006362664559580171, 0.08415841284187806, 0.0035032464344589356, 0.3102719920239134, 0.2737799864129039, 0.3777943306840114, 0.27265369792943217, 0.5174538004756102, 0.549627762913386, 0.2439560598236929, 0.3777943306840114, 0.3480217, 0.08689130786781596, 4
0.368, 0.5527426160337552, 0.0, 0.0, 0.0, 0.015904572511965975, 0.0005828246780900182, 0.022277227819821593, 0.0004921637457984604, 0.008185899455052022, 0.0, 0.023099850842770872, 0.0, 0.8275153924492658, 0.1972704698015504, 0.5362637320468542, 0.023099850842770872, 1.0, 0.09340186471743711, 3
0.752, 0.35021097046413496, 0.0, 0.0, 0.0, 0.013916516425108206, 0.0009653050662723156, 0.04207924874767442, 0.0012358792614297009, 0.6474781771984252, 0.5657567957440797, 0.7757078865552003, 0.5881876898938015, 0.06981518342194759, 0.9528536241156578, 0.008791219876826517, 0.7757078865552003, 0.34293815, 0.06892603535926611, 2
0.488, 0.3713080168776371, 0.0, 0.0, 0.49999999999999994, 0.12127236173574833, 0.13756484572456373, 0.2871287427360082, 0.1756914488288843, 0.07261684540471695, 0.0430107499746526, 0.10432190465217514, 0.06715209868193696, 0.6468172367341427, 0.3002481208368999, 0.5472527440357444, 0.10432190465217514, 0.70008737, 0.024477973213348103, 3
0.88, 0.20675105485232065, 0.0, 0.0, 0.0, 0.009940359877632917, 0.0012339408910308574, 0.02970297369375573, 0.0016470945980364144, 0.04568259735578242, 0.0306038024514242, 0.07675112203242267, 0.026699028072862716, 0.7638603562902397, 0.28908187920620176, 0.4417582400193213, 0.07675112203242267, 0.68080807, 0.10514296044883437, 5
0.188, 0.11392405063291139, 0.0, 0.0, 0.0, 0.03578524538850175, 0.0020734272532911915, 0.03712871377561029, 0.0021339733921567324, 0.8919989667705361, 0.8486351936161194, 0.9493293960456737, 0.8721682586326089, 0.2751539984146324, 0.671215850165324, 0.2879120800869459, 0.9493293960456737, 0.19453695, 0.050663234731327, 2
0.376, 0.5147679324894514, 0.0, 0.0, 0.0, 0.013916503184550863, 0.00030962551219098635, 0.007425741864032893, 9.843270191198193e-05, 0.013731186090672374, 0.007444168365053679, 0.029806261250419235, 0.0024271843967386218, 0.8398357220880466, 0.20471463423855835, 0.5098901060427484, 0.029806261250419235, 0.92777777, 0.12518219845566025, 5
0.40800000000000003, 0.4683544303797468, 0.0, 0.0, 0.0, 0.021868788009122245, 0.0007467437232446535, 0.02970296478286407, 0.0009187053241525126, 0.044098229236344176, 0.057071956224716815, 0.0491803293530576, 0.02588996670437055, 0.9733059564534151, 0.15880893065285795, 0.44835164009177625, 0.052906111422549265, 0.5500441, 0.31491182245698435, 1
0.892, 0.8818565400843881, 0.0, 0.49999999999999994, 0.0, 0.0536779351801716, 0.002349514054160699, 0.07920792687971806, 0.0050747542934510975, 0.09981515658930469, 0.08023159403317151, 0.09165425031038935, 0.12783170495962598, 0.7125256479219452, 0.10918114094046512, 0.8153846199492816, 0.11773472144362683, 0.38572726, 1.0, 7
0.64, 0.34177215189873417, 0.0, 0.0, 0.0, 0.343936431296913, 0.19307884933249692, 0.02475248594941741, 0.0007437145116173997, 0.10958542059896793, 0.07940446504196204, 0.1594634967173137, 0.08495145461400706, 0.6303901293170686, 0.40198508952398015, 0.3846153800507185, 0.1594634967173137, 0.59959364, 0.08397654185869441, 5
0.852, 0.7468354430379747, 0.0, 0.49999999999999994, 0.0, 0.049701795809635574, 0.005122757163592488, 0.11633665402166585, 0.005442064488694877, 0.14180090498124687, 0.11910669384085887, 0.11475409176418847, 0.19336568236088922, 0.6755646608536521, 0.027295290818242668, 1.0, 0.17809239700515944, 0.40352198, 0.9312211305538419, 7
0.828, 0.4599156118143459, 0.0, 0.0, 0.0, 0.02982105243607826, 0.00038248104713858557, 0.5099010031124408, 0.26821817811353177, 0.2796408593628684, 0.2663358180478502, 0.31892698672821895, 0.2500000072815531, 0.7002053312195098, 0.3995037136611889, 0.3142857001569857, 0.31892698672821895, 0.28241062, 0.11471735920075204, 4
0.008, 0.3122362869198312, 0.0, 0.49999999999999994, 0.0, 0.09940358088368412, 0.015226287556328467, 0.12128712661748833, 0.012916562758616615, 0.12358067481605135, 0.13564928110921684, 0.14083457631024274, 0.09304206829892873, 0.940451741619267, 0.24317617450387607, 0.33406592015457054, 0.14157972534709184, 0.39173108, 0.2446454098618429, 1
0.372, 0.18565400843881855, 0.0, 0.0, 0.0, 0.06560634255619266, 0.016774423723055817, 0.09405939367708968, 0.005074751045171025, 0.18748350019813306, 0.18362281470854516, 0.23099852854693387, 0.1440129468925754, 0.8008213433585328, 0.3933002460885789, 0.2175824199734332, 0.23099852854693387, 0.42569095, 0.16266354983905884, 1
0.72, 0.510548523206751, 0.0, 0.0, 0.0, 0.021868791587651256, 0.0011838627702876411, 0.032178216674835725, 0.00018592853931489342, 0.041985741262288136, 0.057071956224716815, 0.04470938818710423, 0.024271843239230914, 0.9897330601743903, 0.14640198322475972, 0.45274725003018956, 0.052906111422549265, 0.57760143, 0.3444965561500227, 1
0.476, 0.5949367088607594, 0.0, 0.0, 0.0, 0.015904572511965975, 0.0005828248256175453, 0.11633663619988253, 0.01698511623305819, 0.013203062671227552, 0.011579817787602094, 0.020119225187177535, 0.007281553044584804, 0.8747433193431685, 0.15880893065285795, 0.5538461480642434, 0.020119225187177535, 0.5343915, 0.13013364637256974, 5
0.304, 0.7932489451476793, 0.0, 0.0, 0.0, 0.10139165414748114, 0.013062238224697013, 0.22277226928732427, 0.01202331083899383, 0.40242935118864875, 0.3829610951384072, 0.460506732194536, 0.35841420590222306, 0.6139630218999946, 0.5297766778472867, 0.17582417995411187, 0.460506732194536, 0.28042978, 0.11775204467264072, 6
0.792, 0.9789029535864977, 0.0, 0.49999999999999994, 0.0, 0.05367793160164259, 0.004535108797617214, 0.04702969015537609, 0.001498366041298928, 0.11486664053410804, 0.08850289138943468, 0.10059612593588768, 0.15614886377918138, 0.6570841673195055, 0.0831265514531214, 0.9208791200096607, 0.14381520598968112, 0.44538036, 0.9757304484890459, 7
0.488, 0.6286919831223629, 0.0, 0.49999999999999994, 0.0, 0.049701788652577544, 0.005555048224781595, 0.08910891662582136, 0.0026248734093578517, 0.07156060141768893, 0.059553346920429434, 0.0976154962564493, 0.05501617669824385, 0.7782340775902412, 0.271712147670388, 0.4571428461224488, 0.0976154962564493, 0.4799313, 0.10608629570592049, 4
0.972, 0.14345991561181434, 0.0, 0.0, 0.0, 0.029820984444027032, 0.0006010401772533403, 0.0445543442534974, 0.0014436779094069451, 0.9609188726648066, 0.9487178685499817, 0.9776452606381912, 0.9546925021993932, 0.4845995671609687, 0.48883373603679625, 0.3868131800748701, 0.9776452606381912, 0.12570898, 0.052854741962082785, 2
0.40800000000000003, 0.5189873417721519, 0.0, 0.0, 0.0, 0.01789264720717461, 0.0006010381118679601, 0.02970296790167615, 0.00026248722281650976, 0.04858727331086732, 0.06203474133822624, 0.05365126716580676, 0.02993527281867608, 0.9753593351782902, 0.16004962640063053, 0.443956040043473, 0.05812220833176012, 0.52623457, 0.31372481856943424, 1
0.036, 0.4430379746835443, 0.0, 0.0, 0.0, 0.00994035773051551, 0.0007467442641789199, 0.01732673562003744, 0.0001859283916657992, 0.005017163929140935, 0.0, 0.01341281679145169, 0.0008090614413076971, 0.8521560480307288, 0.1637717091774471, 0.569230764057481, 0.01341281679145169, 1.0, 0.08594908351750347, 3
0.16799999999999998, 0.47257383966244726, 0.0, 0.0, 0.0, 0.0178926450600572, 0.0010381564704491544, 0.01980197637339452, 0.0004812262552572305, 0.12991813160856544, 0.11083539648459571, 0.16616990511303953, 0.10922329566877206, 0.7063654895707274, 0.3399503579666155, 0.4131868001449098, 0.16616990511303953, 0.39868945, 0.0915137909526037, 4
0.656, 0.40928270042194087, 0.0, 0.0, 0.49999999999999994, 0.021868796597591875, 0.001183860557374734, 0.0940594248652105, 0.006780925804115423, 0.20887246232441264, 0.17121587239623462, 0.2712369520956554, 0.1779935229129358, 0.5420944153999874, 0.4937964989286315, 0.3164835199613573, 0.2712369520956554, 0.4318249, 0.07632453804403544, 5
0.184, 0.5316455696202531, 0.0, 0.0, 0.0, 0.08747516277207601, 0.008272115310662482, 0.08168320327664179, 0.0030971139769800297, 0.34380774574170714, 0.31679073117663864, 0.4053651200101723, 0.30339805323310426, 0.5770020348317015, 0.5297766778472867, 0.21538461994928154, 0.4053651200101723, 0.3108182, 0.10317731810577685, 4
0.84, 0.5358649789029536, 0.0, 0.0, 0.0, 0.13717694426759555, 0.02067595834373402, 0.02970296790167615, 0.001968654687895653, 0.02059677771007775, 0.01985111588828209, 0.022354694428872536, 0.01941747502827791, 0.8788500952734123, 0.1352357315444341, 0.5912087860572394, 0.022354694428872536, 0.06888328, 0.09340186471743711, 5
0.884, 0.6244725738396624, 0.0, 0.0, 0.0, 0.049701806545222604, 0.014953075427677383, 0.4009900802617379, 0.09160809500923914, 0.29970953076467105, 0.26799006114193247, 0.3502235346514421, 0.2758899623354388, 0.556468173660976, 0.46153844521855353, 0.3582417402004586, 0.3502235346514421, 0.30841646, 0.05678095935414296, 6
0.344, 0.5189873417721519, 0.0, 0.0, 0.0, 0.0656063568703087, 0.005654626846823349, 0.0915841529237326, 0.0062383897980381854, 0.057037232336745534, 0.0306038024514242, 0.08867362063095098, 0.04854368575030652, 0.6755646608536521, 0.2952853579450646, 0.5252747200579639, 0.08867362063095098, 0.6950877, 0.03137120821207234, 3
0.064, 0.0, 0.0, 0.0, 0.0, 0.03180920657463096, 0.0010199426235941362, 0.0495051046711206, 0.0004812195815181722, 1.0, 1.0, 1.0, 1.0, 0.5626282950512065, 0.4168734340307499, 0.43076922011834307, 1.0, 0.099060155, 0.05481465436493976, 2
0.0, 0.35021097046413496, 0.0, 0.0, 0.0, 0.1371769335320085, 0.06529460902943213, 0.10396040124497631, 0.022180172646085856, 0.03723263832990421, 0.01571546721015051, 0.06557377247074346, 0.02750808871319958, 0.7186858247536564, 0.2729528523511628, 0.518681310095399, 0.06557377247074346, 0.82478386, 0.04734848381494583, 3
0.544, 0.033755274261603366, 0.0, 0.0, 0.0, 0.023856814752042113, 0.003737941099929836, 0.04455445831291068, 0.001524907442474067, 0.9075785441902373, 0.865177773440309, 0.9597615496256449, 0.8923948110487957, 0.2772074030121985, 0.6501240380859442, 0.3230769200338123, 0.9597615496256449, 0.18785286, 0.04565587117348163, 2
0.84, 0.2320675105485232, 0.0, 0.49999999999999994, 0.0, 0.10337971667569112, 0.010245511376634433, 0.0816831765439668, 0.0027666399864753424, 0.2706627926027843, 0.2795698893513703, 0.27943369209712143, 0.2524271819210106, 0.8685831554478027, 0.2444168680183981, 0.4087912000966065, 0.27943369209712143, 0.16790761, 0.17813360879663537, 4
0.24, 0.8860759493670886, 0.0, 0.0, 0.0, 0.089463225300286, 0.02813951363518252, 0.07425742755122058, 0.007218399439524037, 0.04753102575901227, 0.036393712834058914, 0.03129657474885674, 0.07605178028874854, 0.7926077896499959, 0.05334987695571054, 0.8285714200941914, 0.07004471363669683, 0.5931498, 0.9004625581929997, 7
0.684, 0.22784810126582278, 0.0, 0.0, 0.0, 0.03976143664770846, 0.006104029134129471, 0.009900991973826215, 0.0010166089580181947, 0.005281224925897941, 0.005789908893801047, 0.007451565480265019, 0.0024271843967386218, 0.89322381306212, 0.1327543422821395, 0.5802197760463712, 0.007451565480265019, 0.23148148, 0.2067749097846252, 5
0.788, 0.8734177215189872, 0.0, 0.0, 0.0, 0.04174950633297647, 0.004097984439583248, 0.039603960766591534, 0.0013999315203501053, 0.04726696547522067, 0.03970223252098102, 0.033532041978629225, 0.06957928060294755, 0.8193018405887781, 0.06575682326718346, 0.7780219799782635, 0.06408345427782007, 0.5039001, 0.8973986383323331, 7
0.308, 0.18565400843881855, 0.0, 0.0, 0.0, 0.061630224656830705, 0.007959195164559087, 0.08663368032791012, 0.005829402692971828, 0.1911803612823852, 0.1786600407612883, 0.2429210003198286, 0.14724917489081676, 0.7351129136902368, 0.4354838479148329, 0.2131867803646899, 0.2429210003198286, 0.44050935, 0.14343568305837545, 1
0.336, 0.22784810126582278, 0.0, 0.0, 0.0, 0.0357852901201144, 0.003059827379023985, 0.04702972134349692, 0.002023339630567201, 0.7760760323418218, 0.7402811543284787, 0.84202686171406, 0.7394821971125147, 0.3696098522024377, 0.6799007159332309, 0.17142854034536853, 0.84202686171406, 0.20770195, 0.07806275633199317, 2
0.732, 0.09282700421940929, 0.0, 0.0, 0.0, 0.04970171708199731, 0.0051227596223846076, 0.051980144929415266, 0.002390923862529834, 0.7779245020970451, 0.7179486492333177, 0.841281645613127, 0.7677992831165397, 0.18891167061462366, 0.6674937807880108, 0.3868131800748701, 0.841281645613127, 0.23116584, 0.029903213124385153, 2
0.3, 0.7257383966244725, 0.0, 0.0, 0.0, 0.10536781856772025, 0.037683244433245465, 0.27722770398000074, 0.09484541656608073, 0.23210985855764532, 0.2175351331248073, 0.2660208753056697, 0.20954692429383864, 0.7063654895707274, 0.3585607941832041, 0.3802197800024152, 0.2660208753056697, 0.27036038, 0.09518001718046559, 6
0.936, 0.7637130801687763, 0.0, 0.0, 0.0, 0.095427416463445, 0.009501670700069258, 0.1089108560190155, 0.005306852172988631, 0.3572748779652765, 0.3291976511564441, 0.41877793680162395, 0.31796115932227387, 0.5646817181292662, 0.5334987472245999, 0.22197800024151643, 0.41877793680162395, 0.30066735, 0.09927183764015646, 6
0.6880000000000001, 0.5569620253164557, 0.0, 0.0, 0.0, 0.0, 0.0, 0.0, 0.0, 0.0, 0.0, 0.0, 0.0, 0.8911704249121931, 0.12034739373741603, 0.6043956000483033, 0.0, 0.0, 0.5015909549268871, 5
0.608, 0.4852320675105485, 0.0, 0.0, 0.0, 0.0178926450600572, 0.001475275615843827, 0.014851482391432035, 0.000131243608455273, 0.04251386325580215, 0.05459056925108838, 0.04843517226851842, 0.024271843239230914, 0.9671457851658519, 0.1625310145462998, 0.44835164009177625, 0.051415796582830076, 0.56371254, 0.3057101036932076, 1
0.376, 0.7594936708860759, 0.0, 0.0, 0.0, 0.04771369749613546, 0.005485796344739965, 0.08168314535584598, 0.005453919234468975, 0.44705572380746905, 0.40777501698387014, 0.5283159651886437, 0.3972491821723698, 0.4517453338463272, 0.6588088926875983, 0.1208791002294406, 0.5283159651886437, 0.310288, 0.0952455411905132, 6
0.204, 0.5147679324894514, 0.0, 0.0, 0.0, 0.019880714745325215, 0.001019943852990196, 0.014851486401333281, 0.00026248739999542285, 0.005281224925897941, 0.0, 0.014157973875990862, 0.0008090614413076971, 0.8501026600656068, 0.1662530984397417, 0.5670329640333293, 0.014157973875990862, 0.8888889, 0.08501149769021049, 3
0.356, 0.025316455696202528, 0.0, 0.0, 0.0, 0.03578533664099156, 0.0037379442963595905, 0.06435653582492556, 0.0023014489543860266, 0.9030894929860601, 0.8593878481693376, 0.9552905883404663, 0.8891585612058951, 0.268993784621934, 0.6488833445714222, 0.33406592015457054, 0.9552905883404663, 0.18952668, 0.04303325415621406, 2
0.572, 0.3755274261603375, 0.0, 0.0, 0.0, 0.03180913858257973, 0.002986981482541494, 0.11633663619988253, 0.004385726466764557, 0.1645101649616574, 0.16459882557822206, 0.19970194709166875, 0.1262135909605053, 0.8377823341229247, 0.34491313202470353, 0.26373627982127773, 0.19970194709166875, 0.41776258, 0.17310548882275767, 1
0.6880000000000001, 0.26160337552742613, 0.0, 0.0, 0.0, 0.0536779351801716, 0.0035536838902104077, 0.10643563754288757, 0.0031996949569713627, 0.2931079915864378, 0.30024814390828075, 0.3062593256800248, 0.2718446664153075, 0.8480492739485342, 0.2729528523511628, 0.3802197800024152, 0.3062593256800248, 0.18173215, 0.16592602966830505, 4
0.468, 0.7721518987341771, 0.0, 0.0, 0.0, 0.095427416463445, 0.01057248991255945, 0.061881210418097694, 0.004006428641561891, 0.38024820607209814, 0.352357292686983, 0.44038750700735846, 0.3422329930954858, 0.5585215412975549, 0.5334987472245999, 0.2285714200941914, 0.44038750700735846, 0.2935857, 0.09636630969788867, 6
0.40800000000000003, 0.751054852320675, 0.0, 0.0, 0.0, 0.11530814910141526, 0.009706845591985674, 0.1683168524164311, 0.008573640945456209, 0.4496963266453851, 0.4119106396074124, 0.5312965613360399, 0.3980582428127067, 0.46201231987317054, 0.6612902908828951, 0.10549451984059904, 0.5312965613360399, 0.31158692, 0.09894614705957788, 6
0.40800000000000003, 0.11814345991561181, 0.0, 0.0, 0.0, 0.013916516425108206, 0.0016116431281579496, 0.03712871377561029, 0.0017330939646218002, 0.7993134642233246, 0.7369726681403143, 0.8673621972232652, 0.7864077288151589, 0.164271037209753, 0.6972704698015503, 0.36043956000483035, 0.8673621972232652, 0.23449263, 0.03295329537436348, 2
0.704, 0.4599156118143459, 0.0, 0.0, 0.0, 0.019880714745325215, 0.0005828244617163116, 0.034653459655915715, 0.0003499830129717111, 0.04172168026553113, 0.05459056925108838, 0.04619970302682342, 0.024271843239230914, 0.9733059564534151, 0.15508684787604135, 0.4549450540103852, 0.04992548643759677, 0.54960316, 0.3178900914054093, 1