@relation segment-10-2tst.dat
@attribute Region-centroid-col real [1.0, 254.0]
@attribute Region-centroid-row real [11.0, 251.0]
@attribute Region-pixel-count real [9.0, 10.0]
@attribute Short-line-density-5 real [0.0, 0.33333334]
@attribute Short-line-density-2 real [0.0, 0.22222222]
@attribute Vedge-mean real [0.0, 29.222221]
@attribute Vegde-sd real [0.0, 991.7184]
@attribute Hedge-mean real [0.0, 44.722225]
@attribute Hedge-sd real [-1.5894573e-08, 1386.3292]
@attribute Intensity-mean real [0.0, 143.44444]
@attribute Rawred-mean real [0.0, 137.11111]
@attribute Rawblue-mean real [0.0, 150.88889]
@attribute Rawgreen-mean real [0.0, 142.55556]
@attribute Exred-mean real [-49.666668, 9.888889]
@attribute Exblue-mean real [-12.444445, 82.0]
@attribute Exgreen-mean real [-33.88889, 24.666666]
@attribute Value-mean real [0.0, 150.88889]
@attribute Saturatoin-mean real [0.0, 1.0]
@attribute Hue-mean real [-3.0441751, 2.9124804]
@attribute Class integer [1, 7]
@inputs Region-centroid-col, Region-centroid-row, Region-pixel-count, Short-line-density-5, Short-line-density-2, Vedge-mean, Vegde-sd, Hedge-mean, Hedge-sd, Intensity-mean, Rawred-mean, Rawblue-mean, Rawgreen-mean, Exred-mean, Exblue-mean, Exgreen-mean, Value-mean, Saturatoin-mean, Hue-mean
@outputs Class
@data
0.26294820717131473, 0.31092436974789917, 0.0, 0.49999999999999994, 0.0, 0.12200436862745098, 0.01546957149141705, 0.09102563357001948, 0.014253281573515237, 0.1494965228349039, 0.1493506521968291, 0.18630337859864962, 0.11067809631556987, 0.8350730656377892, 0.36143038152698953, 0.21052630182825438, 0.18630337859864962, 0.43740398, 0.17076208369697937, 1
0.8645418326693227, 0.8781512605042017, 0.0, 0.49999999999999994, 0.0, 0.0893246274509804, 0.0021291606210741346, 0.05256410238658777, 0.006268316944366656, 0.044926416806395565, 0.0413961023425641, 0.0353460980460523, 0.0584567448649495, 0.8475991626557589, 0.09323116360740438, 0.6399999973473683, 0.05522828088933519, 0.42735383, 0.8418137461174979, 7
0.5697211155378487, 0.36134453781512604, 0.0, 0.0, 0.0, 0.39651415686274505, 0.008666269721448499, 0.014102555049309386, 0.0008668045209633365, 0.33436613506943874, 0.33603895831137204, 0.3600883537548722, 0.30553390551725934, 0.7807933125195582, 0.351213255677399, 0.2821052558182823, 0.3600883537548722, 0.19711515, 0.13745925992325486, 4
0.4302788844621514, 0.9873949579831932, 0.0, 0.0, 0.0, 0.12418301960784313, 0.003948658359089537, 0.13461540414201242, 0.006210657573033793, 0.18048026120775404, 0.15422076985210412, 0.14874816164397525, 0.23928291537699403, 0.6221294332425329, 0.012771401564861978, 1.0, 0.22606773765782223, 0.38897294, 0.8841006733708885, 7
0.23904382470119523, 0.7983193277310925, 0.0, 0.0, 0.0, 0.08278870196078432, 0.0032686501110730376, 0.05769232562130233, 0.002501129817580911, 0.42964112098036006, 0.4009740308362497, 0.5066273600395629, 0.3756819937433517, 0.5114822651509541, 0.6424009745746566, 0.07368421511357354, 0.5066273600395629, 0.29921305, 0.10184960261461268, 6
0.20318725099601595, 0.6932773109243697, 0.0, 0.0, 0.0, 0.0827887294117647, 0.0012977631213389532, 0.06153847573964541, 0.004063605326351398, 0.35321458259379035, 0.33603895831137204, 0.41531664789899375, 0.303975039626655, 0.6283924751753172, 0.5453384169345736, 0.1157894565318554, 0.41531664789899375, 0.30857325, 0.11707964626539202, 6
0.3466135458167331, 0.37815126050420167, 0.0, 0.49999999999999994, 0.0, 0.03485840392156863, 0.0007260079034695576, 0.03974359276134132, 0.0028461856227281314, 0.13994320030807747, 0.1485389647034175, 0.16568482941321921, 0.10444270991604956, 0.9060542789414272, 0.301404844746848, 0.2378947343290858, 0.16568482941321921, 0.40403765, 0.19649647309098095, 1
0.33067729083665337, 0.32352941176470584, 0.0, 0.49999999999999994, 0.0, 0.08061003921568628, 0.0035532530471105743, 0.03974358583826418, 0.005127600766719828, 0.1474309356291537, 0.15665584694272852, 0.17452135806685304, 0.10989867389248094, 0.908141961464603, 0.31034480975029827, 0.22105260744598254, 0.17452135806685304, 0.40511805, 0.1978903768309327, 1
0.27091633466135456, 0.7100840336134454, 0.0, 0.49999999999999994, 0.0, 0.047930274509803916, 0.0010610886627846706, 0.06923077136094681, 0.002818221786331407, 0.15569327050947393, 0.1339285752116187, 0.14212076846744648, 0.19095867604181835, 0.665970764350312, 0.10089399764977024, 0.810526328354571, 0.18041236170535815, 0.3273826, 0.9282610604304355, 7
0.8725099601593626, 0.43277310924369744, 0.0, 0.0, 0.0, 0.010893245490196077, 0.00011867442538127286, 0.010256407930966398, 0.00011183434612957216, 0.037955076543921815, 0.04464285596880799, 0.04860088439910983, 0.020265002641777, 0.9290187885752764, 0.19667943122532, 0.38736841620609397, 0.04860088439910983, 0.6031746, 0.23435422324217833, 1
0.50199203187251, 0.6134453781512605, 0.0, 0.0, 0.0, 0.09586056470588235, 0.006673694255678711, 0.05128204773175531, 0.002594555482199511, 0.1613736161541012, 0.13311687310781758, 0.2120765816489206, 0.1348402054609445, 0.6137786918763426, 0.4367815840930123, 0.30947366937174464, 0.2120765816489206, 0.43023896, 0.0769447827916509, 4
0.24701195219123506, 0.5546218487394958, 0.0, 0.0, 0.0, 0.013071898039215686, 0.00025131069200029103, 0.010256411854043442, 0.00011183434612957216, 0.03511489884166999, 0.04788960813401292, 0.039027982775935326, 0.01870615709411825, 0.9770354866083218, 0.16091953787818747, 0.39789473129750674, 0.04418262007229293, 0.5952381, 0.3093207226335216, 1
0.5976095617529881, 0.7605042016806723, 0.0, 0.0, 0.0, 0.13289761960784313, 0.003357999350864515, 0.17179486682445744, 0.006242517504679701, 0.37257939729138334, 0.34577920823231156, 0.43078055647436997, 0.33671082348524317, 0.5469728361033984, 0.5300127626429447, 0.22315786856952818, 0.43078055647436997, 0.27272084, 0.07789724746639798, 6
0.26294820717131473, 0.2689075630252101, 0.0, 0.49999999999999994, 0.0, 0.08278866666666668, 0.0026527242014823056, 0.03461539491124292, 0.003338252820410033, 0.15853343636044728, 0.16071428440978663, 0.19440353759643933, 0.11847233457607685, 0.8496868433000203, 0.35887611730597024, 0.19999999621052622, 0.19440353759643933, 0.4235012, 0.17407616358682526, 1
0.450199203187251, 0.10084033613445378, 0.0, 0.0, 0.0, 0.03267973725490196, 0.0014734378433924832, 0.020512802015778524, 0.0008218146305661379, 0.8727085553124263, 0.8311688406560971, 0.9366716131320204, 0.8448947203462285, 0.24843425971513433, 0.6883779834265527, 0.2631578867590025, 0.9366716131320204, 0.19485293, 0.04430267211593697, 2
0.16733067729083667, 0.40756302521008403, 0.0, 0.0, 0.49999999999999994, 1.0, 0.024117156892126273, 0.6294872270611455, 0.024052010947403026, 0.34727603244852157, 0.3051948189513407, 0.405007353424099, 0.32657833198508707, 0.43841336744522574, 0.5210727861452422, 0.3473684074903043, 0.405007353424099, 0.35897508, 0.04175131894030465, 3
0.2350597609561753, 0.7941176470588236, 0.0, 0.0, 0.0, 0.08932460392156863, 0.004021297826150058, 0.08717952499013923, 0.0026944874718883884, 0.42550995354019994, 0.39529219646678404, 0.5066273600395629, 0.36866718492074246, 0.5010438055622133, 0.6628351917910809, 0.05052628591246433, 0.5066273600395629, 0.31254068, 0.10323661951477026, 6
0.7808764940239044, 0.4579831932773109, 0.0, 0.0, 0.0, 0.13725489411764705, 0.007685914928570594, 0.19230769053254432, 0.08146015615240529, 0.2742060410288471, 0.25892858799570945, 0.31664213316169265, 0.24395947797476294, 0.6722338062830964, 0.4227330676590191, 0.2736841923767307, 0.31664213316169265, 0.2727516, 0.09952321340092107, 4
0.7131474103585658, 0.5210084033613446, 0.0, 0.0, 0.0, 0.16557733333333335, 0.002127498577895693, 0.025641007712031007, 0.001548409973680691, 0.22798865539856408, 0.2086038903522411, 0.2717231202376795, 0.2003117591485032, 0.6576200229841217, 0.417624516228476, 0.2968420836831017, 0.2717231202376795, 0.30882394, 0.09096975837651483, 4
0.9123505976095617, 0.08403361344537813, 0.0, 0.0, 0.0, 0.02178645882352941, 0.0006488824653879225, 0.017948709783037222, 0.000519759934776883, 0.8014459117411592, 0.7443181473675474, 0.8784978138549498, 0.7747466321201361, 0.15448853677764707, 0.7381864518283647, 0.2757894724476454, 0.8784978138549498, 0.23132005, 0.037260933668389784, 2
0.5418326693227091, 0.42857142857142855, 0.0, 0.0, 0.0, 0.03703703372549019, 0.0018388939590818466, 0.015384623550296109, 0.0006365711539824001, 0.20449265234679018, 0.18181818845926795, 0.24521354753156444, 0.18316444479612018, 0.6409185778300304, 0.39591313816591156, 0.3494736686138499, 0.24521354753156444, 0.32738453, 0.0713363724797757, 5
0.545816733067729, 0.26050420168067223, 0.0, 0.0, 0.0, 0.06753809411764705, 0.0015601865831008396, 0.017948709783037222, 0.0015153429862525137, 0.3227472253368622, 0.3336039031363319, 0.3387334216588113, 0.2954013859578679, 0.8559498946273769, 0.2975734311739407, 0.29473684150692514, 0.3387334216588113, 0.1761556, 0.16676447575055325, 4
0.19123505976095617, 0.4369747899159664, 0.0, 0.0, 0.0, 0.026143792156862744, 0.0009214725498999344, 0.03205128560157802, 0.0010344667582772896, 0.018848437764475222, 0.0040584418501749845, 0.03755522689576416, 0.013250193819167767, 0.7703548961458498, 0.23371646932663967, 0.4863157856443212, 0.03755522689576416, 0.91798943, 0.0421388970258354, 3
0.44223107569721115, 0.7142857142857143, 0.0, 0.0, 0.0, 0.04357296862745098, 0.000726009467878537, 0.020512815861932796, 0.0016551479764608348, 0.13891041019087252, 0.11607142844097866, 0.1244477244149652, 0.17614963597351094, 0.6638830837060506, 0.0919540246003434, 0.8273684173429361, 0.16642119906906333, 0.36658052, 0.9221830192038238, 7
0.549800796812749, 0.2394957983193277, 0.0, 0.0, 0.0, 0.05664487450980392, 0.0018987931055930824, 0.05000000230769238, 0.001325238720944675, 0.18951716776195718, 0.17694804158321395, 0.24447717787572035, 0.14341387315934923, 0.7244258787570658, 0.4661557778071392, 0.14947369135069277, 0.24447717787572035, 0.4456523, 0.1360251215711364, 1
0.7848605577689243, 0.8571428571428572, 0.0, 0.0, 0.0, 0.06100219215686275, 0.001806409949037964, 0.108974357199211, 0.003993401784439252, 0.16059902356619749, 0.12499999086850656, 0.14948453129981934, 0.20654715256283235, 0.5574112393247056, 0.11494252902629142, 0.8968420912620494, 0.19513991387967664, 0.42076695, 0.9480041938276386, 7
0.649402390438247, 0.7184873949579832, 0.0, 0.0, 0.0, 0.11982569803921568, 0.007941345218317984, 0.09230767899408243, 0.0035727515254577514, 0.4071779010744509, 0.38392857886421605, 0.4808542232632237, 0.35151985653874174, 0.5615866381915177, 0.6194124701487085, 0.061052591530192546, 0.4808542232632237, 0.3112005, 0.11209223003164487, 6
0.6374501992031872, 0.2394957983193277, 0.0, 0.0, 0.0, 0.07189545098039216, 0.0041675666730373925, 0.03589744495069062, 0.001453846053194767, 0.3958172237278768, 0.3798701267867684, 0.45213547531564446, 0.35151985653874174, 0.6221294332425329, 0.5261813145872807, 0.153684194650415, 0.45213547531564446, 0.26505277, 0.11102178679389912, 4
0.42231075697211157, 0.49999999999999994, 0.0, 0.0, 0.0, 0.04357298039215686, 0.0013961699875488125, 0.22564103771203192, 0.03285692502150292, 0.09088562094145998, 0.07224025996558231, 0.1251841006982025, 0.07248636251016796, 0.713987456746614, 0.33333331417624623, 0.37894736223822695, 0.1251841006982025, 0.5481241, 0.08283678727376825, 4
0.5776892430278885, 0.4411764705882353, 0.0, 0.0, 0.0, 0.019607839215686273, 0.0009005297880433165, 0.02692308313609487, 0.0009226328513296768, 0.04260263416274622, 0.05194805071470738, 0.050810013248821694, 0.024941542792157666, 0.9478079331627738, 0.185185179012346, 0.38736841620609397, 0.05154639085753762, 0.54473305, 0.2622123188402061, 1
0.6613545816733067, 0.3907563025210084, 0.0, 0.0, 0.0, 0.06100217647058824, 0.0033403220948454043, 0.12948718090729788, 0.0034045682688186433, 0.12909889013474485, 0.11688311593439028, 0.15463917853726672, 0.11379579302273442, 0.7494780784297488, 0.2975734311739407, 0.40210525354459803, 0.15463917853726672, 0.31471258, 0.0871552961749903, 5
0.7290836653386454, 0.8697478991596639, 0.0, 0.0, 0.0, 0.04575163137254902, 0.001403150927015986, 0.02692307390532535, 0.0009897330294242784, 0.09553318344022257, 0.07792207972465844, 0.08394698244516213, 0.12470772097559714, 0.720250517468543, 0.09578544047210111, 0.7642105267944598, 0.11782033123843642, 0.40134683, 0.9151600078045941, 7
0.3107569721115538, 0.5630252100840336, 0.0, 0.0, 0.49999999999999994, 0.17864922745098039, 0.008547028395719324, 0.17307692840236702, 0.009228924637321835, 0.0937258007351139, 0.07224025996558231, 0.1332842331864195, 0.07248636251016796, 0.6910229508705937, 0.36143038152698953, 0.35578947093185587, 0.1332842331864195, 0.53272784, 0.09665670444165814, 3
0.5179282868525896, 0.7142857142857143, 0.0, 0.0, 0.0, 0.09368193333333334, 0.0040797718526258886, 0.1102563957001968, 0.004325255615124345, 0.28763234043787267, 0.27597403996774317, 0.32842416032088245, 0.2556508002914793, 0.6951983121591166, 0.417624516228476, 0.2589473455645422, 0.32842416032088245, 0.2656194, 0.10843272172549001, 6
0.1553784860557769, 0.20168067226890754, 0.0, 0.0, 0.0, 0.07189541176470589, 0.006596905712128392, 0.047435892998027473, 0.0013028696749101574, 0.15207850509925655, 0.15178572198225873, 0.19072165618025289, 0.1114575187386588, 0.8329853812356988, 0.37164750737658003, 0.1957894360686968, 0.19072165618025289, 0.44514215, 0.1669075341953693, 1
0.3107569721115538, 0.23529411764705882, 0.0, 0.0, 0.0, 0.03267968862745098, 0.0008660263710348359, 0.02051283063116402, 0.0008812935686642177, 0.8567002318110064, 0.8206168959365511, 0.9175257369843465, 0.8269679905855654, 0.2964509333222918, 0.6679437891986328, 0.24842103994681397, 0.9175257369843465, 0.18855007, 0.049725100925348265, 2
0.2151394422310757, 0.3277310924369748, 0.0, 0.0, 0.0, 0.06753812549019608, 0.0024628665853173998, 0.1423076928402367, 0.007101060727681021, 0.11851278446205374, 0.0949675316966921, 0.16273931765287689, 0.09431021140108459, 0.665970764350312, 0.39208171309875206, 0.3305262995545701, 0.16273931765287689, 0.47748852, 0.08424070823523883, 5
0.40239043824701193, 0.5714285714285715, 0.0, 0.0, 0.49999999999999994, 0.12200436862745098, 0.004123077520423077, 0.10769230715976329, 0.003924093079252748, 0.34701784189056056, 0.31980520844313953, 0.4138438754503396, 0.3024161947804771, 0.5532358968253273, 0.5683269213605218, 0.153684194650415, 0.4138438754503396, 0.30910617, 0.09775092016650094, 4
0.7649402390438247, 0.6302521008403361, 0.0, 0.0, 0.0, 0.08278865490196077, 0.0034066515277113374, 0.24230767668639006, 0.13787493898661865, 0.2891815116709996, 0.26298701085237813, 0.3387334216588113, 0.26188621475023494, 0.5824634446341319, 0.46360152508037206, 0.2968420836831017, 0.33946979131465543, 0.29470626, 0.04985075813057732, 6
0.2151394422310757, 0.453781512605042, 0.0, 0.0, 0.0, 0.08932460392156863, 0.0038199348301146095, 0.04102564049309663, 0.002598794897629918, 0.14355796571829485, 0.08928571193761597, 0.22312224577965944, 0.1114575187386588, 0.41962422285772827, 0.5823754263002627, 0.2652631478825481, 0.22312224577965944, 0.6356236, 0.05875534991443748, 3
0.3545816733067729, 0.18907563025210083, 0.0, 0.0, 0.0, 0.01742912745098039, 5.5846396148312e-05, 0.019230769053254434, 0.0008555341377055053, 0.8783888730716924, 0.846590873810139, 0.9322533289230241, 0.8519095291688377, 0.32150310105342894, 0.6372924346383657, 0.2736841923767307, 0.9322533289230241, 0.17606053, 0.04795842396402228, 2
0.4900398406374502, 0.2899159663865546, 0.0, 0.0, 0.0, 0.8257080392156861, 1.0, 0.7987179476528599, 0.6180916117535351, 0.47947330687756184, 0.4407467399290037, 0.527245975498925, 0.46609504392532985, 0.4154488239909162, 0.5031928101613327, 0.39999999242105233, 0.527245975498925, 0.28962377, 0.028179806769270066, 3
0.2549800796812749, 0.25210084033613445, 0.0, 0.0, 0.0, 0.06535947450980392, 0.0016754086971338144, 0.03461535568047248, 0.0004529266979366441, 0.8781306546283704, 0.8441558697714621, 0.9337260682347123, 0.8519095291688377, 0.30480167468848207, 0.6462324341245727, 0.2757894724476454, 0.9337260682347123, 0.17967218, 0.04556915090568581, 2
0.46215139442231074, 0.7142857142857143, 0.0, 0.49999999999999994, 0.0, 0.03050107450980392, 0.001414203853422041, 0.07564101001972338, 0.0024326856028771176, 0.14923832530560266, 0.12094155340144841, 0.1303387413082567, 0.19641464703305853, 0.61795407195401, 0.07151979703909211, 0.9073684537218847, 0.18556700894280553, 0.40955147, 0.9144533149232514, 7
0.6772908366533864, 0.6176470588235294, 0.0, 0.49999999999999994, 0.0, 0.07407407843137255, 0.006925006003183855, 0.026923076213017733, 0.0007213317282381736, 0.0583526973928024, 0.05194805071470738, 0.07805596555187065, 0.04364769988627592, 0.8204592879755579, 0.24904213511252093, 0.41052630372299126, 0.07805596555187065, 0.47297516, 0.1256897427850041, 4
0.8764940239043825, 0.546218487394958, 0.0, 0.49999999999999994, 0.0, 0.08278866666666668, 0.003406656239786577, 0.01794871670611436, 0.000246035932775889, 0.06868060553619228, 0.04383116847539636, 0.10972017224064673, 0.04910366175826463, 0.6743215057165023, 0.3627075078903731, 0.3705263177440444, 0.10972017224064673, 0.6402237, 0.07283956336993769, 5
0.852589641434263, 0.26050420168067223, 0.0, 0.0, 0.0, 0.03485838588235294, 0.0014799406203126633, 0.03974359276134132, 0.0013028685123923935, 0.033823911195163786, 0.01298701304393658, 0.06406480291557583, 0.0218238502938784, 0.7181628368242815, 0.2975734311739407, 0.43368420260831, 0.06406480291557583, 0.82250714, 0.058750267647637466, 3
0.7450199203187251, 0.7352941176470589, 0.0, 0.0, 0.49999999999999994, 0.10675380392156862, 0.004231743441450957, 0.13974358814595655, 0.004251431962699724, 0.34908340818229, 0.3336039031363319, 0.39911632990341434, 0.31098984844926425, 0.6430062584742917, 0.4814814665815249, 0.20631579852853216, 0.39911632990341434, 0.26619545, 0.10282687096102494, 6
0.3944223107569721, 0.7058823529411765, 0.0, 0.49999999999999994, 0.0, 0.07189542745098039, 0.0028859730567307473, 0.05641026404339274, 0.0028408987334994276, 0.34288665353637965, 0.3279220833772558, 0.3961708512800379, 0.30085736396391694, 0.649269300407076, 0.49680714386165836, 0.17473680588587137, 0.3961708512800379, 0.28268683, 0.11358313877704013, 6
0.3745019920318725, 0.4831932773109244, 0.0, 0.0, 0.0, 0.04139433333333334, 0.0007050662348143951, 0.02307692609467465, 0.0012749113642472206, 0.045184613638562784, 0.05600649183436288, 0.05301914541223015, 0.026500388339816418, 0.9582463476575678, 0.18390803885585982, 0.37894736223822695, 0.05522828088933519, 0.5515873, 0.27051972586105566, 1
0.7370517928286853, 0.32352941176470584, 0.0, 0.0, 0.0, 0.026143792156862744, 0.0008885173888770145, 0.007692306005917108, 0.0004501245319034181, 0.051123163086697544, 0.037337661222908596, 0.0810014706848198, 0.03273577684377937, 0.7661795386151559, 0.3001277068892122, 0.3810526233617726, 0.0810014706848198, 0.61790985, 0.1015458082752414, 5
0.05976095617529879, 0.4705882352941176, 0.0, 0.0, 0.0, 0.028322441960784317, 0.0016265383323551066, 0.0141025642800789, 0.000631863877993685, 0.00748773532107623, 0.0008116882969830495, 0.01767304869165649, 0.0031176928490197083, 0.8371607500398794, 0.1864623191688322, 0.4968421026304708, 0.01767304869165649, 0.9814815, 0.07697393216971027, 3
0.4940239043824701, 0.44957983193277307, 0.0, 0.9999999999999999, 0.0, 0.06753811764705882, 0.002883090397582291, 0.07948717167652836, 0.014337159494835439, 0.15853343636044728, 0.15746752713094536, 0.19219440211933428, 0.12392829855250823, 0.8246346511429952, 0.3473818650929962, 0.24421051769972268, 0.19219440211933428, 0.3903984, 0.16201309029884392, 1
0.9760956175298805, 0.38655462184873945, 0.0, 0.0, 0.0, 0.037036996078431375, 0.001082145928069606, 0.025641030788954793, 0.0014115073524978026, 0.24838627415604259, 0.22483766944125266, 0.2997054322554828, 0.21667965809260611, 0.61795407195401, 0.46232438722273633, 0.2631578867590025, 0.2997054322554828, 0.32391465, 0.08923819693253526, 4
0.22310756972111553, 0.35714285714285715, 0.0, 0.0, 0.0, 0.02396512549019608, 0.0007888413534738738, 0.014102583664694883, 0.0003634617615353821, 0.7779499156607256, 0.755681779580505, 0.8490426962515265, 0.7240841395453113, 0.4321502879341522, 0.701149407979919, 0.056842107177839385, 0.8490426962515265, 0.19773355, 0.0923045715579115, 2
0.10358565737051792, 0.31092436974789917, 0.0, 0.0, 0.0, 0.11111109803921569, 0.005545231964155055, 0.05512820477317554, 0.004605992935819436, 0.02840175819989956, 0.015422078446249361, 0.04491899768100885, 0.02338269584153715, 0.7807933125195582, 0.22477649282893716, 0.49052630978614936, 0.04491899768100885, 0.76296294, 0.04002552108150048, 3
0.2908366533864542, 0.7857142857142857, 0.0, 0.0, 0.0, 0.06971677647058823, 0.002271084934590741, 0.03461538798816578, 0.001043570238618224, 0.1014717266141511, 0.08847402444420434, 0.07805596555187065, 0.1387373386208156, 0.7536534359604428, 0.03575990599081, 0.8294736974138508, 0.13107511759149396, 0.4115727, 0.8549441506755107, 7
0.8326693227091634, 0.6260504201680672, 0.0, 0.0, 0.0, 0.05664486666666666, 0.0024387066446669298, 0.033333331025640955, 0.002675622979081075, 0.1621482157133452, 0.12987013774456055, 0.15537555482050402, 0.2003117591485032, 0.5824634446341319, 0.13793103345223945, 0.8336842196609421, 0.18924889035899195, 0.37821564, 0.963020450820635, 7
0.043824701195219126, 0.5168067226890757, 0.0, 0.0, 0.0, 0.01525054274509804, 0.00011867454601039897, 0.008974360199211084, 9.505928877293349e-05, 0.03692228154677867, 0.04951298604291407, 0.041237113613865145, 0.020265002641777, 0.9749478134797183, 0.1634738147428842, 0.3957894644897504, 0.04639175223570138, 0.5873016, 0.3083604872464934, 1
0.7410358565737052, 0.11764705882352941, 0.0, 0.0, 0.0, 0.041394301960784315, 0.00108214817101742, 0.01794867885995935, 0.0008812918022411217, 0.8657372150499525, 0.8319804843183402, 0.9300442199554917, 0.8300857293815829, 0.3110646790429772, 0.6883779834265527, 0.19999999621052622, 0.9300442199554917, 0.18839076, 0.058761868474028756, 2
0.9243027888446215, 0.7773109243697479, 0.0, 0.0, 0.0, 0.06535947450980392, 0.002513108050900968, 0.05128204773175531, 0.0017336132452669532, 0.32946038201271516, 0.3051948189513407, 0.38807069890964135, 0.2907248444045255, 0.5824634446341319, 0.5210727861452422, 0.20210523838670275, 0.38807069890964135, 0.29423782, 0.09439251775423613, 6
0.852589641434263, 0.49999999999999994, 0.0, 0.0, 0.0, 0.09150326666666667, 0.004774902846432714, 0.03333334025641047, 0.0007157400177931597, 0.14898012080496115, 0.11525974094756702, 0.21134021199307648, 0.1153546378689123, 0.576200383912203, 0.49425284515788237, 0.25263156219390526, 0.21134021199307648, 0.50544137, 0.08328735968800483, 4
0.6613545816733067, 0.5252100840336135, 0.0, 0.0, 0.0, 0.010893247843137254, 0.0001186745384710786, 0.019230769053254434, 0.0003187278666084043, 0.01445907558354998, 0.004870130074106086, 0.03240058959940655, 0.004676539448899782, 0.8121085541250255, 0.22860791789609664, 0.45263157166758977, 0.03240058959940655, 0.87751323, 0.09075028178959726, 5
0.2908366533864542, 0.5336134453781513, 0.0, 0.0, 0.9999999999999999, 0.12636167058823528, 0.007312521793347983, 0.12692308082840248, 0.0036672012625430335, 0.11515620960979736, 0.07224025996558231, 0.16421208347413782, 0.10444270991604956, 0.5177452695054492, 0.4163473783708403, 0.4399999916631576, 0.16421208347413782, 0.60921985, 0.027195559513012835, 3
0.796812749003984, 0.3025210084033613, 0.0, 0.0, 0.0, 0.015250560784313725, 0.00025649371088741946, 0.005128207773175623, 0.000609471445725187, 0.11902917952065623, 0.09415584420328048, 0.1649484597573751, 0.09431021140108459, 0.6555323611290049, 0.40102170109070684, 0.3263157773074788, 0.1649484597573751, 0.48185185, 0.08166002154144564, 5
0.9880478087649402, 0.054621848739495805, 0.0, 0.0, 0.0, 0.04575163137254902, 0.0018219985305864574, 0.03717944883629073, 0.0006318647838516829, 0.8479215367287851, 0.8092532564183988, 0.9131075853232137, 0.8160561117363644, 0.2797494318007666, 0.6883779834265527, 0.23157893201107982, 0.9131075853232137, 0.19597653, 0.051432853054210304, 2
0.9123505976095617, 0.6890756302521008, 0.0, 0.0, 0.0, 0.0457516431372549, 0.0011753980289954723, 0.06538461662721898, 0.0032730902272801467, 0.10715207923011864, 0.09090909422963397, 0.08983799271106044, 0.14107559186046478, 0.7265135594013272, 0.06896551672611971, 0.8021052649130194, 0.1332842331864195, 0.38741234, 0.8892905884741997, 7
0.2908366533864542, 0.7941176470588236, 0.0, 0.0, 0.0, 0.10893249411764706, 0.0014689680253652895, 0.09999998384615334, 0.004352496425862372, 0.3929770299915424, 0.3685064799634214, 0.46170841338948143, 0.3437256323078524, 0.5574112393247056, 0.5900382994230862, 0.11368421435567883, 0.46170841338948143, 0.29683578, 0.10423368292208834, 6
0.1752988047808765, 0.48739495798319327, 0.0, 0.0, 0.0, 0.04575164705882352, 0.0018100473883982677, 0.024358983057199482, 0.0007407699009155897, 0.12264394493087359, 0.06574675271309453, 0.19955816495170717, 0.09586905624726247, 0.40709808262472597, 0.5632183814242309, 0.30947366937174464, 0.19955816495170717, 0.70147634, 0.0480519118935282, 3
0.5577689243027888, 0.3277310924369748, 0.0, 0.0, 0.0, 0.10457515686274509, 0.004129456539399169, 0.007692303928993967, 2.399704346009036e-11, 0.1254841247245275, 0.1022727264425915, 0.17083947665066657, 0.09976616836270714, 0.665970764350312, 0.39974456323307106, 0.3178947328132963, 0.17083947665066657, 0.45909294, 0.08731844430487445, 5
0.9243027888446215, 1.0, 0.0, 0.0, 0.49999999999999994, 0.06318083529411764, 0.004572485664924707, 0.06153847112426065, 0.0022730165055607444, 0.15930803591969128, 0.14448052723635935, 0.14064800264618554, 0.19329695032589397, 0.7181628368242815, 0.07535121406027503, 0.8000000037894738, 0.18262149718246318, 0.28660962, 0.8967360540941747, 7
0.6414342629482072, 0.3025210084033613, 0.0, 0.49999999999999994, 0.0, 0.09803921568627451, 0.011455560041451183, 0.03589744495069062, 0.0011854419891417685, 0.4619158469997164, 0.43993504513039733, 0.5279823451547692, 0.4130943051256647, 0.5511482349702105, 0.5938696785132368, 0.11368421435567883, 0.5279823451547692, 0.26032928, 0.1030185055646034, 4
0.0796812749003984, 0.7436974789915967, 0.0, 0.0, 0.0, 0.06535950196078431, 0.0009214704388902271, 0.17051285140039543, 0.05619114614543976, 0.21327136834303234, 0.20048701541812486, 0.250368201396405, 0.18628214150328473, 0.713987456746614, 0.37931032302814227, 0.3031578860011077, 0.250368201396405, 0.28414816, 0.10546059000403563, 6
0.0199203187250996, 0.11764705882352941, 0.0, 0.49999999999999994, 0.0, 0.05446629803921569, 0.0021291587362440387, 0.04230769514792908, 0.0010568328451756807, 0.7903434249525461, 0.7491883380747699, 0.8748158993017975, 0.7404520735634583, 0.2818371688124618, 0.7739463348306703, 0.08842102403102392, 0.8748158993017975, 0.22295359, 0.07164342609894259, 2
0.649402390438247, 0.5210084033613446, 0.0, 0.0, 0.0, 0.01742919294117647, 0.0005129857254277528, 0.005128205003944769, 0.0006094714004322871, 0.009811515873323498, 0.005681818298037189, 0.022091310367516125, 0.000779423194717905, 0.8559498946273769, 0.19795657138180622, 0.4589473645119112, 0.022091310367516125, 0.9722222, 0.13009568140639438, 5
0.043824701195219126, 0.5252100840336135, 0.0, 0.0, 0.0, 0.0, 0.0, 0.0, 2.399704346009036e-11, 0.0, 0.0, 0.0, 0.0, 0.8914404994002815, 0.13154533726750933, 0.532631575836011, 0.0, 0.0, 0.47641242639275655, 3
0.545816733067729, 0.03361344537815126, 0.0, 0.49999999999999994, 0.0, 0.04139425098039216, 0.0010401459386246547, 0.04358972441814536, 0.002997148367849872, 0.7689130021351821, 0.7134740007023214, 0.8630339185343598, 0.722525308728751, 0.17954066693049497, 0.8186462173191829, 0.11789469870803199, 0.8630339185343598, 0.2498948, 0.0594582863377105, 2
0.44621513944223107, 0.7226890756302521, 0.0, 0.0, 0.0, 0.0413943137254902, 0.0014554693811235774, 0.108974357199211, 0.0015402124117282403, 0.13839401513227004, 0.10633116390964964, 0.1259204703540466, 0.18238502938784007, 0.5929018666445836, 0.10217113665683121, 0.882105282344599, 0.172312222589748, 0.44994184, 0.9380160480308094, 7
0.09561752988047809, 0.7478991596638656, 0.0, 0.0, 0.0, 0.03921567450980392, 0.000586391036652783, 0.060256418777120575, 0.0037855922226088094, 0.22850505742850682, 0.21185064763108238, 0.26951399801536086, 0.20109118157159214, 0.6784968670050252, 0.40357596531172607, 0.2989473637540164, 0.26951399801536086, 0.29784104, 0.09629691309743615, 6
0.6932270916334662, 0.49579831932773105, 0.0, 0.0, 0.0, 0.017429189411764707, 0.0004746980784911106, 0.025641023865877657, 0.0004473369501839591, 0.04466821648855822, 0.05844155796719514, 0.049337262007825754, 0.026500388339816418, 0.9812108554125025, 0.16730523406291756, 0.3831578844853182, 0.054491897978704726, 0.5418871, 0.3083356762092241, 1
0.1713147410358566, 0.32352941176470584, 0.0, 0.0, 0.0, 0.058823529411764705, 0.0025759354694489776, 0.035897440335305855, 0.0019235499268451715, 0.022979603810367278, 0.004870130074106086, 0.050810013248821694, 0.0109119251469392, 0.7432150233445632, 0.2822477538938072, 0.43368420260831, 0.050810013248821694, 0.92957354, 0.06825771570963285, 3
0.649402390438247, 0.8865546218487395, 0.0, 0.0, 0.0, 0.06100217647058824, 0.0015727841277703705, 0.02692307390532535, 0.0009415026283086455, 0.07306997747699388, 0.06331169023285965, 0.04418262007229293, 0.11301635657002784, 0.7891440407333473, 0.0, 0.8526316076675909, 0.10677466048030441, 0.58765954, 0.8208440370905304, 7
0.6215139442231076, 0.7100840336134454, 0.0, 0.49999999999999994, 0.0, 0.06100218431372549, 0.0016474810565151226, 0.07564103309664717, 0.005127604994057151, 0.14820553518839769, 0.13230518561440596, 0.12002944683336195, 0.19329695032589397, 0.713987456746614, 0.022988504425948006, 0.8905263457861505, 0.18262149718246318, 0.3588616, 0.8656695566105228, 7
0.3545816733067729, 0.14705882352941174, 0.0, 0.0, 0.0, 0.023965174117647058, 0.00045375767267211235, 0.025641046942801445, 0.00152094994530716, 0.7495481874375891, 0.6858765894003523, 0.8541973501163671, 0.6999220514443631, 0.12317323316800266, 0.8684546627324905, 0.09263158417285333, 0.8541973501163671, 0.27150124, 0.05825761922021966, 2
0.450199203187251, 0.7605042016806723, 0.0, 0.49999999999999994, 0.0, 0.23747278431372548, 0.005322458806095842, 0.10000000692307714, 0.004623372425415444, 0.39788279001960625, 0.36769479247000975, 0.47790871150288133, 0.3421668014912922, 0.5114822651509541, 0.6500638132147232, 0.061052591530192546, 0.47790871150288133, 0.32401717, 0.10357512426326465, 6
0.8087649402390438, 0.9327731092436975, 0.0, 0.0, 0.0, 0.05446623529411765, 0.002904152243004359, 0.039743601992110834, 0.0012497199817413894, 0.1869352064116253, 0.15990260422156977, 0.16642119906906333, 0.2346064018828869, 0.6137786918763426, 0.07279693834500353, 0.9094737148454304, 0.22164949984057802, 0.34575516, 0.916387522548876, 7
0.14741035856573706, 0.3529411764705882, 0.0, 0.0, 0.49999999999999994, 0.050108933333333334, 0.002966862236637403, 0.03717949037475355, 0.001839674421146295, 0.03227472323082024, 0.007305194745899393, 0.0611192911552335, 0.025720965916727484, 0.6868475895820709, 0.28991059253387397, 0.477894733571191, 0.0611192911552335, 0.90709877, 0.029053514722627183, 3
0.852589641434263, 0.4663865546218487, 0.0, 0.0, 0.0, 0.01307188862745098, 0.00025131072969689295, 0.011538461893491135, 0.00045292902297217215, 0.041828041574842496, 0.05275974039967743, 0.04860088439910983, 0.02416211896610697, 0.9603340301807436, 0.17752234611940537, 0.38736841620609397, 0.050810013248821694, 0.55180776, 0.2828001397107778, 1
0.039840637450199196, 0.38655462184873945, 0.0, 0.0, 0.0, 0.05446622745098039, 0.0011239174007137474, 0.0525641093096649, 0.003248787868911138, 0.11257423431678495, 0.12905845025114895, 0.12665684000989072, 0.081839438602044, 0.9770354866083218, 0.23371646932663967, 0.277894714623822, 0.12886598211438893, 0.39890292, 0.2519068444065492, 1
0.06374501992031872, 0.3319327731092437, 0.0, 0.0, 0.0, 0.05446622745098039, 0.0035532538010426126, 0.025641028481262415, 0.0031984614180716815, 0.023754197095405025, 0.00649350652196829, 0.05228276912899286, 0.0101325013208885, 0.7494780784297488, 0.2860791789609667, 0.42105262260387777, 0.05228276912899286, 0.904321, 0.0775501986171962, 3
0.07569721115537849, 0.20588235294117646, 0.0, 0.0, 0.0, 0.0196078431372549, 0.0005654494999357274, 0.029487178599605493, 0.0011015677365464561, 0.13891041019087252, 0.1412337699575181, 0.17083947665066657, 0.1028838650698717, 0.8580375752716384, 0.33333331417624623, 0.23368419313462546, 0.17083947665066657, 0.43048432, 0.17257242027635894, 1
0.7649402390438247, 0.453781512605042, 0.0, 0.0, 0.49999999999999994, 0.14161219607843137, 0.00264821851513839, 0.028205130867850182, 0.0013751530818832303, 0.06016008706925135, 0.04301948098198473, 0.0905743756216909, 0.04442712371232661, 0.736951981411779, 0.3052362583197552, 0.40210525354459803, 0.0905743756216909, 0.58956474, 0.08185399472431243, 5
0.1354581673306773, 0.05882352941176471, 0.0, 0.0, 0.0, 0.05228753333333333, 0.0013764852555396099, 0.02307683609467188, 0.0011475964347004372, 0.8786470915150145, 0.8352272854283499, 0.9425626366527051, 0.852689014725206, 0.23173277698275385, 0.689655155766945, 0.277894714623822, 0.9425626366527051, 0.19609308, 0.040887941246638804, 2
0.1354581673306773, 0.6470588235294118, 0.0, 0.0, 0.0, 0.09368192156862744, 0.01528107151837012, 0.3794872039842217, 0.036077742387061636, 0.24967726877388904, 0.22483766944125266, 0.28424153693489296, 0.2369446691521537, 0.6075156499435582, 0.3754788979609829, 0.41684210035678654, 0.28424153693489296, 0.2736466, 0.02155820237718986, 6
0.5298804780876494, 0.5378151260504201, 0.0, 0.0, 0.0, 0.026143792156862744, 0.00033508083470831687, 0.01794871439842198, 0.00031313588440599096, 0.03718048256175004, 0.04788960813401292, 0.04270986883129699, 0.021044426467827698, 0.9603340301807436, 0.16985951092761428, 0.39999999242105233, 0.04565537595246409, 0.5667989, 0.2913634094025913, 1
0.12350597609561752, 0.3445378151260504, 0.0, 0.0, 0.0, 0.02178649568627451, 0.0005129853484617336, 0.008974354891518611, 0.0005883271197038983, 0.10327911629060003, 0.07629870473783518, 0.15537555482050402, 0.07404520034153701, 0.6450939391185532, 0.42911876844145, 0.29052630031246485, 0.15537555482050402, 0.55917877, 0.08921974609437006, 5
0.47410358565737054, 0.0, 0.0, 0.0, 0.0, 0.0392156862745098, 0.000586400366561757, 0.0666667058974371, 0.007627100921765383, 0.9999999999999999, 0.9999999999999999, 1.0, 1.0, 0.5219206683722613, 0.38825031102009705, 0.4821052577130192, 1.0, 0.09277301, 0.012075963095082853, 2
0.6215139442231076, 0.3949579831932773, 0.0, 0.0, 0.0, 0.02178649568627451, 0.0009458993447953621, 0.09230769514792908, 0.0027564372886522107, 0.18641879741034229, 0.16477272187684477, 0.22533136800197814, 0.16601713745854596, 0.6555323611290049, 0.38186462173191826, 0.35789473205540145, 0.22533136800197814, 0.3374935, 0.07270256313445933, 5
0.4581673306772908, 0.04201680672268907, 0.0, 0.0, 0.0, 0.18954252549019607, 0.008621366283179135, 0.029487185522682632, 0.0016046388442584585, 0.45933383685000273, 0.4334415451831043, 0.5250368002574609, 0.41465313594222486, 0.5219206683722613, 0.5913154257864697, 0.147368392332409, 0.5250368002574609, 0.2570597, 0.0948450420535481, 4
0.2151394422310757, 0.6974789915966387, 0.0, 0.0, 0.0, 0.037037056862745096, 0.0010401465606185863, 0.033333331025640955, 0.002594558501726171, 0.1365866254558211, 0.11525974094756702, 0.12223858893786017, 0.17225252385806625, 0.6764091675716192, 0.0919540246003434, 0.8147368506016623, 0.16273931765287689, 0.3589904, 0.9207907358967649, 7
0.7370517928286853, 0.4159663865546218, 0.0, 0.0, 0.0, 0.030501087450980388, 0.0009773190855256735, 0.017948720167652928, 0.0014538467023929988, 0.02943454831710452, 0.0202922070593165, 0.049337262007825754, 0.017147310143497733, 0.8100208697229351, 0.24265644582434218, 0.43157893769529054, 0.049337262007825754, 0.67526454, 0.10422329742036662, 5
0.9163346613545816, 0.3949579831932773, 0.0, 0.0, 0.0, 0.24618733333333334, 0.004360381022173518, 0.02179487374753458, 0.0011215533796025668, 0.10586109158361245, 0.09253246921645722, 0.13107511759149396, 0.09197193711700896, 0.7494780784297488, 0.28991059253387397, 0.4147368335490302, 0.13107511759149396, 0.35376814, 0.07838046792062153, 5
0.5418326693227091, 0.4117647058823529, 0.0, 0.0, 0.0, 0.034858378823529414, 0.0015727844104948846, 0.006410261735700361, 0.000588327255582598, 0.20500904740539264, 0.1810065009658563, 0.24594991718740852, 0.1847233036719157, 0.6304801558195785, 0.3971902645292951, 0.35789473205540145, 0.24594991718740852, 0.33195418, 0.06648691401003448, 5
0.10358565737051792, 0.4201680672268907, 0.0, 0.0, 0.0, 0.01525054274509804, 0.000453755146999784, 0.0141025642800789, 0.00022926042400001466, 0.03769687622608447, 0.05032467572788412, 0.041973491222581066, 0.021044426467827698, 0.9749478134797183, 0.1634738147428842, 0.3957894644897504, 0.04565537595246409, 0.56415343, 0.3110806269219163, 1
0.7808764940239044, 0.36134453781512604, 0.0, 0.49999999999999994, 0.0, 0.10675380392156862, 0.0023647470426073386, 0.011538461893491135, 0.00027564382595072665, 0.33333335192357405, 0.33603895831137204, 0.3586156011883976, 0.303975039626655, 0.7891440407333473, 0.348659002950632, 0.277894714623822, 0.3586156011883976, 0.1993515, 0.13818817851484233, 4
0.7569721115537849, 0.4789915966386555, 0.0, 0.0, 0.0, 0.19825709803921568, 0.004808129950741851, 0.04487180214990161, 0.0028364397984808505, 0.26103795309180333, 0.2362013162645997, 0.3151693739678249, 0.22759159306027765, 0.6033402886550354, 0.48020432872388913, 0.24842103994681397, 0.3151693739678249, 0.3218254, 0.08959161702924717, 4
0.9203187250996016, 0.6302521008403361, 0.0, 0.0, 0.0, 0.03485839215686275, 0.0009459000987274004, 0.03717949268244593, 0.0021212445272941684, 0.13271366251630248, 0.1103896086819025, 0.11266568400098907, 0.17537022056523083, 0.6701461256388349, 0.06130268613202952, 0.8715789767268707, 0.16568482941321921, 0.39559862, 0.8985970660294732, 7
0.32270916334661354, 0.22689075630252098, 0.0, 0.0, 0.0, 0.028322407843137255, 0.0007050613531044471, 0.04615384757396454, 0.0010736061647947266, 0.8760650743939605, 0.8425324801742493, 0.9388807220995529, 0.841777058713108, 0.3089770171878604, 0.6832694434902618, 0.21052630182825438, 0.9388807220995529, 0.18565786, 0.05772504921880772, 2
0.6135458167330677, 0.037815126050420166, 0.0, 0.0, 0.0, 0.05228758431372549, 0.0014326910209333, 0.11410255735700175, 0.006762488148225131, 0.24735347009615707, 0.23376623186878057, 0.28350516727904884, 0.22213560803941984, 0.6951983121591166, 0.383141759589554, 0.31578945274238157, 0.28350516727904884, 0.26195785, 0.099808538488117, 4
0.7250996015936255, 0.38235294117647056, 0.0, 0.0, 0.0, 0.4335512549019608, 0.13892585040706676, 0.010256429854043996, 0.0003131357938201912, 0.3958172237278768, 0.37337661222908586, 0.458026531973295, 0.35151985653874174, 0.5720250414128247, 0.5568326691475477, 0.153684194650415, 0.458026531973295, 0.27435303, 0.10186151647917652, 4
0.09561752988047809, 0.3991596638655462, 0.0, 0.0, 0.0, 0.023965141176470587, 0.0007888362267360134, 0.029487180907297874, 0.000900266311502287, 0.015233669565721752, 0.0024350649640010958, 0.03240058959940655, 0.009353078897799565, 0.7870563676047437, 0.22477649282893716, 0.4842105207313017, 0.03240058959940655, 0.9517196, 0.057664853819643924, 3
0.4701195219123506, 0.29831932773109243, 0.0, 0.0, 0.0, 0.02178650980392157, 0.00064888359628598, 0.014102555049309386, 0.0006689061930506003, 0.7425768471751153, 0.6785713946544529, 0.8343151374498149, 0.7069368602669724, 0.12317323316800266, 0.7994890919833855, 0.20631579852853216, 0.8343151374498149, 0.2620926, 0.044627495254893734, 2
0.398406374501992, 0.6848739495798319, 0.0, 0.49999999999999994, 0.0, 0.056644890196078435, 0.0022004641205627803, 0.03846153810650887, 0.001909716569358473, 0.16163180671206218, 0.1509740344888471, 0.13181149387473126, 0.20342945585566777, 0.7494780784297488, 0.017879952995404985, 0.8631579132853191, 0.19219440211933428, 0.32797024, 0.8508977456022004, 7
0.6733067729083665, 0.8697478991596639, 0.0, 0.0, 0.0, 0.10021786666666667, 0.004579439745563016, 0.03717948114398403, 0.0036513898131414783, 0.10405370887850376, 0.0868506494573811, 0.09131075190492818, 0.13406078303785554, 0.720250517468543, 0.0919540246003434, 0.7705263101650968, 0.12665684000989072, 0.38645566, 0.9113782304710768, 7
0.6613545816733067, 0.726890756302521, 0.0, 0.49999999999999994, 0.0, 0.047930301960784315, 0.0010259722613324466, 0.05769229331360902, 0.002912795022057077, 0.3922024443749789, 0.3741882924173028, 0.45729012918048506, 0.3406079496303055, 0.6075156499435582, 0.5708811740872888, 0.09473684529639903, 0.45729012918048506, 0.2956001, 0.11586352979338965, 6
0.9840637450199203, 0.1092436974789916, 0.0, 0.0, 0.0, 0.02396512549019608, 0.00045375139618789343, 0.02435892536489001, 0.0014370701367827936, 0.6687322980242385, 0.585227296386142, 0.802650977152791, 0.6071707059338829, 0.0, 1.0, 0.0, 0.802650977152791, 0.3384867, 0.060542503255044566, 2
0.6215139442231076, 0.4201680672268907, 0.0, 0.0, 0.0, 0.017429196078431373, 0.00013961698933073077, 0.014102565664694328, 0.0002292604541952813, 0.04131164442483794, 0.05600649183436288, 0.04565537595246409, 0.022603273418448214, 0.989561589263035, 0.16475095374994517, 0.37894736223822695, 0.050810013248821694, 0.5813492, 0.3157196095728988, 1
0.28286852589641437, 0.49579831932773105, 0.0, 0.0, 0.0, 0.008714596862745097, 5.584683154406413e-05, 0.0025641026173570036, 4.473376039887159e-05, 0.003614768895887495, 0.0, 0.010309278569151115, 0.0, 0.8622129403179901, 0.16730523406291756, 0.5031578897905815, 0.010309278569151115, 1.0, 0.09075028178959726, 3
0.9800796812749004, 0.680672268907563, 0.0, 0.49999999999999994, 0.0, 0.06535942745098039, 0.003103455119745141, 0.08333332641025619, 0.0031894833084776635, 0.3847146951112222, 0.35470779988061846, 0.46097204373363737, 0.3328136973401809, 0.5177452695054492, 0.6270753087887753, 0.09263158417285333, 0.46097204373363737, 0.32108474, 0.10044986163344499, 6
0.03187250996015936, 0.7941176470588236, 0.0, 0.0, 0.0, 0.12418300784313725, 0.005713519773187086, 0.09102564972386615, 0.0037446554428471066, 0.3733540107933079, 0.3392857009798238, 0.4462444915593189, 0.3289165992543539, 0.49060540234090605, 0.6066410800780988, 0.153684194650415, 0.4462444915593189, 0.31303197, 0.08663707068748117, 6
1.0, 0.6218487394957983, 0.0, 0.0, 0.0, 0.13943354117647058, 0.014213013696306375, 0.3423076951479291, 0.23054086050233755, 0.25535761441851634, 0.2288961069083108, 0.30633282543201157, 0.22681217063718875, 0.5929018666445836, 0.46232438722273633, 0.2884210391889192, 0.30633282543201157, 0.29484537, 0.04978338126745696, 6
0.7131474103585658, 0.7815126050420168, 0.0, 0.49999999999999994, 0.0, 0.08496733333333333, 0.001302822005315975, 0.05512820477317554, 0.0023906797597015, 0.08959462632361352, 0.07629870473783518, 0.08468335872839941, 0.1075603996084053, 0.755741120362533, 0.12899105902350233, 0.6736842170083104, 0.10162002649764339, 0.322069, 0.9603708589008795, 7
0.9043824701195219, 0.0042016806722689135, 0.0, 0.0, 0.0, 0.03485835529411765, 0.0005129825966097938, 0.037179508836292584, 0.001472964729756306, 0.8298477096776983, 0.7832791981876688, 0.8969072540728478, 0.8035853529669413, 0.22546973504996948, 0.6934865693398524, 0.277894714623822, 0.8969072540728478, 0.20767513, 0.040209200832696246, 2
0.1752988047808765, 0.453781512605042, 0.0, 0.49999999999999994, 0.0, 0.08932461568627452, 0.004287346117758907, 0.030769233254437943, 0.002087141540269002, 0.030467339131443505, 0.015422078446249361, 0.04491899768100885, 0.029618082241057452, 0.7640918542130655, 0.21455938192187457, 0.5242105228155123, 0.04491899768100885, 0.7329263, 0.0, 3
0.2749003984063745, 0.7563025210084033, 0.0, 0.49999999999999994, 0.0, 0.0501089294117647, 0.0009563769268146862, 0.07179488067061171, 0.006956093554695048, 0.10586109158361245, 0.08847402444420434, 0.09867452136469425, 0.13016367092241085, 0.7181628368242815, 0.1213282240615963, 0.7242105275523546, 0.12297495859370426, 0.3503698, 0.9451095666748842, 7
0.7330677290836654, 0.7100840336134454, 0.0, 0.0, 0.0, 0.15904141176470588, 0.005625327442108386, 0.0769230785207101, 0.0048270455376745805, 0.432739491331975, 0.4009740308362497, 0.5139911891458675, 0.37724084560433835, 0.4864300598415278, 0.6653894790006045, 0.061052591530192546, 0.5139911891458675, 0.30690557, 0.09999715319403163, 6
0.5896414342629482, 0.43277310924369744, 0.0, 0.0, 0.0, 0.023965141176470587, 0.00036998511738156386, 0.02307692609467465, 0.0008052067206175177, 0.04337722884205202, 0.05519480287991231, 0.049337262007825754, 0.025720965916727484, 0.9665970777502713, 0.17369092909822245, 0.38736841620609397, 0.05228276912899286, 0.53791887, 0.2902835381916514, 1
0.5816733067729084, 0.638655462184874, 0.0, 0.0, 0.0, 0.10239649803921567, 0.022904165059849012, 0.32307693301775176, 0.07381066848398093, 0.2904725202315266, 0.25892858799570945, 0.3402061742252859, 0.2681215660757111, 0.5407098129597587, 0.4648786514437556, 0.33684210187257607, 0.3402061742252859, 0.29754734, 0.03734121875262175, 6
0.039840637450199196, 0.26050420168067223, 0.0, 0.0, 0.0, 0.054466223529411766, 0.0013752281304106404, 0.060256409546351065, 0.004724996859797158, 0.1329718600456037, 0.14042206785371697, 0.15979380589253456, 0.09742790109344034, 0.8997912304324422, 0.3052362583197552, 0.2378947343290858, 0.15979380589253456, 0.42150384, 0.19573637958021806, 1
0.10358565737051792, 0.2815126050420168, 0.0, 0.0, 0.0, 0.026143741176470586, 0.0013178847004194502, 0.06025640262327392, 0.0035071666515244875, 0.4861864286967135, 0.4358766295789234, 0.586156078157908, 0.42868275358744334, 0.32359081927597955, 0.7765005875574373, 0.04210522247091275, 0.586156078157908, 0.32548746, 0.08133228898888595, 4
0.49800796812749004, 0.6890756302521008, 0.0, 0.0, 0.0, 0.08496732156862745, 0.007937226110626711, 0.06282049577909218, 0.006536712855697673, 0.1657629880949028, 0.15259740947567035, 0.1443299039445515, 0.20109118157159214, 0.7286012400455887, 0.06257982398966527, 0.810526328354571, 0.18998526664222926, 0.2849537, 0.8932205617613633, 7
0.38645418326693226, 0.4201680672268907, 0.0, 0.0, 0.0, 0.06318081176470589, 0.0017103087766359476, 0.037179478836291656, 0.001235768545664658, 0.13891041019087252, 0.14448052723635935, 0.1649484597573751, 0.10600155476222743, 0.8830897683681207, 0.30268198260448376, 0.2589473455645422, 0.1649484597573751, 0.39170122, 0.18520588594258997, 1
0.38645418326693226, 0.4201680672268907, 0.0, 0.0, 0.0, 0.14596950196078431, 0.039490671787373074, 0.09487179522682447, 0.0294347927940064, 0.03408210872446503, 0.016233766670180463, 0.0603829148719962, 0.02338269584153715, 0.7411273427003018, 0.2771392024632642, 0.4442105233839334, 0.0603829148719962, 0.8646644, 0.0682708080708459, 3
0.5577689243027888, 0.43277310924369744, 0.0, 0.0, 0.0, 0.058823529411764705, 0.0015260784149634399, 0.008974354891518611, 0.0005883276179257972, 0.18951716776195718, 0.16801947915568602, 0.2282768930171068, 0.16913482715090172, 0.6555323611290049, 0.38186462173191826, 0.35789473205540145, 0.2282768930171068, 0.33188802, 0.0719628723469371, 5
0.29880478087649404, 0.36974789915966383, 0.0, 0.0, 0.0, 0.06318082352941176, 0.01511354404979872, 0.07051281678500974, 0.022305357447323624, 0.02891815116709996, 0.008116883700349969, 0.059646538588758916, 0.016367888421889683, 0.720250517468543, 0.29885055753732426, 0.42947367278227105, 0.059646538588758916, 0.91089994, 0.06105253450803916, 3
0.4820717131474104, 0.7563025210084033, 0.0, 0.0, 0.0, 0.1372549294117647, 0.005161821333939495, 0.07564103309664717, 0.004227537844335124, 0.41647302607197606, 0.38636364134445095, 0.49558174892796947, 0.3616523760981332, 0.5052192044290253, 0.6500638132147232, 0.06736841279556766, 0.49558174892796947, 0.31361094, 0.10159893269450959, 6
0.30677290836653387, 0.3025210084033613, 0.0, 0.49999999999999994, 0.0, 0.06535947450980392, 0.003350813624607437, 0.03461541568047433, 0.0008555318730605105, 0.34469403624148837, 0.3336039031363319, 0.38880707519287866, 0.30865158819480626, 0.6784968670050252, 0.4495529741636221, 0.22315786856952818, 0.38880707519287866, 0.24967904, 0.11299066800062668, 4
0.00398406374501992, 0.8277310924369748, 0.0, 0.49999999999999994, 0.0, 0.09150326666666667, 0.0033245277840919588, 0.0564102571203156, 0.002559517045815128, 0.1030209187612988, 0.08847402444420434, 0.0810014706848198, 0.14029617645218467, 0.7411273427003018, 0.04342273888375063, 0.8294736974138508, 0.13254786353057538, 0.42939755, 0.8654299903385372, 7
0.12749003984063745, 0.5084033613445379, 0.0, 0.0, 0.0, 0.01960783725490196, 0.00014659810785676349, 0.00512820385009858, 0.0002460354949445233, 0.037438679393917255, 0.05194805071470738, 0.0405007353424099, 0.020265002641777, 0.989561589263035, 0.15708812085700452, 0.39157893466371146, 0.04712812851893867, 0.59325397, 0.3275566619347571, 1
0.8804780876494024, 0.2184873949579832, 0.0, 0.0, 0.0, 0.030501021960784313, 0.0005584631887027809, 0.015384645242604468, 0.0002684018536003135, 0.8381100027299768, 0.7922077533100019, 0.9116347797375938, 0.8043647262863686, 0.22755741569423094, 0.7292464523421578, 0.21684210414626037, 0.9116347797375938, 0.21148404, 0.04996516437560783, 2
0.3745019920318725, 0.4705882352941176, 0.0, 0.0, 0.0, 0.015250543921568627, 3.4904339218149857e-05, 0.0038461538106508864, 0.00011742604298671613, 0.008004131773946764, 0.0, 0.022827687313492728, 0.0, 0.8267223355450856, 0.21072796490069165, 0.46736841658504136, 0.022827687313492728, 1.0, 0.09075028178959726, 3
0.7609561752988048, 0.19327731092436973, 0.0, 0.0, 0.0, 0.02396507607843137, 0.0007888294413476686, 0.026923076213017733, 0.0005871323835904017, 0.9478441269665107, 0.9488636367787042, 0.9690722093588202, 0.9243960039159469, 0.549060554325949, 0.48531289164868435, 0.29473684150692514, 0.9690722093588202, 0.11169542, 0.06853363123764467, 2
0.6932270916334662, 0.27310924369747897, 0.0, 0.0, 0.0, 0.05446624705882353, 0.002557222310809237, 0.34615385680473404, 0.01733417860294723, 0.20784922719904655, 0.20941557784565276, 0.22164949984057802, 0.19173811249452494, 0.8267223355450856, 0.2567049737525877, 0.39157893466371146, 0.22164949984057802, 0.20066153, 0.12587883625518254, 4
0.0199203187250996, 0.3445378151260504, 0.0, 0.0, 0.0, 0.03267973725490196, 0.0008660190767423653, 0.024358983057199482, 0.001402507502311834, 0.13865221963291152, 0.1103896086819025, 0.1914580324634902, 0.10989867389248094, 0.6221294332425329, 0.4418901470178076, 0.2926315614360105, 0.1914580324634902, 0.48024568, 0.08304963481703365, 5
0.8884462151394422, 0.5042016806722689, 0.0, 0.0, 0.0, 0.0, 0.0, 0.0, 2.399704346009036e-11, 0.0, 0.0, 0.0, 0.0, 0.8914404994002815, 0.13154533726750933, 0.532631575836011, 0.0, 0.0, 0.47641242639275655, 5
0.24302788844621515, 0.2647058823529412, 0.0, 0.0, 0.0, 0.05228756862745099, 0.0010890116667213268, 0.032051292524655155, 0.0013699699888834586, 0.1474309356291537, 0.15340908966388725, 0.17820324611043264, 0.10911924445458317, 0.8830897683681207, 0.32950188910908684, 0.2147368051279766, 0.17820324611043264, 0.41920358, 0.19021563837064293, 1
0.2549800796812749, 0.5252100840336135, 0.0, 0.0, 0.0, 0.2636165882352941, 0.006989607423817995, 0.061538464201183515, 0.004827047500366909, 0.10818486934732362, 0.06574675271309453, 0.16789396489032427, 0.08573655071748867, 0.5240083490165227, 0.4699872143685509, 0.3452631463667586, 0.16789396489032427, 0.66081303, 0.05150713517113503, 3
0.42231075697211157, 0.3739495798319328, 0.0, 0.0, 0.0, 0.037037019607843134, 0.0009248014237252611, 0.010256415546351247, 0.0006094719439470859, 0.3983991850782087, 0.37662338411831664, 0.46170841338948143, 0.3522992719470219, 0.576200383912203, 0.5632183814242309, 0.13894732889085742, 0.46170841338948143, 0.27896288, 0.10370162851296039, 4
0.8047808764940239, 0.3991596638655462, 0.0, 0.0, 0.0, 0.030501086274509804, 0.0008583898876603567, 0.008974368737672885, 0.00020545193941148764, 0.12186935931431013, 0.10308441393600312, 0.15905743623669044, 0.10054559078579607, 0.7014613728810455, 0.35632181860219425, 0.35368419086094116, 0.15905743623669044, 0.41640097, 0.08646421837425061, 5
0.5537848605577689, 0.36974789915966383, 0.0, 0.0, 0.0, 0.0305010968627451, 0.0008583926206639955, 0.03974358583826418, 0.0020234743677173994, 0.36173510803207154, 0.3790584465985516, 0.37113401788561107, 0.33515199266868295, 0.8914404994002815, 0.2733077773961047, 0.2989473637540164, 0.37113401788561107, 0.14661072, 0.18777953848450785, 4
0.09561752988047809, 0.995798319327731, 0.0, 0.49999999999999994, 0.0, 0.06318082352941176, 0.0012193521914354076, 0.07307692609467464, 0.002600417138327914, 0.10663568417151617, 0.10795454620166764, 0.08541973501163672, 0.12782539663833525, 0.8622129403179901, 0.04853129261314408, 0.6989473751224379, 0.12076582311659924, 0.31222734, 0.8048284885949881, 7
0.7450199203187251, 0.5252100840336135, 0.0, 0.0, 0.0, 0.0893246274509804, 0.0028830907745483096, 0.06538461662721898, 0.0009226321719361782, 0.033823911195163786, 0.021103895283247603, 0.05670102682841659, 0.0218238502938784, 0.7807933125195582, 0.25925924946785917, 0.43368420260831, 0.05670102682841659, 0.70975137, 0.08531639946587583, 4
0.3545816733067729, 0.2394957983193277, 0.0, 0.0, 0.0, 0.04139440392156863, 0.00028621529509465426, 0.01794873747534577, 0.0009841421191538293, 0.8768397018385656, 0.8449675061285105, 0.9344624378905564, 0.8464535792220239, 0.32150310105342894, 0.6564495369856587, 0.24210525657617704, 0.9344624378905564, 0.17962871, 0.05277635764839539, 2
0.24701195219123506, 0.2689075630252101, 0.0, 0.0, 0.0, 0.023965137254901958, 0.0006212965444655922, 0.016666662743589623, 0.0002963605115088164, 0.14872193024700017, 0.15422076985210412, 0.17967598542212088, 0.11067809631556987, 0.8789144023823117, 0.330779049955227, 0.21684210414626037, 0.17967598542212088, 0.41704598, 0.18359944769754533, 1
0.5697211155378487, 0.5420168067226891, 0.0, 0.0, 0.0, 0.04139434117647059, 0.0008726067841066603, 0.02307692609467465, 0.0008723076686914175, 0.044151822824223794, 0.05762987047378351, 0.04860088439910983, 0.026500388339816418, 0.9791231710104121, 0.16602809390643136, 0.38736841620609397, 0.054491897978704726, 0.537017, 0.30897983511211446, 1
0.9442231075697212, 0.02100840336134454, 0.0, 0.0, 0.0, 0.017429177647058824, 0.00030715643599738994, 0.03846153810650887, 0.001744612626007064, 0.7146914861252204, 0.6396104168862791, 0.8284241470660961, 0.6664068381478772, 0.04801665481801276, 0.9067687409903022, 0.10526315091412725, 0.8284241470660961, 0.29960132, 0.05243568004670379, 2
0.9840637450199203, 0.6932773109243697, 0.0, 0.0, 0.49999999999999994, 0.06318086274509804, 0.0020032726304952692, 0.07948717167652836, 0.002559515687028131, 0.37412860338121157, 0.3441558332454883, 0.4484536270364239, 0.32424003665658496, 0.5219206683722613, 0.6143039302124178, 0.10947365421384941, 0.4484536270364239, 0.3181372, 0.09850937483036093, 6
0.01195219123505976, 0.29411764705882354, 0.0, 0.0, 0.49999999999999994, 0.16122003921568628, 0.016474819235369666, 0.13205130406311705, 0.043039442272908957, 0.08701265800194138, 0.05600649183436288, 0.1251841006982025, 0.07638347462561264, 0.6200417338091269, 0.35249039353503486, 0.442105258470914, 0.1251841006982025, 0.6281558, 0.036582561534650115, 3
0.8247011952191236, 0.5966386554621849, 0.0, 0.0, 0.0, 0.0, 0.0, 0.0, 2.399704346009036e-11, 0.0, 0.0, 0.0, 0.0, 0.8914404994002815, 0.13154533726750933, 0.532631575836011, 0.0, 0.0, 0.47641242639275655, 5
0.07171314741035856, 0.8613445378151261, 0.0, 0.49999999999999994, 0.0, 0.15032678431372548, 0.0013193772219790793, 0.019230769053254434, 0.0007213313507973412, 0.11541440713909859, 0.09577921919010372, 0.09278350447140277, 0.1582229062128478, 0.6972860115925227, 0.04342273888375063, 0.8736842189030474, 0.14948453129981934, 0.426777, 0.8832347361298125, 7
0.7888446215139442, 0.7563025210084033, 0.0, 0.0, 0.0, 0.03921570980392156, 0.0014326918314102413, 0.06794870978303721, 0.0015402109019649105, 0.34288665353637965, 0.32629870839043257, 0.3961708512800379, 0.3024161947804771, 0.6367432165415075, 0.49680714386165836, 0.18736842946925236, 0.3961708512800379, 0.2788862, 0.10831770781812466, 6
0.5418326693227091, 0.4621848739495798, 0.0, 0.0, 0.0, 0.04139433333333334, 0.0007888369052748478, 0.026923076213017733, 0.0012581369123056772, 0.025819778026948972, 0.005681818298037189, 0.05154639085753762, 0.01792673396954843, 0.7265135594013272, 0.27203063953846895, 0.46736841658504136, 0.05154639085753762, 0.9074074, 0.043404399873046506, 3
0.749003984063745, 0.6470588235294118, 0.0, 0.0, 0.0, 0.01307189568627451, 0.0003350810043430255, 0.05641025250493085, 0.0017222489547300012, 0.09966434390904241, 0.08766233695079272, 0.09351988075464004, 0.11769291215298791, 0.7620041679320607, 0.12515964108277922, 0.6736842170083104, 0.1163475654171755, 0.31812865, 0.9539876606981458, 7
0.6055776892430279, 0.5420168067226891, 0.0, 0.0, 0.0, 0.01742919294117647, 0.0002233874053391205, 0.015384617781065162, 0.00013420118036081127, 0.034856701312368746, 0.04788960813401292, 0.03681884928704823, 0.020265002641777, 0.9791231710104121, 0.1507024235228492, 0.4126315686360107, 0.04418262007229293, 0.56415343, 0.3321115698982199, 1
0.8605577689243028, 0.5084033613445379, 0.0, 0.0, 0.0, 0.056644890196078435, 0.0012354338822335538, 0.02564101694280052, 0.0011327902461144737, 0.24554608041970816, 0.21590908509814052, 0.30265096389800467, 0.21356196138544156, 0.5720250414128247, 0.49169858093686314, 0.2610526256354569, 0.30265096389800467, 0.35474625, 0.08106937375203654, 4
0.44621513944223107, 0.6092436974789917, 0.0, 0.0, 0.0, 0.01525053725490196, 0.0007344837393822808, 0.024358969211045207, 0.0009767115169729763, 0.16911955597581896, 0.12581169297230768, 0.172312222589748, 0.20732656797111243, 0.4947808012077181, 0.19157087749592655, 0.8336842196609421, 0.19587628353552072, 0.41732758, 1.0, 7
0.5059760956175299, 0.7478991596638656, 0.0, 0.49999999999999994, 0.0, 0.0980391882352941, 0.0018531510024091897, 0.04871795688362944, 0.00424248887961496, 0.40872710019293884, 0.37824676641033467, 0.48600885061849153, 0.3561964191365107, 0.5052192044290253, 0.6385695610017492, 0.08631578185484745, 0.48600885061849153, 0.30798513, 0.09928289215451952, 6
0.19123505976095617, 0.546218487394958, 0.0, 0.0, 0.0, 0.02178649411764706, 0.0002233871414629071, 0.005128205927021721, 0.00011183434612957216, 0.004905757936661749, 0.0024350649640010958, 0.011782032461104326, 0.0, 0.8705636704106937, 0.16858237306997853, 0.4926315728044319, 0.011782032461104326, 0.8888889, 0.12263931469241351, 5
0.5537848605577689, 0.638655462184874, 0.0, 0.0, 0.0, 0.058823505882352946, 0.00165446305148715, 0.4076923048520709, 0.004898425185220731, 0.2819519738792246, 0.2556818161064787, 0.3217967671443537, 0.26500390444259064, 0.5845511252783933, 0.41123881544604507, 0.3810526233617726, 0.3217967671443537, 0.2689782, 0.03581291115262203, 6
0.4820717131474104, 0.36554621848739494, 0.0, 0.0, 0.0, 0.03921567450980392, 0.0019056584107338813, 0.028205117021695907, 0.001953422858972576, 0.15001291092216612, 0.1233766304920728, 0.2017673070562054, 0.12081060184534366, 0.6304801558195785, 0.4393358827967883, 0.2884210391889192, 0.2017673070562054, 0.4486757, 0.08636027128698248, 5
0.9721115537848606, 0.40756302521008403, 0.0, 0.49999999999999994, 0.0, 0.02832243725490196, 0.001152792243848763, 0.04871795688362944, 0.0029459382525334147, 0.10121352908484986, 0.0827922046851282, 0.1362297449467618, 0.081839438602044, 0.7118997948914972, 0.3397190034644251, 0.3705263177440444, 0.1362297449467618, 0.4560301, 0.08471687612357687, 5
0.44621513944223107, 0.8025210084033614, 0.0, 0.49999999999999994, 0.0, 0.06318082352941176, 0.00045375486427526963, 0.055128209388560286, 0.003919791008644149, 0.10560290102565147, 0.08522727447055783, 0.09278350447140277, 0.1387373386208156, 0.6951983121591166, 0.0919540246003434, 0.7957894815423825, 0.13107511759149396, 0.40993193, 0.9185580371666907, 7
0.9402390438247011, 0.5294117647058824, 0.0, 0.0, 0.0, 0.06971675686274509, 0.0025649295695538117, 0.079487187830375, 0.001643623349058246, 0.2847921606442188, 0.29139610964775886, 0.3004418151661133, 0.26188621475023494, 0.8371607500398794, 0.2860791789609667, 0.3326315796254848, 0.3004418151661133, 0.1760659, 0.15269600627372693, 4
0.12749003984063745, 0.6554621848739496, 0.0, 0.0, 0.0, 0.06318082352941176, 0.0017509291269957052, 0.034615385680473405, 0.0017066183749753694, 0.13271366251630248, 0.12256494299866116, 0.10382916197474844, 0.1730319462811552, 0.7640918542130655, 0.015325677280133482, 0.8526316076675909, 0.16347569393611416, 0.36550307, 0.8394578760735645, 7
0.4701195219123506, 0.5168067226890757, 0.0, 0.0, 0.0, 0.008714599215686274, 5.58468447378748e-05, 0.019230769053254434, 0.00011742618490446915, 0.011618899972700233, 0.004870130074106086, 0.026509572706115075, 0.0023382696543018033, 0.8350730656377892, 0.2120051027583274, 0.45684209959889177, 0.026509572706115075, 0.93703705, 0.1057119780705344, 5
0.20318725099601595, 0.5126050420168068, 0.0, 0.0, 0.0, 0.17211330588235293, 0.0032138445294125854, 0.029487169368835976, 0.0018399208145217377, 0.1494965228349039, 0.14529221472977097, 0.17083947665066657, 0.13094310737511747, 0.8037578277901508, 0.28097061603617146, 0.37473683999113566, 0.17083947665066657, 0.27027062, 0.12584458619631295, 4
0.12350597609561752, 0.5294117647058824, 0.0, 0.0, 0.0, 0.019607850980392156, 0.00031413846866601907, 0.025641023865877657, 0.0007157398366215602, 0.04079525145763754, 0.05681818078881346, 0.04270986883129699, 0.02338269584153715, 1.0, 0.1519795636793354, 0.38947368111911346, 0.05154639085753762, 0.57363313, 0.3393621710972371, 1
0.0, 0.2815126050420168, 0.0, 0.0, 0.49999999999999994, 0.5816992941176471, 0.6713137529643666, 1.0, 1.0, 0.555383422320168, 0.5170454665824231, 0.6060382576874944, 0.5385814485243507, 0.39039665625977915, 0.5376755668002546, 0.36842103767312967, 0.6060382576874944, 0.26973316, 0.03233179777675138, 3
0.7649402390438247, 0.36974789915966383, 0.0, 0.0, 0.0, 0.11982569803921568, 0.00841192886349646, 0.0641025642800789, 0.0070231940800352145, 0.046991999132207564, 0.025162337133422585, 0.07658320635800289, 0.036632891063666684, 0.7056367341695684, 0.2975734311739407, 0.44631578829695284, 0.07658320635800289, 0.71189785, 0.04941270724323932, 3
0.2948207171314741, 0.4747899159663865, 0.0, 0.0, 0.0, 0.019607845490196077, 0.00023036802438517788, 0.0141025642800789, 9.505916195281376e-05, 0.03563129390027247, 0.05032467572788412, 0.03755522689576416, 0.019485579517207186, 0.9916492736651253, 0.1507024235228492, 0.39999999242105233, 0.04565537595246409, 0.59589946, 0.3378158435469096, 1
0.16334661354581675, 0.9327731092436975, 0.0, 0.0, 0.0, 0.0871459568627451, 0.00404576367472507, 0.04871794765285993, 0.002004611988578747, 0.10095533852688889, 0.09172077441785086, 0.07511045379152832, 0.1371784797450201, 0.7828809988005629, 0.022988504425948006, 0.8210526339722992, 0.12960235177023302, 0.42217422, 0.8355601273041543, 7
0.24302788844621515, 0.6932773109243697, 0.0, 0.0, 0.0, 0.09150324705882353, 0.0017320411692128839, 0.023076937633136542, 0.0013873782545685345, 0.3539891821530343, 0.33603895831137204, 0.4131074991671023, 0.30865158819480626, 0.6221294332425329, 0.5300127626429447, 0.147368392332409, 0.4131074991671023, 0.29405567, 0.11165303747567784, 6
0.9442231075697212, 0.773109243697479, 0.0, 0.0, 0.0, 0.07407406666666667, 0.0022004631781477324, 0.04230772284023762, 0.0025808664580871526, 0.34056288274400875, 0.31574673445010765, 0.4020618615459362, 0.2992985191177391, 0.5741127032679416, 0.5389527046578905, 0.18105262715124643, 0.4020618615459362, 0.3003628, 0.09652336859419863, 6
0.5896414342629482, 0.3277310924369748, 0.0, 0.0, 0.0, 0.3289760392156863, 0.008627464839436978, 0.016666662743589623, 0.0005883281916358625, 0.22101730119340982, 0.19967532792471324, 0.2717231202376795, 0.18784100037908025, 0.6450939391185532, 0.45210727286739805, 0.25263156219390526, 0.2717231202376795, 0.35127252, 0.09956206696232694, 4
0.8366533864541833, 0.012605042016806726, 0.0, 0.0, 0.0, 0.04139434901960785, 0.0010821443448123256, 0.03846159810651071, 0.0020130159351783978, 0.8156468107094287, 0.7613636139499705, 0.8888070553106991, 0.7903351086411501, 0.1711899819317385, 0.7215836022078388, 0.28631577806537356, 0.8888070553106991, 0.2228557, 0.03624696619975859, 2
0.9601593625498008, 0.29831932773109243, 0.0, 0.0, 0.0, 0.023965137254901958, 0.0019228416527848932, 0.06282050962524645, 0.003824954772146408, 0.10818486934732362, 0.08522727447055783, 0.14874816164397525, 0.08729540257847536, 0.6743215057165023, 0.3703703695189442, 0.35789473205540145, 0.14874816164397525, 0.4816013, 0.07671195604737818, 5
0.2310756972111554, 0.453781512605042, 0.0, 0.0, 0.0, 0.03267973529411765, 0.0015706914951565522, 0.024358973826429965, 0.001437070770883392, 0.008520526832549244, 0.0008116882969830495, 0.021354934084278833, 0.0023382696543018033, 0.8288100180682615, 0.2005108505453534, 0.4821052577130192, 0.021354934084278833, 0.984127, 0.08362409669152537, 3
0.7211155378486056, 0.016806722689075633, 0.0, 0.0, 0.0, 0.017429226666666665, 0.0004746949873697535, 0.01794862116764988, 0.0001789356942907543, 0.9814097360622692, 0.9813312095671167, 0.9948453461351594, 0.9672642021117941, 0.5281836915159009, 0.4533843992307816, 0.36842103767312967, 0.9948453461351594, 0.105074264, 0.04764733767663365, 2
0.43824701195219123, 0.43277310924369744, 0.0, 0.0, 0.0, 0.03703704549019608, 0.0009563776807467245, 0.0076923150059173846, 0.00013420170877797676, 0.17996386614915155, 0.15340908966388725, 0.22974963895618822, 0.15276695626603407, 0.6200417338091269, 0.4367815840930123, 0.3031578860011077, 0.22974963895618822, 0.39392713, 0.08000670122657194, 5
0.3784860557768924, 0.5210084033613446, 0.0, 0.0, 0.0, 0.023965145098039212, 0.0002862148238871303, 0.02435897613412234, 0.0005647631110913848, 0.03976246134043258, 0.05438311830857858, 0.04270986883129699, 0.022603273418448214, 0.989561589263035, 0.15708812085700452, 0.39157893466371146, 0.049337262007825754, 0.5654762, 0.33142496670194543, 1
0.17928286852589642, 0.3025210084033613, 0.0, 0.0, 0.0, 0.0893246274509804, 0.00757422272434096, 0.053846154733727836, 0.0025498219496157323, 0.04363542427995118, 0.016233766670180463, 0.07879234183510794, 0.03273577684377937, 0.6638830837060506, 0.325670498524684, 0.442105258470914, 0.07879234183510794, 0.82735026, 0.04460304144942123, 3
0.00398406374501992, 0.7983193277310925, 0.0, 0.0, 0.9999999999999999, 0.10675380392156862, 0.003164339089981412, 0.12051280524654784, 0.004717367572762089, 0.3743868009105128, 0.3441558332454883, 0.4455080821391157, 0.32813718384607377, 0.5198329501497108, 0.597701138063153, 0.13894732889085742, 0.4455080821391157, 0.30885938, 0.09428000815225063, 6
0.1354581673306773, 0.4747899159663865, 0.0, 0.0, 0.49999999999999994, 0.058823505882352946, 0.001905768861777493, 0.05641026404339274, 0.00272875170163719, 0.37877614496595335, 0.361201285217522, 0.43225329578605814, 0.33904908373970116, 0.6158663725206039, 0.5070242582169966, 0.19157893276897459, 0.43225329578605814, 0.2585428, 0.10259354703847845, 4
0.19123505976095617, 0.18907563025210083, 0.0, 0.0, 0.0, 0.03485830392156863, 0.0003071575103505445, 0.016666648205127636, 0.00016216051766281258, 0.8814872155379463, 0.8490259509007633, 0.9388807220995529, 0.8519095291688377, 0.31524007790978925, 0.6564495369856587, 0.24842103994681397, 0.9388807220995529, 0.17948268, 0.05148032437236394, 2
0.35856573705179284, 0.07563025210084034, 0.0, 0.0, 0.0, 0.04793034901960784, 0.0023176555050798053, 0.03205132252465608, 0.002376491154903272, 0.8956881145062159, 0.8693181747620278, 0.9462444186579939, 0.8674980056898517, 0.35699370958416243, 0.6245210560620083, 0.2589473455645422, 0.9462444186579939, 0.16648434, 0.0533025748163074, 2
0.05976095617529879, 0.31932773109243695, 0.0, 0.0, 0.0, 0.06100217647058824, 0.0036991924256971707, 0.04358974057199202, 0.0026374889239650294, 0.02039762572881877, 0.008928571193761597, 0.03755522689576416, 0.013250193819167767, 0.7954070958185328, 0.22605363068657292, 0.47368420374515213, 0.03755522689576416, 0.86277056, 0.06587328553596444, 3
0.896414342629482, 0.3319327731092437, 0.0, 0.0, 0.0, 0.07189542745098039, 0.004162777885213094, 0.051282054654832446, 0.0037209074695728423, 0.11747999434484879, 0.09415584420328048, 0.1620029479970328, 0.0927513595400979, 0.6680584449945735, 0.3933588739448923, 0.3263157773074788, 0.1620029479970328, 0.47554862, 0.08553265360101803, 5
0.9282868525896414, 0.13025210084033612, 0.0, 0.0, 0.0, 0.028322507450980392, 0.0008726072930107862, 0.03205132252465608, 0.0021751867103324434, 0.9431965435537272, 0.9358766076633391, 0.9705448823965765, 0.9212782721347381, 0.4864300598415278, 0.5159642002319424, 0.307368408248199, 0.9705448823965765, 0.12513736, 0.05616466441313561, 2
0.9243027888446215, 0.10084033613445378, 0.0, 0.0, 0.0, 0.017429226666666665, 0.0005584703133605427, 0.02820511009861877, 0.0009170483877486464, 0.682674978549186, 0.6063311639096496, 0.8085419675365098, 0.6227591543956615, 0.050104316673129756, 0.961685749328405, 0.01263154779390474, 0.8085419675365098, 0.31949878, 0.0624221685826199, 2
0.23904382470119523, 0.8067226890756303, 0.0, 0.0, 0.0, 0.167756, 0.007145983483610837, 0.079487187830375, 0.00609471182565715, 0.4076942961330533, 0.38311686945522017, 0.474963199742539, 0.3600935102075289, 0.5511482349702105, 0.586206885850179, 0.12631576214958357, 0.474963199742539, 0.28710723, 0.10175333416957488, 6
0.33067729083665337, 0.09243697478991597, 0.0, 0.0, 0.0, 0.045751584313725495, 0.0011518407816164227, 0.014102525972385415, 0.00029635966604135163, 0.7660728083988477, 0.7069805299758074, 0.8652430275018923, 0.7178487882198351, 0.15240083734424104, 0.844188974471898, 0.10315788979058155, 0.8652430275018923, 0.25860354, 0.05910946974353487, 2
0.7888446215139442, 0.09663865546218486, 0.0, 0.0, 0.0, 0.167756, 0.005763961219243814, 0.010256415546351247, 0.0006094717023849531, 0.09579138096952382, 0.07142857247217067, 0.13843888705126003, 0.07404520034153701, 0.6680584449945735, 0.37803319666475876, 0.3515789486847646, 0.13843888705126003, 0.5448579, 0.07814103054670685, 5
0.01195219123505976, 0.3529411764705882, 0.0, 0.0, 0.0, 0.030501086274509804, 0.0011448601248737636, 0.008974368737672885, 9.505926763624686e-05, 0.14071778592464093, 0.11363635865554902, 0.19072165618025289, 0.11379579302273442, 0.6304801558195785, 0.4278416305838143, 0.307368408248199, 0.19072165618025289, 0.45946908, 0.08121362910751201, 5
0.27888446215139445, 0.7983193277310925, 0.0, 0.0, 0.49999999999999994, 0.028322454901960784, 0.0012193531338504553, 0.10256409546351063, 0.003707270079366367, 0.4092435022228816, 0.38636364134445095, 0.4786450480217595, 0.3577552499530709, 0.5636743000466344, 0.597701138063153, 0.09473684529639903, 0.4786450480217595, 0.29418743, 0.10854907985559586, 6
0.5537848605577689, 0.453781512605042, 0.0, 0.0, 0.0, 0.2069716862745098, 0.0016099919932417532, 0.024358969211045207, 0.000923394979858619, 0.31809967678078005, 0.297077929406835, 0.37113401788561107, 0.28215118372092957, 0.611691011232081, 0.4891442822330872, 0.22526316758781195, 0.37113401788561107, 0.2807703, 0.0963402044352869, 4
0.8007968127490039, 0.6302521008403361, 0.0, 0.0, 0.0, 0.05010901568627451, 0.0009563769268146862, 0.21282051424063123, 0.11035811331661605, 0.3072553666074475, 0.2775974003441769, 0.3615611262035263, 0.27825409264991136, 0.549060554325949, 0.4929757187944989, 0.2821052558182823, 0.3615611262035263, 0.3081043, 0.06425301836930092, 6
0.18725099601593626, 0.1638655462184874, 0.0, 0.0, 0.0, 0.03050107450980392, 0.0012354350696765143, 0.01794876747534669, 0.0007576751285567706, 0.8652208130200097, 0.826298723000822, 0.9337260682347123, 0.8300857293815829, 0.27139872801286546, 0.7100893499948648, 0.2042104995102484, 0.9337260682347123, 0.19716202, 0.055048351876118784, 2
0.22310756972111553, 0.5378151260504201, 0.0, 0.0, 0.0, 0.27015252156862746, 0.013123980919487974, 0.03846153810650887, 0.0012078110653715526, 0.1141234194925924, 0.09090909422963397, 0.1568483007595854, 0.09119251469392003, 0.6701461256388349, 0.383141759589554, 0.3410526241196673, 0.1568483007595854, 0.48272505, 0.08636259145226066, 4
0.21115537848605578, 0.546218487394958, 0.0, 0.0, 0.0, 0.006535948627450981, 0.0003441213091728272, 0.0076923087751479624, 0.0, 0.0012909889013474486, 0.0, 0.0036818853926223463, 0.0, 0.8810020849054876, 0.14431672963696954, 0.5221052588498614, 0.0036818853926223463, 0.5555556, 0.09075028178959726, 5
0.26294820717131473, 0.5252100840336135, 0.0, 0.0, 0.0, 0.12200436862745098, 0.005296438161174837, 0.06410257120315604, 0.0047813582875952925, 0.1355538423099564, 0.1233766304920728, 0.17083947665066657, 0.10989867389248094, 0.7473903940276584, 0.3499361293140155, 0.3178947328132963, 0.1767304802891717, 0.42529303, 0.1788935264368839, 3
0.5577689243027888, 0.054621848739495805, 0.0, 0.0, 0.0, 0.050108913725490194, 0.0017103053839417754, 0.020512802015778524, 0.0017222608818603074, 0.8897495783036276, 0.8595778956203092, 0.9388807220995529, 0.8667186323704245, 0.32985382363047466, 0.6155810565758013, 0.3010526248775621, 0.9388807220995529, 0.16939692, 0.04382092478252503, 2
0.5338645418326693, 0.546218487394958, 0.0, 0.0, 0.0, 0.002178649529411765, 0.0002564929192587792, 0.0012820513317554256, 0.0002054527999765857, 0.00025819778724083, 0.0, 0.0007363770122505375, 0.0, 0.8893528166892142, 0.13409961551151633, 0.5305263126282547, 0.0007363770122505375, 0.11111111, 0.09075028178959726, 5
0.3705179282868526, 0.34033613445378147, 0.0, 0.49999999999999994, 0.0, 0.13071896862745097, 0.005612605969860059, 0.04102564741617377, 0.000984141364272164, 0.1595662404203328, 0.15909091672815812, 0.19734904935678166, 0.12003116539263708, 0.8288100180682615, 0.36909320867280404, 0.2042104995102484, 0.19734904935678166, 0.422223, 0.16656895579083425, 1
0.8725099601593626, 0.3445378151260504, 0.0, 0.0, 0.0, 0.06753812941176471, 0.00011867380338734125, 0.0038461545029586, 5.0325482921992173e-05, 0.017041053665098487, 0.007305194745899393, 0.03608247565476822, 0.006235385698039417, 0.8100208697229351, 0.23499360718427542, 0.4442105233839334, 0.03608247565476822, 0.8783951, 0.0943087155940665, 5
0.00398406374501992, 0.7436974789915967, 0.0, 0.0, 0.0, 0.06100217647058824, 0.0012977631213389532, 0.0538461478106507, 0.0011475955892329727, 0.10973406149447132, 0.09740259417692698, 0.09278350447140277, 0.13951676104390456, 0.755741120362533, 0.07151979703909211, 0.7684210679889202, 0.13181149387473126, 0.3424082, 0.8823804917851786, 7
0.7171314741035857, 0.23109243697478993, 0.0, 0.0, 0.0, 0.05010894117647059, 0.0015601866961906454, 0.058974371045365265, 0.0028586743849932056, 0.29357087664046094, 0.30357143665932274, 0.3041237164644793, 0.27279812867348, 0.8601252596737287, 0.2618135251831307, 0.3494736686138499, 0.3041237164644793, 0.15200906, 0.16634802449711528, 4
0.41832669322709165, 0.5588235294117647, 0.0, 0.0, 0.0, 0.015250546274509804, 0.0002862148992803342, 0.005128205234714007, 0.0001118343234831222, 0.00671314273317251, 0.0, 0.019145801920870384, 0.0, 0.8371607500398794, 0.19795657138180622, 0.477894733571191, 0.019145801920870384, 1.0, 0.09075028178959726, 3
0.05179282868525896, 0.29831932773109243, 0.0, 0.0, 0.0, 0.16993464705882352, 0.07782255191670256, 0.14358976595660816, 0.10062851902513181, 0.05912729695204638, 0.031655845116429826, 0.0964653858875892, 0.04598596715554272, 0.6576200229841217, 0.3409961413220608, 0.4231578894116341, 0.0964653858875892, 0.7428191, 0.0490916773903724, 3
0.3466135458167331, 0.7478991596638656, 0.0, 0.0, 0.0, 0.03485838588235294, 0.001468967780337377, 0.024358973826429965, 0.0012497204346703882, 0.08985283082425503, 0.07629870473783518, 0.06259205034910124, 0.13172252979820637, 0.7536534359604428, 0.012771401564861978, 0.8673684165850413, 0.1244477244149652, 0.49709514, 0.8420321178638068, 7
0.7808764940239044, 0.3739495798319328, 0.0, 0.0, 0.0, 0.09368190588235294, 0.0027155527509283733, 0.0564102571203156, 0.009103314290965062, 0.04234443872484706, 0.0202922070593165, 0.07658320635800289, 0.027279811464386235, 0.7056367341695684, 0.32056193559988877, 0.40842105017839325, 0.07658320635800289, 0.7738155, 0.0664711147893301, 3
0.05577689243027888, 0.4747899159663865, 0.0, 0.0, 0.0, 0.04575163137254902, 0.0011518407816164227, 0.03333333564102571, 0.0011854438461506643, 0.008004131773946764, 0.001623376593966099, 0.01767304869165649, 0.0038971163243299665, 0.8392484325630554, 0.18390803885585982, 0.49894736375401644, 0.01767304869165649, 0.9537037, 0.07697393216971027, 3
0.0199203187250996, 0.11764705882352941, 0.0, 0.49999999999999994, 0.0, 0.05446629803921569, 0.0021291587362440387, 0.04230769514792908, 0.0010568328451756807, 0.7903434249525461, 0.7491883380747699, 0.8748158993017975, 0.7404520735634583, 0.2818371688124618, 0.7739463348306703, 0.08842102403102392, 0.8748158993017975, 0.22295359, 0.07164342609894259, 2
0.3187250996015936, 0.1764705882352941, 0.0, 0.0, 0.0, 0.02178645882352941, 0.0008583868719322035, 0.016666675897436183, 0.0007407678174421944, 0.8605731947505251, 0.8206168959365511, 0.91605306394659, 0.8402182278965479, 0.2651357048692258, 0.6411238367170209, 0.32421051618393315, 0.91605306394659, 0.18721664, 0.03571535372687418, 2
0.38247011952191234, 0.7857142857142857, 0.0, 0.0, 0.0, 0.19825701960784314, 0.012126987788939742, 0.13076923094674556, 0.008745628107752422, 0.4066615060158484, 0.3790584465985516, 0.47938145744196275, 0.3561964191365107, 0.5281836915159009, 0.6143039302124178, 0.10315788979058155, 0.47938145744196275, 0.29965425, 0.10152636308052837, 6
0.13944223107569723, 0.38655462184873945, 0.0, 0.0, 0.0, 0.03485840392156863, 0.0019825623058860606, 0.04487180214990161, 0.0021080766734832977, 0.4056287158986434, 0.38961037670770793, 0.46097204373363737, 0.36243179852122215, 0.61795407195401, 0.5236270388720092, 0.16210525809196663, 0.46097204373363737, 0.2570141, 0.10857614845050895, 4
0.7370517928286853, 0.26050420168067223, 0.0, 0.0, 0.0, 0.041394325490196074, 0.0017509278076146384, 0.052564123155819174, 0.003009725753222412, 0.28014459117411594, 0.260551955677338, 0.3298969195147502, 0.24629772419960325, 0.6367432165415075, 0.46232438722273633, 0.24421051769972268, 0.3298969195147502, 0.2970959, 0.09801118378588958, 4
0.6135458167330677, 0.19327731092436973, 0.0, 0.0, 0.0, 0.0479302, 0.0008935473218637653, 0.028205080098617847, 0.001252539087319177, 0.8693519595461491, 0.8344155614089644, 0.9256259357464953, 0.8433358895296682, 0.30062627582167, 0.6475095604879564, 0.277894714623822, 0.9256259357464953, 0.18207318, 0.04548965762389007, 2
0.5737051792828686, 0.2436974789915966, 0.0, 0.0, 0.0, 0.08061002352941177, 0.005479969156640313, 0.04358976364891581, 0.003869469087094683, 0.17893106208926607, 0.1712662364345273, 0.2282768930171068, 0.13406078303785554, 0.7661795386151559, 0.4342273198719931, 0.159999996968421, 0.2282768930171068, 0.44485995, 0.14654572688531664, 1
0.3426294820717132, 0.8823529411764706, 0.0, 0.0, 0.0, 0.05446622745098039, 0.0027993210088063034, 0.03333333564102571, 0.002393256019847671, 0.09811515873323497, 0.07792207972465844, 0.08247422987868755, 0.13406078303785554, 0.699373692236784, 0.07535121406027503, 0.8189473728487535, 0.12665684000989072, 0.44601154, 0.9031040607385388, 7
0.10756972111553785, 0.18907563025210083, 0.0, 0.0, 0.0, 0.061002168627450976, 0.0008097786116266121, 0.03461537644970389, 0.0019291413353375191, 0.1652465790936198, 0.16152596459800353, 0.20765832394949688, 0.12392829855250823, 0.8016701433880604, 0.394636011802528, 0.189473690592798, 0.20765832394949688, 0.43595982, 0.15438182731650646, 1
0.9482071713147411, 0.5210084033613446, 0.0, 0.0, 0.0, 0.008714598039215687, 5.5846812695763164e-05, 0.003846154041420124, 0.00011742606412340275, 0.0010327911629060005, 0.0, 0.0029455081152760815, 0.0, 0.8830897683681207, 0.14176245047342237, 0.5242105228155123, 0.0029455081152760815, 0.33333334, 0.09075028178959726, 5