@relation segment-10-6tst.dat
@attribute Region-centroid-col real [1.0, 254.0]
@attribute Region-centroid-row real [11.0, 251.0]
@attribute Region-pixel-count real [9.0, 10.0]
@attribute Short-line-density-5 real [0.0, 0.33333334]
@attribute Short-line-density-2 real [0.0, 0.22222222]
@attribute Vedge-mean real [0.0, 29.222221]
@attribute Vegde-sd real [0.0, 991.7184]
@attribute Hedge-mean real [0.0, 44.722225]
@attribute Hedge-sd real [-1.5894573e-08, 1386.3292]
@attribute Intensity-mean real [0.0, 143.44444]
@attribute Rawred-mean real [0.0, 137.11111]
@attribute Rawblue-mean real [0.0, 150.88889]
@attribute Rawgreen-mean real [0.0, 142.55556]
@attribute Exred-mean real [-49.666668, 9.888889]
@attribute Exblue-mean real [-12.444445, 82.0]
@attribute Exgreen-mean real [-33.88889, 24.666666]
@attribute Value-mean real [0.0, 150.88889]
@attribute Saturatoin-mean real [0.0, 1.0]
@attribute Hue-mean real [-3.0441751, 2.9124804]
@attribute Class integer [1, 7]
@inputs Region-centroid-col, Region-centroid-row, Region-pixel-count, Short-line-density-5, Short-line-density-2, Vedge-mean, Vegde-sd, Hedge-mean, Hedge-sd, Intensity-mean, Rawred-mean, Rawblue-mean, Rawgreen-mean, Exred-mean, Exblue-mean, Exgreen-mean, Value-mean, Saturatoin-mean, Hue-mean
@outputs Class
@data
0.7808764940239044, 0.9230769230769231, 0.0, 0.0, 0.0, 0.05091648040700088, 0.0020925121223838127, 0.04276983840949808, 0.0014993971517723297, 0.12529426857719037, 0.10461284839692875, 0.11934767146517664, 0.15158729285714287, 0.6810699625628713, 0.1387856299638849, 0.7398374175589929, 0.14158635106311082, 0.3357168, 0.9650152679952058, 7
0.9840637450199203, 0.5982905982905984, 0.0, 0.0, 0.0, 0.010183299747387792, 8.370055933961346e-05, 0.004073320265553878, 7.839994732701964e-05, 0.0026157467703641834, 0.0, 0.007412898981372135, 0.0, 0.8621399167924098, 0.15861214932675538, 0.528455289371406, 0.007412898981372135, 0.8888889, 0.09940052807603778, 5
0.43824701195219123, 0.9957264957264957, 0.0, 0.0, 0.0, 0.1160896200530109, 0.00278497017164693, 0.21384930202711885, 0.010884736480538207, 0.18284071221523668, 0.15650740398264082, 0.14974055115092252, 0.2436507857142857, 0.6172839643347048, 0.018587364865051734, 1.0, 0.22757597310914768, 0.38897294, 0.885203294245765, 7
0.12749003984063745, 0.4444444444444444, 0.0, 0.0, 0.0, 0.010183299747387792, 2.4617801170173387e-05, 0.004073319532356355, 7.839994203502734e-05, 0.007585665323305407, 0.0, 0.020756116080384607, 0.0007936507857142856, 0.8230452678783722, 0.20198265656453995, 0.4959349670235972, 0.020756116080384607, 1.0, 0.09242603731820742, 3
0.2151394422310757, 0.8376068376068376, 0.0, 0.49999999999999994, 0.0, 0.06720976440200647, 0.0017219099802448861, 0.050916491404963723, 0.0026410911449161654, 0.08841223965180664, 0.07660626460785615, 0.0689399594593035, 0.12063492857142857, 0.7613168807041607, 0.06071871593215511, 0.7886178937636329, 0.1126760629156704, 0.40790388, 0.8642667812113604, 7
0.26294820717131473, 0.5256410256410257, 0.0, 0.0, 0.0, 0.24643586268515483, 0.00492973724658808, 0.09775967097614509, 0.008459835275521247, 0.1095997890850079, 0.06672158099899851, 0.16901408770189705, 0.08730158571428571, 0.520576152206218, 0.4622057200655976, 0.3678861813156852, 0.16901408770189705, 0.66081303, 0.06053072540974386, 3
0.22310756972111553, 0.12393162393162396, 0.0, 0.0, 0.0, 0.085539735474798, 0.001155515310751748, 0.03665983033296076, 0.0018500970309678563, 0.2644519956870624, 0.2429983670263726, 0.3187546455244281, 0.2269841357142857, 0.6234567974965705, 0.47955391760755145, 0.23780488094884, 0.3187546455244281, 0.3346618, 0.11122716679036543, 4
0.5537848605577689, 0.47435897435897434, 0.0, 0.0, 0.0, 0.03665987615780596, 0.0005908275949880189, 0.04073319898955117, 0.0027831953204244054, 0.017787077699475656, 0.0016474464279452518, 0.04077094039458161, 0.008730158571428571, 0.7551440345793323, 0.25402727149523485, 0.4776422838736864, 0.04077094039458161, 0.97376543, 0.06783517477692863, 3
0.38247011952191234, 0.5, 0.0, 0.0, 0.0, 0.026476574577424358, 0.0006745279761931508, 0.03869653757367856, 0.0018129969104442923, 0.04132880117525924, 0.05436573390143547, 0.04595997074899947, 0.02380952357142857, 0.9650205787494284, 0.16852540872938018, 0.4105691153727941, 0.05114899776761306, 0.5701058, 0.30574491844864404, 1
0.4342629482071713, 0.7222222222222223, 0.0, 0.0, 0.0, 0.08757638589270778, 0.0023849063144233654, 0.09368636647433796, 0.00412438673305211, 0.32749150220361106, 0.31630972721326417, 0.3758339393933733, 0.28650792857142854, 0.676954740454961, 0.46716235590073923, 0.2052845329912748, 0.3758339393933733, 0.28764573, 0.1293756016190898, 6
0.5537848605577689, 0.6324786324786326, 0.0, 0.0, 0.0, 0.010183294981603891, 0.00043567254128485956, 0.028513234160303155, 0.0016421920381141746, 0.11116924268423933, 0.09225700500612022, 0.09562638698571989, 0.14603175000000002, 0.6995884805669866, 0.0867410178212942, 0.8069105769135436, 0.13639733405191007, 0.39095718, 0.9091182988340154, 7
0.7609561752988048, 0.5512820512820513, 0.0, 0.49999999999999994, 0.0, 0.018329940278495545, 0.00016247748426680367, 0.05498981790269655, 0.0013817970702805944, 0.032958409052338114, 0.05024711597819509, 0.032616753649987, 0.016666667857142856, 1.0, 0.14126394509335152, 0.4207317124479477, 0.04521867964997272, 0.662037, 0.3710735276584234, 1
0.5537848605577689, 0.4786324786324787, 0.0, 0.0, 0.0, 0.010183303413375408, 8.37006204902564e-05, 0.024439920493526984, 0.0008231990249014395, 0.043682970980331665, 0.05436573390143547, 0.05114899776761306, 0.025396825714285712, 0.9465020551897577, 0.18339529950617992, 0.4044715476155067, 0.051890288199478954, 0.5456349, 0.27678715922417063, 1
0.7410358565737052, 0.5170940170940171, 0.0, 0.49999999999999994, 0.0, 0.10997962114144264, 0.0027178081546402983, 0.04073321365350163, 0.001019197061564057, 0.18859534245400836, 0.15074135460674337, 0.24981466605029898, 0.1595238142857143, 0.528806614940557, 0.4931846243326282, 0.3089430952310134, 0.24981466605029898, 0.45775157, 0.0771373410442957, 5
0.05179282868525896, 0.06410256410256412, 0.0, 0.0, 0.0, 0.02036652030944308, 9.847183745691173e-05, 0.04480648516142022, 0.001136789310907204, 0.7802772729844125, 0.7257001299365723, 0.8747220024112526, 0.731746, 0.18312755046867912, 0.8240396899342659, 0.10772359887467803, 0.8747220024112526, 0.25329855, 0.07305093197758539, 2
0.4581673306772908, 0.09401709401709404, 0.0, 0.0, 0.0, 0.03054989557617576, 0.0010392087819342283, 0.03258652619775239, 0.0014403041198733622, 0.8841224671432312, 0.8434925960173593, 0.9429207194742718, 0.8603174285714286, 0.24897125234339113, 0.6741016148431707, 0.28861789376363284, 0.9429207194742718, 0.19485293, 0.053394802798981345, 2
0.1752988047808765, 0.405982905982906, 0.0, 0.0, 0.9999999999999999, 0.9348268420240519, 0.017009717342319677, 1.0, 0.04215331434890518, 0.35181795883527517, 0.3097199480253711, 0.40770940394581606, 0.33253969285714285, 0.4362140249199808, 0.51177202265493, 0.36991869963315493, 0.40770940394581606, 0.35897508, 0.050867722199838095, 3
0.4860557768924303, 0.7264957264957266, 0.0, 0.0, 0.0, 0.04073319165757593, 0.0008665476816953765, 0.2321792401060218, 0.09772544089397961, 0.22783155530949745, 0.21828665800422853, 0.26093401585667886, 0.20158729285714286, 0.7263374427869229, 0.3630731148869328, 0.32723577838092416, 0.26093401585667886, 0.2664361, 0.12194794897921757, 6
0.8127490039840637, 0.7735042735042735, 0.0, 0.0, 0.0, 0.059063118738516066, 0.001595645335097946, 0.19755600336816279, 0.008053116826727134, 0.29165576390685416, 0.27512354798086036, 0.33654557719388006, 0.2595238285714286, 0.6502057782350247, 0.43990088668850225, 0.27642276556613127, 0.33654557719388006, 0.28055963, 0.10976516070074954, 6
0.22310756972111553, 0.9230769230769231, 0.0, 0.0, 0.0, 0.09979634338998053, 0.002737562338095364, 0.1262729161344111, 0.0037281154708360053, 0.1033220029381481, 0.08896210799866468, 0.09043735663130202, 0.13095238571428572, 0.7366255165752171, 0.09789343450984192, 0.7520325274638113, 0.12231282785535338, 0.3476919, 0.9100858320996743, 7
0.14741035856573706, 0.5683760683760685, 0.0, 0.0, 0.0, 0.018329934412915364, 0.00016247748426680367, 0.024439918660533175, 0.00070559904924955, 0.03609730565702626, 0.04200988309711793, 0.04521867964997272, 0.02063492, 0.9135802449931414, 0.18959108370531103, 0.4268292765466985, 0.04595997074899947, 0.5714286, 0.2518839385410642, 1
0.08366533864541834, 0.3162393162393162, 0.0, 0.0, 0.0, 0.06924646980973047, 0.001673722741868274, 0.04276985307344854, 0.0016500716294132788, 0.4522626501852957, 0.4135090740238132, 0.5359525712679573, 0.39999999999999997, 0.42386830304069534, 0.6790582729831457, 0.10772359887467803, 0.5359525712679573, 0.30969977, 0.09745302266507955, 4
0.16733067729083664, 0.5299145299145299, 0.0, 0.0, 0.0, 0.006109979481833913, 0.0001033948297875842, 0.050916491404963723, 0.0046353928862946535, 0.011770860325388497, 0.004942339580376115, 0.02520385400145401, 0.003968254285714286, 0.8271604955418381, 0.20446097448211076, 0.48780488460737664, 0.02520385400145401, 0.91798943, 0.10362347299757246, 5
0.13147410358565736, 0.29914529914529914, 0.0, 0.0, 0.0, 0.05295316381879918, 0.0004529680434982071, 0.08961305097456798, 0.0011368008209904333, 0.13732671321288778, 0.1449752829903189, 0.163083768249935, 0.10238095, 0.8888888890123456, 0.30111525059078814, 0.26829269229625236, 0.163083768249935, 0.41007325, 0.20653331543253312, 1
0.2788844621513944, 0.35042735042735046, 0.0, 0.0, 0.0, 0.0773930678153819, 0.004825090948952427, 0.09775966364416985, 0.009407988304022409, 0.06722469021860536, 0.03542009797841764, 0.10303929130437886, 0.05952381428571429, 0.61934157538866, 0.3320941994674855, 0.48373984248463225, 0.10303929130437886, 0.6989016, 0.035452156649121935, 3
0.6812749003984063, 0.2008547008547009, 0.0, 0.0, 0.0, 0.03054989557617576, 0.0005169705530142442, 0.03869654857164141, 0.0008721930833150358, 0.8733978522463639, 0.8451400259873144, 0.922905893825753, 0.8476190285714286, 0.3456790274348418, 0.6245353345586717, 0.27439024724866157, 0.922905893825753, 0.17584375, 0.06310685021321827, 2
0.7131474103585658, 0.5470085470085471, 0.0, 0.0, 0.0, 0.002036660059457187, 0.00018090324976583955, 0.0020366598028380535, 0.00036007452683331086, 0.0002615746840989348, 0.0, 0.0007412898314211279, 0.0, 0.8806584364631915, 0.13630731505746663, 0.5467479741676583, 0.0007412898314211279, 0.11111111, 0.09940052807603778, 5
0.9920318725099602, 0.6965811965811967, 0.0, 0.0, 0.9999999999999999, 0.059063166396355074, 0.0014128987656689548, 0.12627289047249776, 0.004485781649284518, 0.3790217270550669, 0.3492586379797476, 0.4514455340886172, 0.33015871428571425, 0.5185185411522628, 0.6022305011815763, 0.1402438919541938, 0.4514455340886172, 0.3181372, 0.10708580413955332, 6
0.9163346613545816, 0.9401709401709403, 0.0, 0.0, 0.0, 0.0529531454888611, 0.000984712724781455, 0.04276984574147331, 0.0009113985965109542, 0.08893538849737828, 0.06589785860051188, 0.07931801349653067, 0.12142857142857143, 0.676954740454961, 0.11028500848431252, 0.7906504120811026, 0.11341734534160604, 0.47822163, 0.9358286224420478, 7
0.20318725099601592, 0.7820512820512822, 0.0, 0.0, 0.0, 0.05295316381879918, 0.0017650816694752978, 0.2484724654452256, 0.011081872718902416, 0.3253989068213245, 0.29983524217598645, 0.38102296974779115, 0.2904762, 0.5699588360196619, 0.5030978960029113, 0.2520325457564944, 0.38102296974779115, 0.29404518, 0.09734278719799994, 6
0.13147410358565736, 0.0, 0.0, 0.0, 0.0, 0.008146561712374017, 0.00022882433661589098, 0.05702639500085399, 0.0014402951234864705, 0.4969918976692212, 0.4497528892112612, 0.5878428681405272, 0.4452380857142857, 0.34362143489940455, 0.7273853747921302, 0.10772359887467803, 0.5878428681405272, 0.3114367, 0.0883489665306409, 4
0.9880478087649402, 0.8290598290598291, 0.0, 0.9999999999999999, 0.0, 0.09979634338998053, 0.0012349204840908228, 0.03258656065803598, 0.0007201485353303369, 0.08579650248646487, 0.07084019299143168, 0.0689399594593035, 0.11825396428571427, 0.7386831331847278, 0.07311028433041737, 0.7906504120811026, 0.11045218227982072, 0.43238926, 0.8857964208820044, 7
0.6812749003984063, 0.5341880341880342, 0.0, 0.0, 0.0, 0.08961302897864229, 0.013392093163376733, 0.2871690360127927, 0.13132963426725658, 0.08605806984673421, 0.06095551679608306, 0.12824313396409834, 0.06507936428571427, 0.6625514445587561, 0.36926889574033894, 0.38008130951318675, 0.12824313396409834, 0.6152501, 0.08522826684694412, 5
0.32669322709163345, 0.2905982905982906, 0.0, 0.0, 0.0, 0.01629323890335793, 0.00045765279425337104, 0.02647654708251724, 0.0010310967941856459, 0.41982735819720507, 0.384678753009236, 0.4966641623672041, 0.37142857142857144, 0.462962987139917, 0.6356877512472193, 0.1402438919541938, 0.4966641623672041, 0.30741948, 0.09858797011874698, 4
0.2749003984063745, 0.7008547008547009, 0.0, 0.0, 0.0, 0.07942970723532881, 0.0014221362349650176, 0.06109976915642582, 0.0031058385647196292, 0.3492021934198675, 0.33360790499499254, 0.4069681215198805, 0.30238097142857145, 0.63580248233882, 0.5204461270021153, 0.15853657510410457, 0.4069681215198805, 0.30596185, 0.1270747919009178, 6
0.649402390438247, 0.15384615384615388, 0.0, 0.0, 0.0, 0.04276980908159715, 0.0005760586512300465, 0.05498976657886993, 0.0007938002613766744, 0.8911849836209649, 0.8624382334230788, 0.9458859158941, 0.8603174285714286, 0.33539097216506564, 0.6555142945877858, 0.2337398626065837, 0.9458859158941, 0.1794131, 0.06851444339050372, 2
0.38247011952191234, 0.7393162393162394, 0.0, 0.0, 0.0, 0.04276987140338662, 0.0009188744197900708, 0.04276987140338662, 0.0026606560637692555, 0.11012293793057955, 0.1029654035999555, 0.07857672439898647, 0.15079364285714286, 0.7880658484796523, 0.006195780853406108, 0.8516260164832441, 0.14084506196556662, 0.44266057, 0.8213022160958409, 7
0.14342629482071714, 0.2692307692307692, 0.0, 0.0, 0.0, 0.06517312131607196, 0.001221043542102603, 0.06720977539996932, 0.004792194088628707, 0.05833115278137083, 0.02800658897852892, 0.08895477843621365, 0.05476190357142857, 0.6337448527663467, 0.30359356293215056, 0.5162601684909777, 0.08895477843621365, 0.7230108, 0.021736030230781855, 3
0.5816733067729084, 0.33760683760683763, 0.0, 0.0, 0.0, 0.04073319165757593, 0.0005711346020567407, 0.05091649873693896, 0.005928994735262354, 0.1655767791238228, 0.16886326961397635, 0.2001482564851871, 0.12539682142857142, 0.8456790135459533, 0.3531598543690663, 0.22560977104402163, 0.2001482564851871, 0.4143562, 0.17973695928012373, 1
0.350597609561753, 0.7777777777777778, 0.0, 0.49999999999999994, 0.0, 0.09979634338998053, 0.002481739420998594, 0.11608960905504806, 0.0048228490123631935, 0.43604499359747567, 0.40856670997885736, 0.5107487286082377, 0.38253969285714284, 0.5144032820073162, 0.6294919480889799, 0.09959350731211597, 0.5107487286082377, 0.30023456, 0.11279825930099441, 6
0.3187250996015936, 0.2307692307692308, 0.0, 0.0, 0.0, 0.030549850117929326, 0.0006108043269025102, 0.032586571655998826, 0.0015445463131881026, 0.8679047752428287, 0.8327841974235239, 0.9236471095356033, 0.8420634642857143, 0.29629632510287984, 0.6542751272646878, 0.27439024724866157, 0.9236471095356033, 0.18855007, 0.058765644740964795, 2
0.398406374501992, 0.12393162393162396, 0.0, 0.0, 0.0, 0.04073331996714249, 0.0008074648211650776, 0.04276994838912655, 0.00196979123318837, 0.9680879486701952, 0.9670510299254444, 0.9836915864811593, 0.9523809999999999, 0.5144032820073162, 0.480793062625816, 0.3434959432133652, 0.9836915864811593, 0.115302496, 0.06853773437188371, 2
0.46215139442231074, 0.5299145299145299, 0.0, 0.0, 0.0, 0.010183298280992745, 0.0005180279672731331, 0.0142566178133491, 0.0006639444284820843, 0.00549306852851551, 0.0, 0.014825797295583414, 0.0007936507857142856, 0.8395061748285322, 0.18215614110501535, 0.5121951281975016, 0.014825797295583414, 1.0, 0.09413702162772802, 3
0.5258964143426295, 0.7222222222222223, 0.0, 0.0, 0.0, 0.09164973438636627, 0.007252401910845925, 0.31771890226106747, 0.18851259299128076, 0.21030605485781423, 0.2018121803804598, 0.23647147563772067, 0.1904761857142857, 0.7407407479423866, 0.3234200839678836, 0.378048791195717, 0.23943662535628893, 0.25607783, 0.07690470481289252, 6
0.6892430278884462, 0.3547008547008547, 0.0, 0.9999999999999999, 0.0, 0.08146640531107756, 0.0009153052162854371, 0.034623200077982884, 0.0023279892568787847, 0.3894847039664999, 0.40115320097896867, 0.4069681215198805, 0.3595238, 0.8251028807841793, 0.3296158648212897, 0.28455283883601024, 0.4069681215198805, 0.17457852, 0.1676004976208454, 4
0.7768924302788844, 0.5170940170940171, 0.0, 0.0, 0.0, 0.020366599494775584, 0.00033480224267590106, 0.028513234160303155, 0.0007839989095376563, 0.04289824983072914, 0.05518945778262391, 0.04744254894408785, 0.02619047642857143, 0.9588477326246, 0.16852540872938018, 0.4166666703252033, 0.051890288199478954, 0.5299824, 0.3051486565581375, 1
0.6055776892430279, 0.2777777777777778, 0.0, 0.0, 0.0, 0.34419550799938664, 0.007537827588314623, 0.10794296705754527, 0.0093077704062441, 0.21396809677681577, 0.20098845798197315, 0.24981466605029898, 0.18809524285714285, 0.7057613322473704, 0.37298638655721594, 0.3313008150158636, 0.24981466605029898, 0.30020806, 0.11337435087332703, 4
0.545816733067729, 0.4401709401709402, 0.0, 0.0, 0.0, 0.022403257244660572, 0.00020186608897211167, 0.01629328032901799, 0.0005487991963735302, 0.04577557060012816, 0.05601317721570694, 0.05485544659113827, 0.02619047642857143, 0.9423868312299954, 0.1920693993923985, 0.3943089377354749, 0.05559674236029102, 0.5591711, 0.2641564253680262, 1
0.6533864541832669, 0.3547008547008547, 0.0, 0.0, 0.0, 0.08757641155462106, 0.0020925189021290076, 0.06313644523624888, 0.0032242069376519312, 0.473450199618497, 0.4522240489932121, 0.5352112488123703, 0.4277777857142857, 0.5473251329446722, 0.5749690542741726, 0.15650405678663482, 0.5352112488123703, 0.25459513, 0.1099898083261665, 4
0.250996015936255, 0.15384615384615388, 0.0, 0.0, 0.0, 0.034623293927265854, 0.0003200326874114994, 0.02647668639004664, 0.0011074026131248586, 0.7690295445545561, 0.7199341250417287, 0.859896220460369, 0.7190476, 0.2283951047668027, 0.802974001575435, 0.09756098899464621, 0.859896220460369, 0.246491, 0.07801298710228616, 2
0.6852589641434262, 0.6196581196581197, 0.0, 0.49999999999999994, 0.0, 0.06924643681584194, 0.004884174168410412, 0.04276985307344854, 0.0012641987880662373, 0.0591158760497283, 0.0527182853977077, 0.07857672439898647, 0.044444445, 0.8127572052011888, 0.24783147948941203, 0.43089430952310137, 0.07857672439898647, 0.47297516, 0.13400758870147744, 4
0.13545816733067728, 0.2692307692307692, 0.0, 0.0, 0.9999999999999999, 0.28513237826290766, 0.25551322897116463, 0.2871690360127927, 0.5337563222966473, 0.09547475612954039, 0.06260296900656533, 0.12972572550240383, 0.09047619285714285, 0.6008230573845448, 0.3320941994674855, 0.502032525634543, 0.12972572550240383, 0.6374209, 0.02116882096693179, 3
0.6892430278884462, 0.717948717948718, 0.0, 0.0, 0.0, 0.12016295754870658, 0.004188995314345279, 0.15274951454075494, 0.0073740605477406905, 0.4172116210318633, 0.3879736277761645, 0.4951815975153328, 0.3619047714285714, 0.5082304858824864, 0.6406443647775276, 0.08739839740729749, 0.4951815975153328, 0.31734532, 0.11281162836078412, 6
0.7529880478087649, 0.7393162393162394, 0.0, 0.0, 0.9999999999999999, 0.09979632139405484, 0.002984628748996365, 0.2219959073647455, 0.007451017228811569, 0.3536489727322595, 0.3385502542129304, 0.40177907782224553, 0.31666665714285713, 0.6378600933927752, 0.47335813675414534, 0.2337398626065837, 0.40177907782224553, 0.26619545, 0.11136222530024703, 6
0.14741035856573706, 0.11965811965811968, 0.0, 0.49999999999999994, 0.0, 0.0651731103181091, 0.0022254494991004606, 0.06109979115235152, 0.004703994040739886, 0.15877583706887485, 0.1540362516141989, 0.19866568496170728, 0.12063492857142857, 0.7880658484796523, 0.37794302239235755, 0.24186989929109637, 0.19866568496170728, 0.4320471, 0.1582637140608712, 1
0.5099601593625498, 0.33333333333333337, 0.0, 0.0, 0.9999999999999999, 1.0, 1.0, 0.9266802476843881, 1.0, 0.31284331334005544, 0.285008224176209, 0.3513713925028066, 0.29841271428571425, 0.5576131882144485, 0.41387856249452976, 0.4105691153727941, 0.3513713925028066, 0.34888473, 0.05820321404964529, 3
0.27091633466135456, 0.19658119658119663, 0.0, 0.0, 0.0, 0.046843157575255666, 0.0012653544943981093, 0.07535639173555883, 0.003929794619981003, 0.16845409777446688, 0.16803953238847172, 0.20607858260875772, 0.12857142857142856, 0.816872429160951, 0.36926889574033894, 0.2276422893614914, 0.20607858260875772, 0.41530126, 0.17145658678711195, 1
0.7211155378486056, 0.7393162393162394, 0.0, 0.49999999999999994, 0.0, 0.13441952147203776, 0.0027171634141658864, 0.06517307365823295, 0.0032843853571694432, 0.34213967694213376, 0.32454696602514854, 0.39955523054443864, 0.29761905714285714, 0.6234567974965705, 0.5167286250328216, 0.17682925825401535, 0.39955523054443864, 0.30452195, 0.12153146537717185, 6
0.8247011952191234, 0.08974358974358976, 0.0, 0.0, 0.0, 0.06313645990019935, 0.002301100155899576, 0.01629328032901799, 0.0013278888149071896, 0.10201413082421898, 0.07990115420180267, 0.140103779539631, 0.08253967857142856, 0.6790123515089161, 0.3531598543690663, 0.3902439011005354, 0.140103779539631, 0.479958, 0.08700042418038678, 5
0.6812749003984063, 0.7264957264957266, 0.0, 0.0, 0.0, 0.10590632397161075, 0.0022361867543825666, 0.1486761550491336, 0.008130038316049288, 0.3978550854956463, 0.3739703321748737, 0.46701259846543663, 0.34682540714285715, 0.5555555771604932, 0.5910780844930286, 0.121951208804283, 0.46701259846543663, 0.30547154, 0.11705910450389762, 6
0.36254980079681276, 0.3247863247863248, 0.0, 0.0, 0.0, 0.07331973031968622, 0.0016815239686724724, 0.04480648516142022, 0.0025359022671007842, 0.41616532334072, 0.3780889589943249, 0.4966641623672041, 0.3666666571428571, 0.44238682104481053, 0.6530359710940066, 0.13211380039163173, 0.4966641623672041, 0.31787068, 0.0967811407762178, 4
0.4262948207171315, 0.5, 0.0, 0.0, 0.0, 0.03462322427350115, 0.000792693856777165, 0.036659879823793574, 0.0017639972160589075, 0.046821868291271454, 0.06260296900656533, 0.0481838400431146, 0.030158730714285716, 0.9835390967535436, 0.15365551906782213, 0.4166666703252033, 0.0563380314578352, 0.5010141, 0.34203504156418796, 1
0.5816733067729084, 0.7692307692307693, 0.0, 0.0, 0.0, 0.24236256918131055, 0.004792399416431438, 0.2586558091844648, 0.014313583394964045, 0.3654198288201381, 0.34514004081433247, 0.42031133861889297, 0.3261904857142857, 0.594650224222679, 0.5105328776366655, 0.2154471794566729, 0.42031133861889297, 0.27526647, 0.10199427158586538, 6
0.545816733067729, 0.4401709401709402, 0.0, 0.0, 0.0, 0.022403257244660572, 0.00020186608897211167, 0.01629328032901799, 0.0005487991963735302, 0.04577557060012816, 0.05601317721570694, 0.05485544659113827, 0.02619047642857143, 0.9423868312299954, 0.1920693993923985, 0.3943089377354749, 0.05559674236029102, 0.5591711, 0.2641564253680262, 1
0.22709163346613545, 0.05128205128205129, 0.0, 0.0, 0.0, 0.0285133148120307, 0.000667137774764794, 0.014256633577095848, 0.0008671739461481297, 0.7925712779178626, 0.7248764520191396, 0.8762046339792094, 0.768254, 0.08024696073388071, 0.7732342088694188, 0.29268293039857235, 0.8762046339792094, 0.25541002, 0.04422826044511596, 2
0.749003984063745, 0.5512820512820513, 0.0, 0.0, 0.0, 0.0, 0.0, 0.0, 4.205697887921298e-11, 0.0, 0.0, 0.0, 0.0, 0.8827160495541838, 0.1338290002625725, 0.5487804944973231, 0.0, 0.0, 0.48139363383611633, 5
0.1713147410358566, 0.4700854700854701, 0.0, 0.0, 0.0, 0.03869653757367856, 0.0013244384715923225, 0.036659879823793574, 0.0022343966688471214, 0.010462986798956075, 0.0016474464279452518, 0.02446256490390982, 0.003968254285714286, 0.8127572052011888, 0.20693928459298988, 0.49796748717033523, 0.02446256490390982, 0.96190476, 0.08711392439740145, 3
0.07569721115537849, 0.24358974358974364, 0.0, 0.0, 0.0, 0.42158853915489236, 0.011655842958555311, 0.29124236984250074, 0.018301557606917897, 0.13131048736378081, 0.10131795880298222, 0.15937732276221406, 0.13015872142857143, 0.6090535016003658, 0.3110285111086546, 0.528455289371406, 0.15937732276221406, 0.47688422, 0.009170190119155874, 3
0.7649402390438247, 0.6025641025641026, 0.0, 0.0, 0.0, 0.06313643423828605, 0.0033923339107992385, 0.07331975231561191, 0.004939190023049448, 0.19879675906768848, 0.15980230099009635, 0.2638991922616813, 0.16666667142857142, 0.5164608930612715, 0.5154894577097237, 0.28455283883601024, 0.2638991922616813, 0.45353317, 0.08176768663230266, 4
0.796812749003984, 0.33760683760683763, 0.0, 0.0, 0.0, 0.030549943234014765, 0.0002806431654465474, 0.0285133148120307, 0.0007839999679361141, 0.63798067398866, 0.5551894229391316, 0.7702001128969599, 0.5761904999999999, 0.024691406721535025, 0.9739777538729444, 0.018292683149910727, 0.7702001128969599, 0.35122013, 0.07233285114131915, 2
0.7928286852589641, 0.6495726495726496, 0.0, 0.49999999999999994, 0.0, 0.08350305939497495, 0.005282984570390013, 0.0651731066521215, 0.0024303967164668087, 0.12241695698906277, 0.09555189460006677, 0.1097108998538851, 0.16190475714285713, 0.63580248233882, 0.10408922205469805, 0.8414634248958954, 0.15122312267440233, 0.43081954, 0.9321109842073831, 7
0.5657370517928286, 0.3247863247863248, 0.0, 0.0, 0.0, 0.09775966364416985, 0.0029124862779951297, 0.012219952364890119, 4.205697887921298e-11, 0.12712529659920763, 0.10378912599844212, 0.17197925076368234, 0.1015873, 0.660493833504801, 0.39405206376363017, 0.34146342489589543, 0.17197925076368234, 0.45909294, 0.09600133975123587, 5
0.06374501992031872, 0.34615384615384615, 0.0, 0.0, 0.0, 0.06313645623421174, 0.004219491405848761, 0.03869654123966618, 0.002518600997949461, 0.14151190397746097, 0.11696869920124629, 0.19125277397143978, 0.11190476428571429, 0.6460905376085961, 0.42255268914654837, 0.3089430952310134, 0.19125277397143978, 0.45777184, 0.10125003627246615, 5
0.12749003984063745, 0.36752136752136755, 0.0, 0.0, 0.0, 0.057026479318569155, 0.0016737211466341102, 0.08961302897864229, 0.0029866655443597317, 0.10933822172473855, 0.08319604379574923, 0.15863603366466986, 0.08174603571428571, 0.6460905376085961, 0.41140027245800065, 0.32723577838092416, 0.15863603366466986, 0.54147977, 0.09609787785964968, 5
0.1553784860557769, 0.3076923076923077, 0.0, 0.49999999999999994, 0.0, 0.04073319165757593, 0.0006892990868108618, 0.09164971605642822, 0.0017345965738768798, 0.14909756223824988, 0.1540362516141989, 0.18087471326260404, 0.11031746428571428, 0.8641975315500686, 0.33457250065643124, 0.23780488094884, 0.18087471326260404, 0.42873532, 0.18885060903727646, 1
0.8804780876494024, 0.17521367521367523, 0.0, 0.0, 0.0, 0.04277004370480456, 0.0002215601320992141, 0.03665987615780596, 0.002234393334891979, 0.9487313566338463, 0.945634292045846, 0.9710897185241681, 0.9277777857142857, 0.5061728377914952, 0.5092937103135676, 0.30487805859607386, 0.9710897185241681, 0.12431249, 0.07438419019127218, 2
0.4860557768924303, 0.594017094017094, 0.0, 0.0, 0.0, 0.0, 0.0, 0.0, 4.205697887921298e-11, 0.0, 0.0, 0.0, 0.0, 0.8827160495541838, 0.1338290002625725, 0.5487804944973231, 0.0, 0.0, 0.48139363383611633, 5
0.30677290836653387, 0.3717948717948718, 0.0, 0.0, 0.0, 0.05702646465461869, 0.011028780337398937, 0.0936863518103875, 0.023363169626936305, 0.03243526161926976, 0.010708401559238868, 0.06300964000734144, 0.02063492, 0.7078189247828076, 0.29615861475564653, 0.4552845604302995, 0.06300964000734144, 0.87633204, 0.06544993753110745, 3
0.9163346613545816, 0.47435897435897434, 0.0, 0.0, 0.0, 0.1262729161344111, 0.01989119412928304, 0.06720977539996932, 0.017022580443241415, 0.02118754943320127, 0.010708401559238868, 0.039288362199493235, 0.011904761428571428, 0.7962963019547323, 0.2304832819474582, 0.47560976189768006, 0.039288362199493235, 0.895369, 0.09492439176568784, 3
0.7808764940239044, 0.6111111111111112, 0.0, 0.0, 0.0, 0.03462319641199527, 0.0006522560080706087, 0.07535642106345976, 0.004511719820291512, 0.11953963127590221, 0.09967051400600895, 0.10378057373031449, 0.15555556428571427, 0.6893004067786924, 0.08798017733770044, 0.8150406501834226, 0.14529281656565737, 0.38463837, 0.9124830157768219, 7
0.701195219123506, 0.49572649572649574, 0.0, 0.0, 0.0, 0.016293274096839044, 0.00033480232243760926, 0.04073319165757593, 0.0007839982744985816, 0.04525241963580156, 0.059308071999109785, 0.04966642090684639, 0.02698412642857143, 0.9711934119112942, 0.16852540872938018, 0.4044715476155067, 0.05485544659113827, 0.5418871, 0.31491590013286797, 1
0.8884462151394422, 0.7564102564102565, 0.0, 0.0, 0.0, 0.10590629830969743, 0.002839663439623165, 0.10997965413533119, 0.004894893401591489, 0.3353387348871858, 0.31466226017576393, 0.391401043799844, 0.2952381142857143, 0.6028806684385, 0.5080545541428864, 0.2113821062363671, 0.391401043799844, 0.2956214, 0.1118855884253051, 6
0.6733067729083665, 0.0982905982905983, 0.0, 0.0, 0.0, 0.04073318065961309, 0.0004529710478558817, 0.06720981939182072, 0.0038513977232085793, 0.7277007928169122, 0.6639209500500746, 0.8354336335401509, 0.6738095428571429, 0.1337449036922712, 0.8760843383222108, 0.07113823257485646, 0.8354336335401509, 0.2846535, 0.07423986635755259, 2
0.4860557768924303, 0.23504273504273507, 0.0, 0.0, 0.0, 0.034623200077982884, 0.0007632326069691581, 0.02647664019860268, 0.001519157001161398, 0.7583050073453702, 0.6985172759594952, 0.8428465645452441, 0.7253968571428571, 0.1522634216963864, 0.7682776064915274, 0.2296747893862779, 0.8428465645452441, 0.25415963, 0.055843146384328635, 2
0.6414342629482072, 0.6239316239316239, 0.0, 0.0, 0.0, 0.0794297328972421, 0.001276617778145627, 0.08146639431311471, 0.003851281299378213, 0.18441014462691868, 0.18698516238068236, 0.19718309342340182, 0.16825396428571426, 0.8333333342592593, 0.24907063566009324, 0.4085365933967877, 0.19718309342340182, 0.20284556, 0.15262890158363895, 4
0.15139442231075698, 0.27350427350427353, 0.0, 0.49999999999999994, 0.0, 0.06720977539996932, 0.0024076217842305945, 0.0875763748947449, 0.002048197655546915, 0.05440753643958345, 0.023887974020692142, 0.08747220024112527, 0.048412697857142854, 0.6337448527663467, 0.3147459684682816, 0.49796748717033523, 0.08747220024112527, 0.7620489, 0.03135190431313406, 3
0.38247011952191234, 0.27350427350427353, 0.0, 0.0, 0.9999999999999999, 0.04480650715734591, 0.0024617810475706004, 0.16293279229221705, 0.01736556610589688, 0.17787077699475656, 0.17874793098230699, 0.21571536089165783, 0.13650792857142857, 0.8230452678783722, 0.37298638655721594, 0.2154471794566729, 0.21571536089165783, 0.4076231, 0.17547226568483898, 1
0.549800796812749, 0.4102564102564103, 0.0, 0.0, 0.0, 0.03258654819367809, 0.0011092774485229235, 0.010183307079363024, 0.0010310964766661085, 0.2076903035674395, 0.1836902876137538, 0.2475907987576664, 0.18809524285714285, 0.6255144085505258, 0.3915737291174343, 0.38008130951318675, 0.2475907987576664, 0.33195418, 0.07536799249012677, 5
0.16733067729083664, 0.594017094017094, 0.0, 0.0, 0.0, 0.07128309456572691, 0.0022697632430557528, 0.044806514489321145, 0.002195197558961873, 0.010724562634245195, 0.007413508999888723, 0.019273535216652815, 0.0047619049999999994, 0.8539094651691815, 0.17967782318744455, 0.502032525634543, 0.019273535216652815, 0.64867723, 0.12879354595050718, 5
0.22709163346613545, 0.4786324786324787, 0.0, 0.0, 0.0, 0.0794297328972421, 0.0014763305934566207, 0.03869654857164141, 0.0023938858592846635, 0.131048912940995, 0.08237232139726258, 0.20459599107045223, 0.09920635, 0.46913580178326475, 0.539033458409917, 0.29268293039857235, 0.20459599107045223, 0.6384555, 0.07248713337428186, 3
0.23107569721115537, 0.36752136752136755, 0.0, 0.0, 0.0, 0.028513239659284578, 0.001102878033739894, 0.036659873958213386, 0.0009407987888736376, 0.014386608084504987, 0.0008237232139726259, 0.037064490236734686, 0.003174603214285714, 0.7757201691929583, 0.2515489480014557, 0.46138212087051367, 0.037064490236734686, 0.9861111, 0.08930573888869259, 3
0.42231075697211157, 0.49572649572649574, 0.0, 0.0, 0.0, 0.02036660096117063, 0.0007483818409922165, 0.03258655699204836, 0.0023127972700141483, 0.04708344200780563, 0.06260296900656533, 0.05040770733574716, 0.02857142857142857, 0.9814814819958848, 0.16356877847044693, 0.402439029298037, 0.0563380314578352, 0.53055555, 0.3274753931328884, 1
0.13147410358565736, 0.4914529914529915, 0.0, 0.0, 0.0, 0.016293277396227896, 0.00015755395886204822, 0.024439913894749275, 0.00129359823955, 0.040020925530071874, 0.05518945778262391, 0.04373609878624093, 0.02142857142857143, 0.9814814819958848, 0.16356877847044693, 0.402439029298037, 0.04966642090684639, 0.5974427, 0.32862550799463386, 1
0.549800796812749, 0.7435897435897436, 0.0, 0.0, 0.0, 0.075356428395435, 0.001493958462707932, 0.06720977539996932, 0.0028306536426756334, 0.42688987467493883, 0.39785832621204015, 0.49888807636109656, 0.3777777857142857, 0.5061728377914952, 0.613382917870124, 0.13414635529446778, 0.49888807636109656, 0.29269224, 0.1060001744726139, 6
0.8286852589641435, 0.7606837606837608, 0.0, 0.0, 0.9999999999999999, 0.11201627889132762, 0.0030625591283512913, 0.20977594986747272, 0.01606513123648518, 0.3405702233429023, 0.32537068101012623, 0.391401043799844, 0.30079364285714283, 0.6419753155006857, 0.48327139727201185, 0.21341462455383686, 0.391401043799844, 0.27976418, 0.12301875048025107, 6
0.2828685258964143, 0.07692307692307693, 0.0, 0.0, 0.0, 0.04073313300177408, 0.0019891182165026815, 0.04887983732106635, 0.0018815888039030186, 0.9599790497511204, 0.9629324550005564, 0.9710897185241681, 0.9452381428571428, 0.5473251329446722, 0.4560099392121915, 0.3516260164832441, 0.9710897185241681, 0.10761623, 0.07010590867028033, 2
0.6254980079681275, 0.2692307692307692, 0.0, 0.0, 0.0, 0.03054988457821291, 0.0008750934175772951, 0.1201629355527809, 0.008110875218170728, 0.24614177902953818, 0.2364085730114615, 0.280207559079262, 0.2190476142857143, 0.7181069985711019, 0.37298638655721594, 0.3191057051110452, 0.280207559079262, 0.2703099, 0.1199914518268182, 4
0.9043824701195219, 0.029914529914529912, 0.0, 0.0, 0.0, 0.03869650457979002, 0.0006522582546920556, 0.03054989557617576, 0.0019918352916692495, 0.8828145597167196, 0.8451400259873144, 0.937731675776637, 0.8603174285714286, 0.2716049554183809, 0.6542751272646878, 0.2987804853509815, 0.937731675776637, 0.18889166, 0.053144894398927556, 2
0.6733067729083665, 0.6025641025641026, 0.0, 0.0, 0.0, 0.004073319532356355, 0.00022882651676924774, 0.0020366598028380535, 0.00036007452683331086, 0.0005231493752603861, 0.0, 0.0014825796628422558, 0.0, 0.8786008233721994, 0.1387856299638849, 0.5447154538379934, 0.0014825796628422558, 0.22222222, 0.09940052807603778, 5
0.22709163346613545, 0.35042735042735046, 0.0, 0.0, 0.0, 0.07942974389520495, 0.0021712897040157336, 0.07128309456572691, 0.0018129988420214778, 0.03138896392812646, 0.009060955279563795, 0.06004447694555613, 0.022222222857142857, 0.7037037026748971, 0.28624536539019674, 0.47560976189768006, 0.06004447694555613, 0.8749174, 0.05573509957642331, 3
0.6215139442231076, 0.888888888888889, 0.0, 0.0, 0.0, 0.03869653390769095, 0.0008600038982205508, 0.044806514489321145, 0.0016421920381141746, 0.08553492100116256, 0.0757825347958605, 0.054114164165202636, 0.12857142857142856, 0.7777777839506171, 0.0, 0.8719512179506246, 0.12008895389111227, 0.5491797, 0.8237630167996552, 7
0.10358565737051793, 0.39743589743589747, 0.0, 0.0, 0.0, 0.022403257244660572, 0.0005563624811240595, 0.04684317590519375, 0.0015777977529393564, 0.015432906481899933, 0.0024711697160529674, 0.032616753649987, 0.009523809999999999, 0.779835398708276, 0.2242874899416354, 0.502032525634543, 0.032616753649987, 0.9517196, 0.066629861930807, 3
0.46613545816733065, 0.48290598290598297, 0.0, 0.0, 0.0, 0.024439918660533175, 0.0005317443755300332, 0.06720978273194456, 0.005615392330594248, 0.1451739458964625, 0.1194398589831972, 0.19125277397143978, 0.12063492857142857, 0.63580248233882, 0.4052044804521779, 0.34756097984830464, 0.19125277397143978, 0.437078, 0.08765299115203518, 4
0.47410358565737054, 0.3247863247863248, 0.0, 0.49999999999999994, 0.0, 0.14663950463122383, 0.012702788493246298, 0.2138492836971808, 0.031369739635027066, 0.07402563933606977, 0.04283360697830636, 0.11415862776754167, 0.06111110714285714, 0.6213991864426152, 0.3556381890152621, 0.44308943772060294, 0.11415862776754167, 0.6866853, 0.051542248718535466, 3
1.0, 0.0982905982905983, 0.0, 0.0, 0.0, 0.034623154253137695, 0.00026095388143469934, 0.03665987615780596, 0.0005879814512633369, 0.9555323481264096, 0.9530478010457348, 0.9747961306538463, 0.9373016428571428, 0.5082304858824864, 0.49566294782640735, 0.3252032600634544, 0.9747961306538463, 0.12003023, 0.07153875087639838, 2
0.29880478087649404, 0.21794871794871798, 0.0, 0.0, 0.0, 0.08146639431311471, 0.007306567820994946, 0.1059062909777222, 0.011485580553283125, 0.1668846512377519, 0.16144976061408764, 0.20830243655817318, 0.12777778571428572, 0.779835398708276, 0.387856282910224, 0.2337398626065837, 0.20830243655817318, 0.42481935, 0.16098996264487714, 1
0.06772908366533864, 0.12820512820512822, 0.0, 0.0, 0.0, 0.06924644781380478, 0.0023559131993742535, 0.05702651597844531, 0.003236670373292181, 0.4569709827329241, 0.40691928000890215, 0.5507783799052751, 0.4047619142857143, 0.3374485647005028, 0.7311028879138406, 0.10772359887467803, 0.5507783799052751, 0.3351151, 0.08733439533156079, 4
0.6892430278884462, 0.7478632478632479, 0.0, 0.0, 0.0, 0.10590629830969743, 0.0038289994853508715, 0.13238287105412797, 0.005914436464474367, 0.35600313547481544, 0.3369027871754301, 0.4136397300693867, 0.31269842857142854, 0.6069958905464105, 0.5216852943252133, 0.18495933152389427, 0.4136397300693867, 0.29399088, 0.11751600534536227, 6
0.7848605577689243, 0.576923076923077, 0.0, 0.49999999999999994, 0.0, 0.06109979115235152, 0.001121016165225634, 0.04073319165757593, 0.002596534501417069, 0.012555585006249266, 0.00823723288107716, 0.02149740584508965, 0.007142857142857143, 0.8456790135459533, 0.18215614110501535, 0.5060975677572874, 0.02149740584508965, 0.61296296, 0.10838221992380581, 5
0.3745019920318725, 0.5042735042735043, 0.0, 0.0, 0.0, 0.020366595828787967, 0.00021663678748766384, 0.04887983732106635, 0.0018815975356902962, 0.03766675572499945, 0.05107084060073443, 0.04077094039458161, 0.02142857142857143, 0.9691357971536353, 0.1598513054974366, 0.4207317124479477, 0.0481838400431146, 0.5928131, 0.3262208172165183, 1
0.7250996015936255, 0.4188034188034188, 0.0, 0.0, 0.0, 0.024439918660533175, 0.0004135791596269205, 0.03869653390769095, 0.0013425979868553076, 0.04028250348411594, 0.05107084060073443, 0.04670125984654366, 0.02301587357142857, 0.9485596699474166, 0.17719950861559877, 0.4126016263731906, 0.0489251304749805, 0.56613755, 0.2871381674455223, 1
0.6294820717131474, 0.4188034188034188, 0.0, 0.0, 0.0, 0.01629328032901799, 9.847120601005535e-05, 0.02240325944425314, 0.00040179958401814775, 0.04185194790207594, 0.056836901096895376, 0.04595997074899947, 0.02301587357142857, 0.9794238672382259, 0.16604709192705105, 0.40040651098056723, 0.05114899776761306, 0.5813492, 0.3222295856417684, 1
0.1593625498007968, 0.5384615384615385, 0.0, 0.0, 0.0, 0.002036660059457187, 2.4617818451876827e-05, 0.004073320265553878, 7.839994732701964e-05, 0.009155113272523654, 0.0, 0.025945143766159053, 0.0, 0.8106995922953817, 0.2205700180838667, 0.4776422838736864, 0.025945143766159053, 1.0, 0.09940052807603778, 5
0.450199203187251, 0.7692307692307693, 0.0, 0.0, 0.0, 0.11608958339313477, 0.0032772959919502354, 0.1649694427101268, 0.006617926401059943, 0.40831809065714525, 0.3789126739793025, 0.48406229441021276, 0.3555555714285714, 0.5102880969364418, 0.6270136245952007, 0.10772359887467803, 0.48406229441021276, 0.3140923, 0.11045165188959988, 6
0.10358565737051793, 0.42307692307692313, 0.0, 0.0, 0.0, 0.00814663906471271, 0.00045765303353849547, 0.004073320265553878, 0.0007201490909895272, 0.0010462987505207722, 0.0, 0.0029651593924005975, 0.0, 0.8744855970050297, 0.1437422596651973, 0.5406504129957368, 0.0029651593924005975, 0.22222222, 0.09940052807603778, 3
0.5298804780876494, 0.3888888888888889, 0.0, 0.0, 0.0, 0.0875763748947449, 0.002447010641514645, 0.09775965631219463, 0.009407988304022409, 0.15380592303594418, 0.15485997401268556, 0.18902891335041577, 0.11507935714285714, 0.8333333342592593, 0.3531598543690663, 0.23780488094884, 0.18902891335041577, 0.43039906, 0.1768503731727728, 1
0.8764940239043825, 0.6025641025641026, 0.0, 0.49999999999999994, 0.9999999999999999, 0.15478614662872664, 0.0036434310796228434, 0.04684317590519375, 0.0015777972237401275, 0.04577557060012816, 0.0321252069017693, 0.07190511584948023, 0.030952382142857143, 0.7633744843507088, 0.2775712610430115, 0.43089430952310137, 0.07190511584948023, 0.6248002, 0.10056974628460968, 5
0.8366533864541833, 0.8247863247863249, 0.0, 0.0, 0.0, 0.03462322427350115, 0.0015016872392938719, 0.07942974389520495, 0.002910597124194619, 0.11352341248931175, 0.10049422899098658, 0.09710896518080826, 0.14365078571428572, 0.7427983627000455, 0.08302354930925053, 0.7703252106137222, 0.13417345341606038, 0.3273603, 0.892199124430545, 7
0.04780876494023904, 0.25641025641025644, 0.0, 0.0, 0.0, 0.05091648773897611, 0.0009699419332105765, 0.09572300589428488, 0.008280982341317494, 0.13471096192251303, 0.14250410838135003, 0.16085988761408535, 0.09920635, 0.8909465021033379, 0.30235440676146935, 0.2642276556613129, 0.16085988761408535, 0.42150384, 0.2033878291836872, 1
0.03585657370517928, 0.7820512820512822, 0.0, 0.0, 0.0, 0.044806496159383064, 0.001391896843225677, 0.03665986515984311, 0.0022312984719613247, 0.10829191697107877, 0.10461284839692875, 0.07635285710635391, 0.14603175000000002, 0.814814816255144, 0.003717468512043659, 0.829268296698394, 0.13639733405191007, 0.4405804, 0.807716697913728, 7
0.4541832669322709, 0.7264957264957266, 0.0, 0.0, 0.0, 0.02851324405846972, 0.0005120501861731325, 0.07331973765166146, 0.0038807928881785876, 0.12791001280504863, 0.10378912599844212, 0.11564121930584716, 0.16428571428571428, 0.6543210003429352, 0.1078066950277084, 0.8170731867935754, 0.15344699663864345, 0.39236423, 0.9342998440087888, 7
0.08764940239043825, 0.17948717948717952, 0.0, 0.0, 0.0, 0.08146636865120141, 0.004884171908495348, 0.06517309565415864, 0.002077597054110755, 0.1655767791238228, 0.160626023388583, 0.20756114746062898, 0.12539682142857142, 0.7839506171124828, 0.39033458409916977, 0.22560977104402163, 0.20756114746062898, 0.43507022, 0.15835425159538208, 1
0.3466135458167331, 0.8461538461538463, 0.0, 0.9999999999999999, 0.0, 0.05091649873693896, 0.001169592108993417, 0.08961302897864229, 0.0038512828869759004, 0.07637980914114219, 0.06589785860051188, 0.05114899776761306, 0.11349206428571429, 0.7757201691929583, 0.028500614230501528, 0.8272357783809242, 0.10600444769455561, 0.52432793, 0.8353785228589674, 7
0.5896414342629482, 0.21794871794871798, 0.0, 0.0, 0.0, 0.05498979957275847, 0.0015213809367869053, 0.05091648773897611, 0.00122499933420149, 0.1700235443111818, 0.16803953238847172, 0.21275019115826396, 0.12619048571428573, 0.804526749874257, 0.3952912199343114, 0.19715449630676213, 0.21275019115826396, 0.4463545, 0.16679313772909354, 1
0.6135458167330677, 0.05982905982905983, 0.0, 0.0, 0.0, 0.03869659989546803, 0.00032002678504509447, 0.05295318581472487, 0.0006663945150722051, 0.9712268134935591, 0.9827018370452897, 0.9777613270736745, 0.9531745714285713, 0.6069958905464105, 0.43618339587162513, 0.3252032600634544, 0.9777613270736745, 0.09847229, 0.08985782816541349, 2
0.9800796812749004, 0.15811965811965814, 0.0, 0.0, 0.0, 0.016293216174234713, 0.0003618075763147395, 0.028513267154191696, 0.000910921179426571, 0.8558724012322961, 0.809719910957826, 0.9266123059554313, 0.8246031428571429, 0.21810699394147237, 0.7261462297738656, 0.2337398626065837, 0.9266123059554313, 0.21353829, 0.059656301353125774, 2
0.3466135458167331, 0.2478632478632479, 0.0, 0.49999999999999994, 0.9999999999999999, 0.05295316381879918, 0.0010437949472180885, 0.1649694427101268, 0.015023381386358522, 0.15772953937773154, 0.16144976061408764, 0.19051148487389558, 0.11904762857142857, 0.8518518541152262, 0.34200743768051856, 0.23780488094884, 0.19051148487389558, 0.41629943, 0.1828489590436026, 1
0.3904382470119522, 0.6111111111111112, 0.0, 0.0, 0.0, 0.07535641373148451, 0.0035104980898001447, 0.0916496903945149, 0.013729781654187737, 0.14831284603240888, 0.124382215614644, 0.19495921945916073, 0.12142857142857143, 0.6481481486625514, 0.40892193781180486, 0.32926829669839386, 0.19495921945916073, 0.4313206, 0.0966702669502123, 4
0.3107569721115538, 0.1495726495726496, 0.0, 0.0, 0.0, 0.03869645692195101, 0.0013244426324947657, 0.03665983033296076, 0.0009407997943521724, 0.7619670280768224, 0.7026359250194735, 0.8613787853122402, 0.7126984285714286, 0.1543210327503417, 0.8438662109699989, 0.10365852565437222, 0.8613787853122402, 0.26589924, 0.07156069218462091, 2
0.21912350597609562, 0.5427350427350428, 0.0, 0.0, 0.0, 0.03462321474193335, 0.0006154449561394355, 0.010183298280992745, 0.00016659973855421436, 0.0392362008492111, 0.027182866580042285, 0.06300964000734144, 0.025396825714285712, 0.7777777839506171, 0.2639405320131013, 0.4390243955978585, 0.06300964000734144, 0.6392537, 0.10343623320520984, 5
0.2151394422310757, 0.5641025641025641, 0.0, 0.0, 0.0, 0.18533603120693953, 0.0039576067318669, 0.03665987615780596, 0.001115651770705489, 0.18911850542461295, 0.17957165338079364, 0.22238696944116407, 0.1626984214285714, 0.7407407479423866, 0.3531598543690663, 0.32926829669839386, 0.22238696944116407, 0.31533822, 0.1285296118929113, 4
0.5657370517928286, 0.7393162393162394, 0.0, 0.0, 0.0, 0.0855397098128847, 0.0030827948066513714, 0.10183297547795223, 0.006686148384257643, 0.3881768318525708, 0.364085655979525, 0.4529280989404885, 0.3420635, 0.5576131882144485, 0.5662949610794041, 0.16056913000694056, 0.4529280989404885, 0.2962514, 0.11139759038473873, 6
0.900398406374502, 0.3888888888888889, 0.0, 0.0, 0.9999999999999999, 0.018329932579921555, 0.0007281217689030529, 0.114052932975225, 0.005568945837268742, 0.13863458532681688, 0.12026359620870183, 0.1742031047130978, 0.11825396428571427, 0.693415647405121, 0.35068155318012056, 0.38008130951318675, 0.1742031047130978, 0.3802916, 0.09322931171283394, 5
0.7250996015936255, 0.2777777777777778, 0.0, 0.0, 0.0, 0.03869659989546803, 0.00043819957831048377, 0.028513267154191696, 0.0033712123976587936, 0.957363376148427, 0.9538715160307124, 0.9807264567774169, 0.9357142857142857, 0.5000000231481475, 0.5167286250328216, 0.2987804853509815, 0.9807264567774169, 0.124646865, 0.07548187572249693, 2
0.3705179282868526, 0.0, 0.0, 0.0, 0.0, 0.03869640926411201, 0.0006745266202441118, 0.06109969950266112, 0.00329278533653032, 0.9999999999999999, 1.0, 1.0, 1.0, 0.5102880969364418, 0.41140027245800065, 0.46138212087051367, 1.0, 0.10009145, 0.03467644112126539, 2
0.848605577689243, 0.30341880341880345, 0.0, 0.0, 0.0, 0.008146631732737478, 0.0003618061140167563, 0.016293286194598175, 0.0009109238518826771, 0.12137064517288651, 0.0963756169985534, 0.1660489313117203, 0.09761905, 0.6502057782350247, 0.3915737291174343, 0.35569107141086675, 0.1660489313117203, 0.47722223, 0.08873869377428051, 5
0.05179282868525896, 0.32905982905982906, 0.0, 0.49999999999999994, 0.0, 0.10794297805550812, 0.003237106327116112, 0.12219958597069065, 0.008496537094245154, 0.03531258238866879, 0.018945634440316026, 0.0489251304749805, 0.03650793571428571, 0.7469135811042524, 0.21189591708240646, 0.5548780556692446, 0.0489251304749805, 0.7252886, 0.0, 3
0.3745019920318725, 0.35042735042735046, 0.0, 0.0, 0.0, 0.0264765789766095, 0.0010881073618115777, 0.04073319165757593, 0.000666399251405304, 0.04577557060012816, 0.017298188901991855, 0.08376574808179578, 0.032539680714285715, 0.6522633707704619, 0.33705080184537706, 0.44308943772060294, 0.08376574808179578, 0.816909, 0.057834279068161576, 3
0.0, 0.2905982905982906, 0.0, 0.0, 0.0, 0.44602850547326456, 0.35554517885273573, 0.33808551641979356, 0.5433896004605558, 0.1506670228999978, 0.10378912599844212, 0.20385470197290803, 0.13888889285714287, 0.47530865346364853, 0.44237918787744795, 0.4451219596966093, 0.20385470197290803, 0.5952822, 0.03665644812096219, 3
0.0796812749003984, 0.4658119658119658, 0.0, 0.0, 0.0, 0.01629327849602418, 0.0005366456793228912, 0.01629327849602418, 0.001068153493912476, 0.003923620579297264, 0.0, 0.008154188078916323, 0.003174603214285714, 0.8518518541152262, 0.1561338336396679, 0.5426829333254016, 0.008154188078916323, 0.5555556, 0.035534085457547104, 3
0.6932270916334661, 0.8504273504273505, 0.0, 0.49999999999999994, 0.0, 0.036659879823793574, 0.0008862416450607708, 0.06720977539996932, 0.0035609155036533894, 0.08684279311509167, 0.07413508999888724, 0.06004447694555613, 0.12777778571428572, 0.7551440345793323, 0.02354398954777663, 0.8556910897035499, 0.11934767146517664, 0.4987573, 0.8415183137241934, 7
0.7450199203187251, 0.12393162393162396, 0.0, 0.0, 0.0, 0.028513267154191696, 0.0007236113772419588, 0.06109983881019052, 0.0033469419980217863, 0.7692911754774737, 0.7092256745533305, 0.8421052420896571, 0.7492063214285715, 0.14609051446044863, 0.7125155230487888, 0.32723577838092416, 0.8421052420896571, 0.24193405, 0.04176718615890479, 2
0.5816733067729084, 0.4786324786324787, 0.0, 0.0, 0.0, 0.23421587952596873, 0.0052161638005581885, 0.04887981165915304, 0.002011266164357651, 0.3052576409542335, 0.27594726296583805, 0.36693847022284304, 0.2674603071428571, 0.5493827254801095, 0.5278810417213693, 0.23170730770374764, 0.36693847022284304, 0.32463875, 0.09902143406822, 4
0.20318725099601592, 0.670940170940171, 0.0, 0.0, 0.0, 0.02036660096117063, 0.0006054180852175685, 0.03462321327553831, 0.001031098752222793, 0.1797018120792903, 0.1490938949827521, 0.16901408770189705, 0.22063492857142855, 0.58641976148834, 0.13011152795870715, 0.8475609981409878, 0.20607858260875772, 0.34911168, 0.956335082187526, 7
0.8565737051792829, 0.48290598290598297, 0.0, 0.0, 0.0, 0.020366595828787967, 0.0002757195283754005, 0.020366599494775584, 0.00019599942817763013, 0.03478943142434219, 0.04777594878273518, 0.038547071100466485, 0.01825396857142857, 0.9670781823959764, 0.16232962118452404, 0.41869919413047796, 0.04373609878624093, 0.6111111, 0.32131017734358747, 1
0.9920318725099602, 0.6965811965811967, 0.0, 0.0, 0.9999999999999999, 0.059063166396355074, 0.0014128987656689548, 0.12627289047249776, 0.004485781649284518, 0.3790217270550669, 0.3492586379797476, 0.4514455340886172, 0.33015871428571425, 0.5185185411522628, 0.6022305011815763, 0.1402438919541938, 0.4514455340886172, 0.3181372, 0.10708580413955332, 6
0.44223107569721115, 0.7863247863247864, 0.0, 0.0, 0.0, 0.15478618328860277, 0.003979871415086762, 0.18126273037112003, 0.008262902514260564, 0.3554799866292438, 0.33113674521304165, 0.41512229492125796, 0.3150793571428571, 0.5679012434842248, 0.531598543690663, 0.20731708789411085, 0.41512229492125796, 0.29632849, 0.1036272484346481, 6
0.4900398406374502, 0.7606837606837608, 0.0, 0.0, 0.0, 0.12830959221423416, 0.0036406083127705434, 0.1201629355527809, 0.007409140635427527, 0.42191996064200815, 0.3920922620091247, 0.49888807636109656, 0.36825397857142855, 0.5020576342021028, 0.6369268962654838, 0.09959350731211597, 0.49888807636109656, 0.31361094, 0.11014596915825386, 6
0.03187250996015936, 0.6752136752136753, 0.0, 0.0, 0.0, 0.05498979224078324, 0.0013367254038089355, 0.10183297547795223, 0.004344831551454738, 0.32435260913018116, 0.30395386899543764, 0.3817642521737268, 0.28253969285714287, 0.6090535016003658, 0.51177202265493, 0.19918701462423188, 0.3817642521737268, 0.30794257, 0.11466142837843574, 6
0.15139442231075698, 0.9957264957264957, 0.0, 0.49999999999999994, 0.0, 0.08350305939497495, 0.004337658775317995, 0.06720977539996932, 0.006438592160157474, 0.1085534913938646, 0.09308071999109786, 0.08747220024112527, 0.14603175000000002, 0.7263374427869229, 0.058240399129825995, 0.8272357783809242, 0.13639733405191007, 0.3938387, 0.8772752046856858, 7
0.44621513944223107, 0.08974358974358976, 0.0, 0.0, 0.0, 0.0733197046577729, 0.001509216212800834, 0.030549803926485364, 0.002213797668240732, 0.5147789513561408, 0.481878084992767, 0.5945144766900335, 0.46111114285714283, 0.4444444691358018, 0.6765799606417833, 0.09146341574955386, 0.5945144766900335, 0.27917594, 0.10236280531316716, 4
0.9043824701195219, 0.7222222222222223, 0.0, 0.49999999999999994, 0.0, 0.032586543794492946, 0.0009153062266004074, 0.028513226828327923, 0.0017343486440381242, 0.11849334064727539, 0.1079077379908753, 0.08524833294849271, 0.16428571428571428, 0.7592592659465018, 0.0, 0.8902439011005354, 0.15344699663864345, 0.44435817, 0.830925987590047, 7
0.14342629482071714, 0.38461538461538464, 0.0, 0.0, 0.0, 0.0651731103181091, 0.0028257983289549913, 0.10794297805550812, 0.00905356426463314, 0.027203768219791726, 0.01400329411858901, 0.041512231493608366, 0.024603174285714284, 0.7736625525834476, 0.21313507325308767, 0.5264227710539363, 0.041512231493608366, 0.79907405, 0.02580069861636064, 3
0.4900398406374502, 0.4273504273504274, 0.0, 0.0, 0.0, 0.0142566178133491, 0.0005180280470348412, 0.010183299747387792, 0.0008671742107477442, 0.0068009420549479315, 0.0, 0.018532245451947774, 0.0007936507857142856, 0.8292181102994969, 0.1945477161947276, 0.502032525634543, 0.018532245451947774, 1.0, 0.09413702162772802, 3
0.7211155378486056, 0.594017094017094, 0.0, 0.0, 0.0, 0.028513239659284578, 0.0013045116838007666, 0.03054989557617576, 0.0028850931611549657, 0.00549306852851551, 0.0024711697160529674, 0.011119347137736492, 0.0023809524285714283, 0.8580246909807956, 0.16356877847044693, 0.5243902490779299, 0.011119347137736492, 0.70555556, 0.09940052807603778, 5
0.23107569721115537, 0.4572649572649573, 0.0, 0.0, 0.0, 0.0794297328972421, 0.0026401968221180703, 0.05295314182287348, 0.004947585504216879, 0.13471096192251303, 0.07825370199132041, 0.22090436455964144, 0.09682539285714285, 0.40946504418152657, 0.6034696461998408, 0.24593497251140212, 0.22090436455964144, 0.6812664, 0.07443784881869586, 3
0.14741035856573706, 0.34615384615384615, 0.0, 0.49999999999999994, 0.0, 0.05091655739274081, 0.0013848245054980145, 0.03258652619775239, 0.002062191270757629, 0.4810358720043188, 0.45304776397818974, 0.5515196623312107, 0.43253969285714283, 0.4938271714677638, 0.6208178771990447, 0.13414635529446778, 0.5515196623312107, 0.26725835, 0.10411685149194239, 4
0.4541832669322709, 0.6111111111111112, 0.0, 0.0, 0.0, 0.014256611581170153, 0.000518027927392279, 0.03869652657571571, 0.001711774857129081, 0.17133142348762742, 0.12767710520859057, 0.17346182228716217, 0.21111110714285714, 0.49176957893232653, 0.1920693993923985, 0.8394309065784258, 0.19718309342340182, 0.41732758, 0.9999999999999999, 7
0.3386454183266932, 0.2606837606837607, 0.0, 0.49999999999999994, 0.0, 0.048879844653041585, 0.0020678963298793236, 0.02443994065645887, 0.00035279954565326443, 0.1582526882233032, 0.160626023388583, 0.19273536550974524, 0.11904762857142857, 0.8415637858824875, 0.35068155318012056, 0.2337398626065837, 0.19273536550974524, 0.42220616, 0.181060204378088, 1
0.948207171314741, 0.3418803418803419, 0.0, 0.0, 0.0, 0.12627289047249776, 0.017941467029979476, 0.03869653390769095, 0.0022833951460742795, 0.10175255640143314, 0.0733113676004006, 0.15270571421270782, 0.07460317857142856, 0.6316872602309094, 0.4175960533114068, 0.3313008150158636, 0.15270571421270782, 0.57700235, 0.09153992217383322, 5
0.7370517928286853, 0.5, 0.0, 0.0, 0.0, 0.01832994541087821, 0.00016247756402851184, 0.01425662001294167, 0.00040179955755818625, 0.03766675572499945, 0.05107084060073443, 0.041512231493608366, 0.02063492, 0.9691357971536353, 0.16356877847044693, 0.414634148349197, 0.04670125984654366, 0.587963, 0.3192461440704234, 1
0.545816733067729, 0.7350427350427351, 0.0, 0.0, 0.0, 0.1120162532294143, 0.003957608460037244, 0.07128307990177646, 0.005700104690964775, 0.4030865880763958, 0.37149916497941377, 0.4744255227989212, 0.35714285714285715, 0.49588476400320103, 0.6034696461998408, 0.16056913000694056, 0.4744255227989212, 0.29802468, 0.1004110684944719, 6
0.3705179282868526, 0.9017094017094018, 0.0, 0.0, 0.0, 0.05091648773897611, 0.0024470103756422845, 0.03462320740995812, 0.0014601980418870813, 0.09495161434648522, 0.07413508999888724, 0.07931801349653067, 0.13174603571428573, 0.6913580363511657, 0.08178439090808598, 0.8231707417459847, 0.12305411695289759, 0.45764294, 0.9060132663022414, 7
0.8605577689243028, 0.576923076923077, 0.0, 0.0, 0.0, 0.07535641373148451, 0.0033923372342037454, 0.03869652657571571, 0.0013425991246336496, 0.2053361266998506, 0.15897858600511874, 0.2772424093606938, 0.17301586428571428, 0.45884772799497053, 0.551425031269146, 0.2825203388112236, 0.2772424093606938, 0.4837708, 0.0732138958919396, 4
0.3665338645418327, 0.9316239316239316, 0.0, 0.0, 0.0, 0.08961302897864229, 0.0032298573172048423, 0.09775967097614509, 0.00834958958155386, 0.08684279311509167, 0.06507413620202523, 0.07412898314211279, 0.12142857142857143, 0.6872428142432552, 0.09417596265207323, 0.8069105769135436, 0.11341734534160604, 0.48521596, 0.9175399492767292, 7
0.6892430278884462, 0.19658119658119663, 0.0, 0.0, 0.0, 0.030549943234014765, 0.0004647483958125848, 0.04887983732106635, 0.0021604566879807833, 0.8618886058938536, 0.8196046390477377, 0.9258710902455812, 0.8341270000000001, 0.2448560117169627, 0.693928124726487, 0.26016260073369024, 0.9258710902455812, 0.20332612, 0.05767414217190753, 2
0.21115537848605578, 0.5128205128205129, 0.0, 0.0, 0.0, 0.16089613820831966, 0.0022667094331221076, 0.046843157575255666, 0.003224626857240091, 0.15145174616835527, 0.14744646501279682, 0.17197925076368234, 0.13333334285714285, 0.7962963019547323, 0.2788104172136927, 0.3963414743456277, 0.17197925076368234, 0.27027062, 0.13416095899311753, 4
0.5737051792828686, 0.670940170940171, 0.0, 0.0, 0.0, 0.04684318323716898, 0.0007632313174882091, 0.04480650715734591, 0.0022773103868800296, 0.11587758935690066, 0.09472817220158013, 0.1126760629156704, 0.1396825357142857, 0.6810699625628713, 0.1499380460948118, 0.7215447344090822, 0.13046700792833943, 0.34671864, 0.9806037558595193, 7
0.08764940239043825, 0.4273504273504274, 0.0, 0.0, 0.0, 0.022403253578672955, 0.000379114497745974, 0.02443991499454556, 0.0012935980807902312, 0.009939837953384425, 0.0008237232139726259, 0.022979984707338884, 0.0047619049999999994, 0.8106995922953817, 0.20198265656453995, 0.5081300860747572, 0.022979984707338884, 0.9814815, 0.07328863860274243, 3
0.7529880478087649, 0.13675213675213677, 0.0, 0.0, 0.0, 0.024439918660533175, 0.0008862409139117793, 0.028513267154191696, 0.0014402951234864705, 0.7695527004626442, 0.7108731119367948, 0.8465529700033138, 0.7436508214285714, 0.15637866232281494, 0.7335812114076197, 0.2825203388112236, 0.8465529700033138, 0.24428888, 0.048803816598459226, 2
0.944223107569721, 0.17948717948717952, 0.0, 0.0, 0.0, 0.02647664019860268, 0.0006522533626406209, 0.03665987615780596, 0.0014758678956554453, 0.8027726874690264, 0.7487644089887611, 0.88213496010278, 0.7698412857142858, 0.17901236539780463, 0.7546468774616172, 0.22560977104402163, 0.88213496010278, 0.23589359, 0.058308050824094904, 2
0.5737051792828686, 0.32905982905982906, 0.0, 0.0, 0.0, 0.03665987615780596, 0.0007680765355066024, 0.07331975231561191, 0.0010583958539297678, 0.1755166142522006, 0.17545304138836043, 0.21497403843607088, 0.13333334285714285, 0.816872429160951, 0.38042131242888666, 0.2093496062115806, 0.21497403843607088, 0.4205985, 0.17024990602900636, 1
0.450199203187251, 0.5641025641025641, 0.0, 0.49999999999999994, 0.0, 0.07942970723532881, 0.0017445677557498685, 0.036659851962287694, 0.0018500961577891286, 0.4315982213476001, 0.38879735017465117, 0.5122312934601091, 0.3865079285714285, 0.40123458144718754, 0.6579925846243148, 0.16463414834919693, 0.5122312934601091, 0.31713998, 0.08631305752786678, 4
0.12749003984063745, 0.5512820512820513, 0.0, 0.0, 0.0, 0.004073320265553878, 3.93885076618964e-05, 0.004073320265553878, 7.839994732701964e-05, 0.0002615746840989348, 0.0, 0.0007412898314211279, 0.0, 0.8806584364631915, 0.13630731505746663, 0.5467479741676583, 0.0007412898314211279, 0.11111111, 0.09940052807603778, 3
0.1713147410358566, 0.9401709401709403, 0.0, 0.0, 0.0, 0.08146637964916426, 0.0028534580941157847, 0.0773930678153819, 0.0035132629652851423, 0.1022757052470048, 0.09308071999109786, 0.07561156133720116, 0.1396825357142857, 0.7757201691929583, 0.028500614230501528, 0.8272357783809242, 0.13046700792833943, 0.42217422, 0.8371245439541035, 7
0.1952191235059761, 0.4102564102564103, 0.0, 0.0, 0.0, 0.08146638331515187, 0.0016346246160105198, 0.07331973765166146, 0.015640779604783352, 0.040020925530071874, 0.018945634440316026, 0.06449221820242981, 0.03412698357142857, 0.709876554355281, 0.267658000525145, 0.500000005487805, 0.06449221820242981, 0.7607343, 0.04110974942059348, 3
0.4262948207171315, 0.19658119658119663, 0.0, 0.0, 0.0, 0.018329983903748175, 0.00022156098289076795, 0.03869654857164141, 0.0007545997755734308, 0.8909233880106296, 0.8640856930470701, 0.9369903266346157, 0.8674602857142857, 0.34979423102423435, 0.6121437728518595, 0.2906504120811026, 0.9369903266346157, 0.170091, 0.0603253379850609, 2
0.5418326693227091, 0.7222222222222223, 0.0, 0.0, 0.0, 0.06720977539996932, 0.005125427944828188, 0.13238287105412797, 0.024392173713634075, 0.24666492787510982, 0.23311367600400598, 0.28613788520283256, 0.21746032142857144, 0.6893004067786924, 0.400247855769453, 0.302845521985921, 0.28613788520283256, 0.28575617, 0.11641199094135857, 6
0.7051792828685259, 0.09401709401709404, 0.0, 0.0, 0.0, 0.01629328032901799, 0.0004576531133002037, 0.014256611581170153, 0.0006639438728228939, 0.09521318876927104, 0.07660626460785615, 0.12824313396409834, 0.07777777857142858, 0.7078189247828076, 0.32589838515682934, 0.4065040714207814, 0.12824313396409834, 0.4592879, 0.0886510562131757, 5
0.3784860557768924, 0.30341880341880345, 0.0, 0.0, 0.0, 0.0549898289006594, 0.0016986283352457975, 0.059063118738516066, 0.006046599209107689, 0.16845409777446688, 0.1746293189898738, 0.2001482564851871, 0.12857142857142856, 0.8662551444558756, 0.33952913649157285, 0.2276422893614914, 0.2001482564851871, 0.39879107, 0.18977905649784726, 1
0.29880478087649404, 0.5170940170940171, 0.0, 0.49999999999999994, 0.0, 0.09368631515051133, 0.001914499410334985, 0.05295314182287348, 0.0014402995423000323, 0.3455401585633824, 0.31054366301034875, 0.42105262104482855, 0.29841271428571425, 0.49176957893232653, 0.6084263043398157, 0.15650405678663482, 0.42105262104482855, 0.3411113, 0.10076495644413208, 4
0.23904382470119523, 0.45299145299145305, 0.0, 0.0, 0.0, 0.03054989374318195, 0.001107801325176972, 0.03869653390769095, 0.002518595891176902, 0.008631964426952004, 0.0008237232139726259, 0.02149740584508965, 0.0023809524285714283, 0.820987656824417, 0.20074350039385874, 0.500000005487805, 0.02149740584508965, 0.984127, 0.09234213871652536, 3
0.6414342629482072, 0.34615384615384615, 0.0, 0.0, 0.0, 0.3523421756588027, 0.05219466201148978, 0.020366605360355765, 0.0006663995689248414, 0.1085534913938646, 0.07907743180331604, 0.15863603366466986, 0.08333333571428571, 0.6213991864426152, 0.41511771866521097, 0.34552846153083494, 0.15863603366466986, 0.59959364, 0.09058008569293746, 5
0.2868525896414343, 0.07692307692307693, 0.0, 0.0, 0.0, 0.020366614158726048, 0.0006054182181537488, 0.032586571655998826, 0.0009109248044412892, 0.8958932808560108, 0.8566721840471814, 0.9547813050053275, 0.8706348928571428, 0.25514402994970287, 0.6778191279648811, 0.27642276556613127, 0.9547813050053275, 0.19245563, 0.055547823306407784, 2
0.40637450199203184, 0.21794871794871798, 0.0, 0.0, 0.0, 0.024439918660533175, 0.0009294969511485858, 0.04887974200538834, 0.002431501022957788, 0.7682448636612975, 0.7141680534253043, 0.8421052420896571, 0.7412698571428572, 0.1913580687585722, 0.7174721254266803, 0.27439024724866157, 0.8421052420896571, 0.2367968, 0.051788564069778165, 2
0.09163346613545817, 0.8632478632478633, 0.0, 0.9999999999999999, 0.0, 0.03054989557617576, 0.0010763367271319792, 0.0936863518103875, 0.003331421113836367, 0.12764844544477927, 0.1054365707954154, 0.10303929130437886, 0.1753968214285714, 0.66872429623914, 0.04584882292487205, 0.9044715659081899, 0.1638250506758706, 0.42521268, 0.887027559906383, 7
0.8804780876494024, 0.7735042735042735, 0.0, 0.0, 0.0, 0.08350303739904925, 0.0015200179421303813, 0.0835030483970121, 0.003759290068213306, 0.1425581946060878, 0.12273475599065274, 0.11934767146517664, 0.18650792857142856, 0.6810699625628713, 0.05700123961341977, 0.8739837728534607, 0.1742031047130978, 0.3721296, 0.8870948064595137, 7
0.18725099601593626, 0.29914529914529914, 0.0, 0.0, 0.0, 0.08350305939497495, 0.005342063668826409, 0.0855397098128847, 0.00446879250183842, 0.04420611982590332, 0.01647446502080342, 0.07931801349653067, 0.03333333571428571, 0.6584362224508457, 0.32218093894961897, 0.46138212087051367, 0.07931801349653067, 0.82735026, 0.053692314536076535, 3
0.3107569721115538, 0.06410256410256412, 0.0, 0.0, 0.0, 0.1568227750507107, 0.0050009209818570564, 0.03054989557617576, 0.0017418079717695697, 0.4407533332076205, 0.39621085917453985, 0.5277983911949711, 0.3904762, 0.38477365597850954, 0.6926889797082224, 0.12398376370711905, 0.5277983911949711, 0.32455578, 0.09026065088644614, 4
0.601593625498008, 0.021367521367521368, 0.0, 0.0, 0.0, 0.028513223162340305, 0.0006054204780688138, 0.020366659983571244, 0.0007201459951740378, 0.7917865970246041, 0.7207578029591614, 0.8702742411395533, 0.7761904571428571, 0.05555555401234569, 0.7472119181326965, 0.3597561080458062, 0.8702742411395533, 0.2546684, 0.03363409218949798, 2
0.3784860557768924, 0.5470085470085471, 0.0, 0.0, 0.0, 0.05702647198659393, 0.0009847123924410042, 0.01629327849602418, 0.00031359948320940404, 0.03505100796588296, 0.023064250880854602, 0.05856189875046776, 0.02142857142857143, 0.779835398708276, 0.2614622196717389, 0.44105691391532825, 0.05856189875046776, 0.6652397, 0.10292510833270146, 5
0.30677290836653387, 0.8034188034188035, 0.0, 0.0, 0.0, 0.10386964789178768, 0.003531091632297568, 0.18329936245909173, 0.010773392962770398, 0.3986398087640038, 0.38138384117476243, 0.4581171426381234, 0.3515872857142857, 0.6049382794924552, 0.5427509603792107, 0.1524390384443785, 0.4581171426381234, 0.28042978, 0.12218800841298699, 6
0.9043824701195219, 0.32905982905982906, 0.0, 0.0, 0.0, 0.06720977539996932, 0.0029359876665002397, 0.08146639431311471, 0.006521225296757518, 0.11901648243033057, 0.09555189460006677, 0.163083768249935, 0.09444444285714286, 0.6625514445587561, 0.387856282910224, 0.34959349816577434, 0.163083768249935, 0.47554862, 0.09423253836186041, 5
0.3665338645418327, 0.9529914529914532, 0.0, 0.49999999999999994, 0.0, 0.0651731103181091, 0.00358435357642061, 0.07331974864962429, 0.002469596461391132, 0.08841223965180664, 0.07084019299143168, 0.07190511584948023, 0.12301587857142857, 0.7181069985711019, 0.07558860113274649, 0.8069105769135436, 0.11489993020830296, 0.44724658, 0.8949038329605103, 7
0.07569721115537849, 0.4658119658119658, 0.0, 0.0, 0.0, 0.057026442658693, 0.0015770794681585014, 0.06517309565415864, 0.0039312533576555606, 0.4289824771197419, 0.38220758581377606, 0.5218680317133577, 0.3746031642857143, 0.37242800817329613, 0.7187112815973615, 0.09349591577434041, 0.5218680317133577, 0.34236288, 0.09319422021073909, 4
0.9920318725099602, 0.6282051282051282, 0.0, 0.0, 0.0, 0.07739308247933235, 0.0015755413965525343, 0.05702646465461869, 0.007251990161602376, 0.3023803434911389, 0.2701812061764316, 0.36916233084386707, 0.26190477142857144, 0.528806614940557, 0.5526642208970772, 0.2113821062363671, 0.36916233084386707, 0.34714225, 0.09795544761737002, 6
0.9840637450199203, 0.6282051282051282, 0.0, 0.0, 0.0, 0.10997962847341787, 0.011816558812441754, 0.07942978055508111, 0.00996659248811262, 0.31022757617471364, 0.27512354798086036, 0.38102296974779115, 0.2682539785714286, 0.50411522673754, 0.5749690542741726, 0.19918701462423188, 0.38102296974779115, 0.35403678, 0.09586283410315466, 6
0.4900398406374502, 0.6367521367521368, 0.0, 0.49999999999999994, 0.0, 0.050916491404963723, 0.0015016863087406098, 0.07331975231561191, 0.00235199717369824, 0.0708867392001234, 0.059308071999109785, 0.09710896518080826, 0.053968252142857144, 0.7695473304755371, 0.2850061980670988, 0.4126016263731906, 0.09710896518080826, 0.4799313, 0.11127092173502529, 4
0.2908366533864542, 0.21794871794871798, 0.0, 0.0, 0.0, 0.06720974973805602, 0.0016038279558033995, 0.07331975231561191, 0.0029517323094589236, 0.3996861276426965, 0.36820429021248524, 0.47368420701494285, 0.3507936428571428, 0.4979423750571563, 0.615861207906653, 0.13821137363672403, 0.47368420701494285, 0.3130033, 0.10436654102607879, 4
0.46613545816733065, 0.48290598290598297, 0.0, 0.0, 0.0, 0.024439918660533175, 0.0005317443755300332, 0.06720978273194456, 0.005615392330594248, 0.1451739458964625, 0.1194398589831972, 0.19125277397143978, 0.12063492857142857, 0.63580248233882, 0.4052044804521779, 0.34756097984830464, 0.19125277397143978, 0.437078, 0.08765299115203518, 4
0.5617529880478087, 0.45299145299145305, 0.0, 0.0, 0.0, 0.1934826878683928, 0.0011355197816613637, 0.03869652657571571, 0.0016183328262780498, 0.32226001374789454, 0.30148270921348674, 0.3736100787723493, 0.28730157142857143, 0.6069958905464105, 0.480793062625816, 0.2520325457564944, 0.3736100787723493, 0.2807703, 0.10493727038343431, 4
0.7250996015936255, 0.33333333333333337, 0.0, 0.0, 0.0, 0.09775968197410793, 0.001189017355163971, 0.018329932579921555, 0.0014492715595674256, 0.10201413082421898, 0.08154859899877595, 0.140103779539631, 0.08095237857142856, 0.6913580363511657, 0.3531598543690663, 0.378048791195717, 0.140103779539631, 0.47678283, 0.09318665109776125, 5
0.21912350597609562, 0.5470085470085471, 0.0, 0.0, 0.0, 0.006109980215031436, 0.0002427071410896614, 0.012219960063464113, 0.0, 0.0013078733851820917, 0.0, 0.0037064494906860674, 0.0, 0.8724279831732967, 0.14622057535228478, 0.5386178919343646, 0.0037064494906860674, 0.5555556, 0.09940052807603778, 5
0.7370517928286853, 0.3247863247863248, 0.0, 0.0, 0.0, 0.02240326604303085, 0.00026094890962155646, 0.03869654123966618, 0.0007545991140743947, 0.1600837021202875, 0.12191104100567512, 0.22386954096464387, 0.12857142857142856, 0.537037059156378, 0.4981412936250199, 0.29268293039857235, 0.22386954096464387, 0.5094622, 0.082300935201298, 5
0.49800796812749004, 0.029914529914529912, 0.0, 0.0, 0.0, 0.036659782308522994, 0.001585354878317798, 0.04276980908159715, 0.0030425704155039833, 0.8938007278488231, 0.857495854551105, 0.949592328023778, 0.8690475999999999, 0.27777777006172855, 0.6617100419839418, 0.2804878022010708, 0.949592328023778, 0.18729347, 0.05678751634039264, 2
0.8844621513944223, 0.6324786324786326, 0.0, 0.0, 0.0, 0.050916509734901805, 0.004042238291134116, 0.3299388487603775, 0.08208471160518, 0.2968872664876036, 0.26688632399599405, 0.3484062094261956, 0.27063492857142857, 0.5473251329446722, 0.47459728177240984, 0.3211382051358318, 0.3484062094261956, 0.30841646, 0.065129809649211, 6
0.30677290836653387, 0.3076923076923077, 0.0, 0.0, 0.0, 0.2016293005379947, 0.002799036414755884, 0.23828917669580066, 0.012167106869670619, 0.3452785912031131, 0.31466226017576393, 0.4106745803508185, 0.3047619142857143, 0.5246913557956105, 0.5576208344273854, 0.20731708789411085, 0.4106745803508185, 0.31522787, 0.09885919970692392, 4
0.5537848605577689, 1.0, 0.0, 0.0, 0.0, 0.09164969772649013, 0.004239186565639778, 0.09775967097614509, 0.009407984864227422, 0.05728485509022752, 0.04448105399933234, 0.039288362199493235, 0.08888889285714285, 0.7654320991083676, 0.05947955753099056, 0.7865853754461631, 0.08302446565586015, 0.5634669, 0.8676711493628748, 7
0.22709163346613545, 0.935897435897436, 0.0, 0.0, 0.0, 0.09164970872445298, 0.0019349581555455934, 0.0936863518103875, 0.0021951951775653427, 0.10384515178371975, 0.08319604379574923, 0.09043735663130202, 0.13809524285714286, 0.6893004067786924, 0.0954151210532378, 0.8028455402786042, 0.12898443640485963, 0.42348316, 0.9196454576412465, 7
0.3107569721115538, 0.6025641025641026, 0.0, 0.0, 0.0, 0.04073319898955117, 0.002107284256610112, 0.006109980215031436, 0.0002057997216181904, 0.005231493399478038, 0.0032948929300255936, 0.010378058040192303, 0.0015873015714285713, 0.8662551444558756, 0.16109046278335948, 0.5203252087844538, 0.010378058040192303, 0.2888889, 0.1312739533927582, 5
0.944223107569721, 0.7136752136752137, 0.0, 0.49999999999999994, 0.0, 0.02036660096117063, 0.0004529678839747907, 0.06313645256822413, 0.004400193199590489, 0.09599790497511204, 0.08237232139726258, 0.07931801349653067, 0.1269841357142857, 0.7448559663465936, 0.07682776064915273, 0.7784552838836011, 0.11860638236763243, 0.3762527, 0.8850003143461738, 7
0.8406374501992032, 0.23504273504273507, 0.0, 0.49999999999999994, 0.0, 0.10590629830969743, 0.002769650872102553, 0.06720977539996932, 0.0024790259978519007, 0.2681140517310969, 0.2784184598153339, 0.27798369845823795, 0.24761905714285715, 0.8600823057384545, 0.25774474000727854, 0.3678861813156852, 0.27798369845823795, 0.16790761, 0.17869451915422402, 4
0.8167330677290836, 0.5128205128205129, 0.0, 0.0, 0.0, 0.0020366598028380535, 0.00018090323647222152, 0.0020366598028380535, 0.00036007452683331086, 0.0026157467703641834, 0.0, 0.007412898981372135, 0.0, 0.8621399167924098, 0.15861214932675538, 0.528455289371406, 0.007412898981372135, 1.0, 0.09940052807603778, 5
0.24701195219123506, 0.8034188034188035, 0.0, 0.0, 0.0, 0.052953156486823943, 0.001221043542102603, 0.034623208876353166, 0.001460197777287467, 0.05493068316640016, 0.046128501020358315, 0.037064490236734686, 0.08253967857142856, 0.7962963019547323, 0.05947955753099056, 0.7560975640987508, 0.07709413953228955, 0.54320127, 0.8430671548665502, 7
0.9043824701195219, 0.03846153846153847, 0.0, 0.0, 0.0, 0.04073318065961309, 0.001144132251505788, 0.05091648773897611, 0.0025815111438867327, 0.3507716611441319, 0.3171334570252598, 0.41957005619295734, 0.30952379999999996, 0.5000000231481475, 0.5762082104448538, 0.2012195146490185, 0.41957005619295734, 0.3194739, 0.0940854057488672, 4
0.7330677290836654, 0.09401709401709404, 0.0, 0.0, 0.0, 0.05091641808521141, 0.001384826499540719, 0.04276980908159715, 0.002142368526035996, 0.7705990475914029, 0.7149917239292279, 0.8369161983920222, 0.7531745714285714, 0.17901236539780463, 0.6802974180014102, 0.34756097984830464, 0.8369161983920222, 0.23116584, 0.03997697238727399, 2
0.9681274900398407, 0.28205128205128205, 0.0, 0.0, 0.0, 0.02036656650088704, 0.0001575532622764635, 0.03869645692195101, 0.0012250043880541264, 0.6317028313416684, 0.5453048060518549, 0.7694588705006755, 0.5674602857142858, 0.0, 1.0, 0.0, 0.7694588705006755, 0.36217153, 0.07254617245550904, 2
0.6613545816733067, 0.7521367521367522, 0.0, 0.0, 0.0, 0.1384928516357582, 0.0029747426840766623, 0.1384928516357582, 0.004086489717869655, 0.4125032672966855, 0.38056011877627577, 0.48332094526819164, 0.36746030714285716, 0.48971196787837123, 0.6034696461998408, 0.16666664837398354, 0.48332094526819164, 0.29552308, 0.09813646796991227, 6
0.6892430278884462, 0.5641025641025641, 0.0, 0.0, 0.0, 0.0, 0.0, 0.0, 4.205697887921298e-11, 0.0, 0.0, 0.0, 0.0, 0.8827160495541838, 0.1338290002625725, 0.5487804944973231, 0.0, 0.0, 0.48139363383611633, 5
0.3784860557768924, 0.7692307692307693, 0.0, 0.0, 0.0, 0.04887981165915304, 0.0014829655711511261, 0.06720974973805602, 0.004886941389377905, 0.44284594977745656, 0.4060955650239245, 0.5255745105591215, 0.38968255, 0.44238682104481053, 0.6716232913493916, 0.10162600733690247, 0.5255745105591215, 0.310288, 0.10112588458080307, 6
0.3904382470119522, 0.7905982905982907, 0.0, 0.0, 0.0, 0.18533598354910052, 0.008553107458987925, 0.2077392921175877, 0.015327500540844122, 0.4119801184511138, 0.384678753009236, 0.4825797028719073, 0.36269842857142853, 0.5246913557956105, 0.6022305011815763, 0.13414635529446778, 0.4825797028719073, 0.29965425, 0.11007408994320411, 6
0.9601593625498008, 0.7264957264957266, 0.0, 0.0, 0.0, 0.05498981057072132, 0.0012454762814868316, 0.0794297328972421, 0.004757890071611102, 0.1085534913938646, 0.0939044498030935, 0.08302446565586015, 0.15, 0.7325102944673066, 0.03593556240700557, 0.8577236080210197, 0.140103779539631, 0.42024404, 0.8600086171159458, 7
0.5338645418326693, 0.7350427350427351, 0.0, 0.49999999999999994, 0.0, 0.08146636131922617, 0.0037355534597132787, 0.08350310705281395, 0.003412166596786803, 0.3387392165084345, 0.32701811098008143, 0.38250554794287955, 0.3031745928571428, 0.66872429623914, 0.44733581256017285, 0.24593497251140212, 0.38250554794287955, 0.2591888, 0.1198820735845818, 6
0.944223107569721, 0.19658119658119663, 0.0, 0.0, 0.0, 0.030549943234014765, 0.0006107967628338516, 0.03869654857164141, 0.0018003681794248843, 0.8595344219637482, 0.809719910957826, 0.9273535883813669, 0.8349206071428571, 0.1893004577046169, 0.7125155230487888, 0.28455283883601024, 0.9273535883813669, 0.21420376, 0.05018839886978366, 2
0.896414342629482, 0.5470085470085471, 0.0, 0.0, 0.0, 0.018329934412915364, 0.0005760567369490503, 0.028513230494315537, 0.0010191987020816665, 0.038189903158067806, 0.05189456299922106, 0.041512231493608366, 0.02142857142857143, 0.9711934119112942, 0.16109046278335948, 0.4166666703252033, 0.04670125984654366, 0.5740741, 0.32750688429064156, 1
0.5577689243027888, 0.3247863247863248, 0.0, 0.0, 0.0, 0.04684318323716898, 0.001974348740999988, 0.06109979115235152, 0.00976078479118309, 0.16871567925976916, 0.17133442198241827, 0.20311341954697243, 0.12936507142857143, 0.8395061748285322, 0.3531598543690663, 0.23170730770374764, 0.20311341954697243, 0.40502182, 0.17789802960303797, 1
0.4581673306772908, 0.9914529914529915, 0.0, 0.0, 0.0, 0.08350305939497495, 0.001545636871051347, 0.0835030483970121, 0.003960820776974587, 0.11561600787159837, 0.10049422899098658, 0.09562638698571989, 0.15158729285714287, 0.7263374427869229, 0.06567534396060502, 0.8150406501834226, 0.14158635106311082, 0.38490298, 0.8822922863497942, 7
0.26693227091633465, 0.5213675213675214, 0.0, 0.0, 0.0, 0.03054990034195966, 0.0006351397304155296, 0.012219961163260396, 0.0007055991021694728, 0.043944547521872435, 0.029654035999554892, 0.06968124855684767, 0.030158730714285716, 0.7592592659465018, 0.275092948701649, 0.4390243955978585, 0.06968124855684767, 0.6175926, 0.09372438641806391, 5
0.848605577689243, 0.46153846153846156, 0.0, 0.0, 0.0, 0.010183299747387792, 8.370058060940231e-05, 0.004073319532356355, 0.00019599977215712896, 0.008108815581380354, 0.0, 0.02223869494263384, 0.0007936507857142856, 0.8189300439186099, 0.20693928459298988, 0.49186992307158445, 0.02223869494263384, 1.0, 0.09242603731820742, 3
0.5936254980079682, 0.6196581196581197, 0.0, 0.0, 0.0, 0.07942974389520495, 0.0021712915651222577, 0.05091649873693896, 0.001107397241752685, 0.05963903195781643, 0.05189456299922106, 0.08154188078916322, 0.04365079285714286, 0.8024691351165981, 0.26022305234864096, 0.4207317124479477, 0.08154188078916322, 0.50308645, 0.12693139824734723, 4
0.8884462151394422, 0.08974358974358976, 0.0, 0.0, 0.0, 0.04887978966322735, 0.0012842848723439119, 0.036659923815644965, 0.0016734728722366838, 0.870258959172934, 0.8261943589275588, 0.9340251969308733, 0.8444444285714285, 0.2283951047668027, 0.6951672920495849, 0.27439024724866157, 0.9340251969308733, 0.20392033, 0.05398836716705552, 2