@relation segment-10-7tst.dat
@attribute Region-centroid-col real [1.0, 254.0]
@attribute Region-centroid-row real [11.0, 251.0]
@attribute Region-pixel-count real [9.0, 10.0]
@attribute Short-line-density-5 real [0.0, 0.33333334]
@attribute Short-line-density-2 real [0.0, 0.22222222]
@attribute Vedge-mean real [0.0, 29.222221]
@attribute Vegde-sd real [0.0, 991.7184]
@attribute Hedge-mean real [0.0, 44.722225]
@attribute Hedge-sd real [-1.5894573e-08, 1386.3292]
@attribute Intensity-mean real [0.0, 143.44444]
@attribute Rawred-mean real [0.0, 137.11111]
@attribute Rawblue-mean real [0.0, 150.88889]
@attribute Rawgreen-mean real [0.0, 142.55556]
@attribute Exred-mean real [-49.666668, 9.888889]
@attribute Exblue-mean real [-12.444445, 82.0]
@attribute Exgreen-mean real [-33.88889, 24.666666]
@attribute Value-mean real [0.0, 150.88889]
@attribute Saturatoin-mean real [0.0, 1.0]
@attribute Hue-mean real [-3.0441751, 2.9124804]
@attribute Class integer [1, 7]
@inputs Region-centroid-col, Region-centroid-row, Region-pixel-count, Short-line-density-5, Short-line-density-2, Vedge-mean, Vegde-sd, Hedge-mean, Hedge-sd, Intensity-mean, Rawred-mean, Rawblue-mean, Rawgreen-mean, Exred-mean, Exblue-mean, Exgreen-mean, Value-mean, Saturatoin-mean, Hue-mean
@outputs Class
@data
0.8571428571428571, 0.7106382978723405, 0.0, 0.49999999999999994, 0.0, 0.03393662655965219, 0.0007960223179451166, 0.041753586180329996, 0.003564706614276359, 0.41569844045541254, 0.38311686945522017, 0.4985272275513458, 0.3593140807696311, 0.4670433130007341, 0.6430318263221774, 0.09401709615384612, 0.4985272275513458, 0.31899637, 0.16656593789284868, 6
0.8134920634920635, 0.4425531914893617, 0.0, 0.0, 0.0, 0.042986424049466614, 0.000479061048802738, 0.006263048448969422, 0.00021829301244269812, 0.008520526832549244, 0.003246753260984145, 0.019145801920870384, 0.0023382696543018033, 0.7928436863193845, 0.183374090608019, 0.5277777557692308, 0.019145801920870384, 0.93333334, 0.16229605200749653, 5
0.8412698412698413, 1.0, 0.0, 0.0, 0.0, 0.11538459627566962, 0.0027871325195934563, 0.1127348299937699, 0.013024603798297316, 0.1221275498722711, 0.10389610142941476, 0.10235640940827385, 0.16056118751173226, 0.6647834180471766, 0.059902204545644835, 0.8888888461538462, 0.15169367340431758, 0.39154765, 0.8969755046195367, 7
0.18253968253968253, 0.6893617021276597, 0.0, 0.0, 0.0, 0.04751131057717898, 0.0015547560938567518, 0.05427975522857687, 0.01075337721021611, 0.13400464319146843, 0.12012987321323156, 0.10898380258480264, 0.1738113827338618, 0.6911487744262503, 0.03667482472307093, 0.8995726153846154, 0.16421208347413782, 0.34965578, 0.874193305239805, 7
0.24206349206349206, 0.8085106382978724, 0.0, 0.0, 0.0, 0.08597288475051777, 0.0025203509331335095, 0.09394573988694123, 0.010848965291421087, 0.42964112098036006, 0.4009740308362497, 0.5066273600395629, 0.3756819937433517, 0.48964219473969817, 0.617359413808203, 0.11324786538461534, 0.5066273600395629, 0.29921305, 0.16766594396050388, 6
0.4722222222222222, 0.2085106382978723, 0.0, 0.0, 0.0, 0.09276019214389576, 0.0033857240085043167, 0.10855949542583956, 0.01882170399476097, 0.18641879741034229, 0.1801947988620552, 0.23343150049019512, 0.1426344507362603, 0.7269303123208527, 0.40831297670088096, 0.2094017115384615, 0.23343150049019512, 0.4223002, 0.2117642433933063, 1
0.4206349206349206, 0.574468085106383, 0.0, 0.0, 0.0, 0.0, 0.0, 0.0, 0.0, 0.0, 0.0, 0.0, 0.0, 0.8323917090235883, 0.12836186452585782, 0.5790598076923077, 0.0, 0.0, 0.5153372377127846, 3
0.7063492063492063, 0.9063829787234043, 0.0, 0.0, 0.0, 0.15158371700415652, 0.0053880919220764155, 0.13569934861424246, 0.03679451211525868, 0.10586109158361245, 0.08522727447055783, 0.08836524014458585, 0.14419328856762934, 0.6534839941268473, 0.06723717169074805, 0.8888888461538462, 0.1362297449467618, 0.4433746, 0.9081547064066748, 7
0.4365079365079365, 0.33617021276595743, 0.0, 0.0, 0.0, 0.3009050294322405, 0.0100941972674164, 0.04801668009902479, 0.005761716764898494, 0.4544281395640013, 0.42126624008712465, 0.5287187148106133, 0.4076383271196156, 0.45009416017108744, 0.6100244906728807, 0.17094017307692305, 0.5287187148106133, 0.27834544, 0.15489920428256815, 4
0.503968253968254, 0.6212765957446809, 0.0, 0.0, 0.0, 0.0995475117544686, 0.0051458709171003526, 0.08350729261117339, 0.011254210870988868, 0.1613736161541012, 0.13311687310781758, 0.2120765816489206, 0.1348402054609445, 0.5819208912189981, 0.42053790360531096, 0.3525640769230769, 0.2120765816489206, 0.43023896, 0.14454915185289957, 4
0.3849206349206349, 0.5063829787234043, 0.0, 0.0, 0.0, 0.022624432638561825, 0.0006618765914892014, 0.020876823152793347, 0.0035647092337917487, 0.009553318344022258, 0.0008116882969830495, 0.022091310367516125, 0.004676539448899782, 0.7683615774298572, 0.19315404313400825, 0.5384615153846154, 0.022091310367516125, 0.9777778, 0.13264266894787718, 3
0.5992063492063492, 0.7702127659574469, 0.0, 0.0, 0.0, 0.13800906963821427, 0.0025892452571605294, 0.27974944152091646, 0.027077705304518664, 0.37257939729138334, 0.34577920823231156, 0.43078055647436997, 0.33671082348524317, 0.521657229180631, 0.5097799800321023, 0.2649572307692307, 0.43078055647436997, 0.27272084, 0.14543323485500448, 6
0.8968253968253967, 0.1319148936170213, 0.0, 0.49999999999999994, 0.0, 0.0837104272332676, 0.0022601612239146916, 0.16283926192790207, 0.014610965291421089, 0.3106119484310441, 0.28896104716752397, 0.3586156011883976, 0.28059235290436935, 0.5781544165788883, 0.4437652867286185, 0.3162392884615384, 0.3586156011883976, 0.27157217, 0.1529647332496396, 4
0.7103174603174603, 0.017021276595744678, 0.0, 0.0, 0.0, 0.03393675687639722, 0.00030681407714663287, 0.05427968007200601, 0.008052596594629995, 0.9780532448660959, 0.9780844157623018, 0.9911634978559389, 0.9641464703305853, 0.5065913475693449, 0.43398535620751966, 0.41452990384615385, 0.9911634978559389, 0.10463921, 0.11699772420199656, 2
0.6309523809523809, 0.6085106382978724, 0.0, 0.0, 0.0, 0.0, 0.0, 0.0, 0.0, 0.0, 0.0, 0.0, 0.0, 0.8323917090235883, 0.12836186452585782, 0.5790598076923077, 0.0, 0.0, 0.5153372377127846, 5
0.6507936507936508, 0.6085106382978724, 0.0, 0.0, 0.0, 0.00452488774943185, 4.306169495407544e-05, 0.01670146040114895, 0.00048509544859201055, 0.004905757936661749, 0.001623376593966099, 0.012518408744341614, 0.0, 0.807909600134061, 0.16748167022883667, 0.5384615153846154, 0.012518408744341614, 1.0, 0.17050466653961632, 5
0.9285714285714286, 0.3872340425531915, 0.0, 0.0, 0.0, 0.042986440339059746, 9.150591484260198e-05, 0.0668058942141954, 0.008052573673870335, 0.36044412038556534, 0.33766231868780583, 0.4263623120297326, 0.3125487143398686, 0.5536722975198693, 0.545232301062285, 0.16666663461538456, 0.4263623120297326, 0.30700684, 0.1718132119346505, 4
0.08333333333333333, 0.5787234042553192, 0.0, 0.0, 0.0, 0.013574662433815894, 0.00019377758878004562, 0.02713987009863135, 0.0027407874918140146, 0.032016526398653024, 0.0300324664770092, 0.049337262007825754, 0.015588464595838982, 0.807909600134061, 0.2224938897095307, 0.4423076730769231, 0.050810013248821694, 0.6984448, 0.2484025231190483, 1
0.28968253968253965, 0.2723404255319149, 0.0, 0.0, 0.0, 0.11538463292725415, 0.006701476774085814, 0.083507303884659, 0.02435178781925344, 0.18099664929501624, 0.17045454894111567, 0.23048602186681869, 0.1387373386208156, 0.6986817237064699, 0.4193154219173132, 0.22222221153846156, 0.23048602186681869, 0.4296633, 0.20159678465549824, 1
0.9444444444444444, 0.22127659574468084, 0.0, 0.0, 0.0, 0.022624438339919423, 0.0007910940115316067, 0.014613787856223828, 0.0025519434184675836, 0.06248386483296251, 0.04626623460822861, 0.09278350447140277, 0.04598596715554272, 0.6986817237064699, 0.2946210354627844, 0.4401709173076923, 0.09278350447140277, 0.54770046, 0.1526731268678337, 5
0.30952380952380953, 0.44680851063829785, 0.0, 0.0, 0.0, 0.061085974232714356, 0.0023737745687564754, 0.058455116101307, 0.0057241259986902425, 0.15130389856867232, 0.15503245734551577, 0.18262149718246318, 0.11457521544582336, 0.807909600134061, 0.32151589665742086, 0.2692307692307692, 0.18262149718246318, 0.40736422, 0.23635455274971612, 1
0.07936507936507936, 0.19574468085106383, 0.0, 0.0, 0.0, 0.03619906208595163, 0.0010765437181838409, 0.025052142689409494, 0.0032016319580877545, 0.8791634935449573, 0.8457792301478958, 0.930780523337404, 0.8565861268406507, 0.3069679713045419, 0.601467008832444, 0.3482905769230769, 0.930780523337404, 0.17560509, 0.11153669777693082, 2
0.8492063492063492, 0.28510638297872337, 0.0, 0.0, 0.0, 0.05429863018775182, 0.0005167389675036453, 0.16283924313875936, 0.0416211394891945, 0.2517428350656184, 0.2288961069083108, 0.30486008612032334, 0.21745907350088622, 0.5894538574483704, 0.4547677319450507, 0.2841880192307692, 0.30486008612032334, 0.33970988, 0.1642962075445738, 4
0.5436507936507936, 0.4340425531914894, 0.0, 0.0, 0.0, 0.03846153589279493, 0.0014179119661675973, 0.025052202814666188, 0.002761207400130976, 0.20449265234679018, 0.18181818845926795, 0.24521354753156444, 0.18316444479612018, 0.6064030102780171, 0.3814181045037992, 0.39316236538461535, 0.24521354753156444, 0.32738453, 0.13934339424632464, 5
0.015873015873015872, 0.4638297872340425, 0.0, 0.0, 0.0, 0.01357465876865744, 0.0001291850398089392, 0.018789142716428283, 0.000509350137524558, 0.008004131773946764, 0.001623376593966099, 0.019882179529586305, 0.00155884638943581, 0.7853107302595039, 0.1894865573609676, 0.5256410057692308, 0.019882179529586305, 1.0, 0.1637059870664938, 3
0.24603174603174602, 0.7872340425531915, 0.0, 0.0, 0.0, 0.10859728888229161, 0.003452832187696063, 0.12943632609429, 0.014912240340537003, 0.347792427507124, 0.3238636239946134, 0.40721648227381085, 0.3078721727865262, 0.5499058398289125, 0.5097799800321023, 0.23290596153846155, 0.40721648227381085, 0.2899971, 0.16258191548183598, 6
0.6666666666666666, 0.7404255319148937, 0.0, 0.0, 0.0, 0.024886873866218868, 0.0006439037307173748, 0.05427975522857687, 0.006856854616895875, 0.07487736018210256, 0.05925325276580152, 0.0648011791988131, 0.10054559078579607, 0.6986817237064699, 0.09657702376749316, 0.7863247692307692, 0.09499263332111463, 0.4351852, 0.9191884724806199, 7
0.9087301587301587, 0.08085106382978723, 0.0, 0.0, 0.49999999999999994, 0.029411762430130377, 0.0010352448958622334, 0.11273484878291261, 0.018315806810740014, 0.04905757936661748, 0.03490259655111528, 0.07731958926863336, 0.03273577684377937, 0.7175141189409172, 0.28117360486546616, 0.4423076730769231, 0.07731958926863336, 0.6137184, 0.16541710001974125, 5
0.7301587301587301, 0.14893617021276595, 0.0, 0.0, 0.0, 0.027149217356317135, 0.0005813268076795799, 0.039666127455848986, 0.005651264571054355, 0.9447457147868541, 0.945616842973889, 0.9646539251498238, 0.9228371029512984, 0.5235405003989915, 0.4596577027068227, 0.3504273269230769, 0.9646539251498238, 0.11065291, 0.1337388976865142, 2
0.123015873015873, 0.5574468085106383, 0.0, 0.0, 0.0, 0.07692308318830506, 0.0020013261653069048, 0.033402918547600774, 0.009227020956123119, 0.02685257093269004, 0.012175324089486005, 0.04786450679039391, 0.01870615709411825, 0.7212806003606881, 0.23960880938062318, 0.5106837384615385, 0.04786450679039391, 0.8135803, 0.12553696612111898, 3
0.23809523809523808, 0.5659574468085107, 0.0, 0.0, 0.0, 0.011312213061362287, 9.150604564246785e-05, 0.02713987009863135, 0.00215867472167649, 0.03356571366586255, 0.04383116847539636, 0.03829160450448008, 0.01870615709411825, 0.8926553642822943, 0.16014670528422248, 0.45512817884615386, 0.041237113613865145, 0.5746032, 0.3496955831743067, 1
0.6547619047619048, 0.7574468085106384, 0.0, 0.0, 0.0, 0.15384614194222043, 0.0032521532201255647, 0.14196239743899475, 0.010113981663392274, 0.4071779010744509, 0.37499998721590916, 0.4801177873334478, 0.3608729326306178, 0.4726930419100515, 0.5916870453040095, 0.1773503846153846, 0.4801177873334478, 0.29552308, 0.15617891549636415, 6
0.9603174603174602, 0.4127659574468085, 0.0, 0.0, 0.0, 0.26470588834176223, 0.007415315152830197, 0.06471816116823073, 0.005420818598559267, 0.1652465790936198, 0.14610389491798786, 0.2017673070562054, 0.14497272502033592, 0.6440677905774201, 0.35085574323294333, 0.40384613461538466, 0.2017673070562054, 0.36533174, 0.14710905285611375, 5
0.13888888888888887, 0.6638297872340426, 0.0, 0.0, 0.0, 0.03619910036649549, 0.0008181725921670354, 0.28392481366713224, 0.0301729253438114, 0.09811515873323497, 0.08522727447055783, 0.11119293806190766, 0.0966484786703514, 0.7099811594912061, 0.2176039189477587, 0.5619657903846154, 0.11708395495519916, 0.31450674, 0.0, 7
0.4444444444444444, 0.4680851063829787, 0.0, 0.0, 0.0, 0.01809954692532912, 0.00017224670133638223, 0.022964511104815493, 0.0007033878192534382, 0.04466821648855822, 0.05844155796719514, 0.049337262007825754, 0.026500388339816418, 0.913370993446966, 0.16259169506608656, 0.42735040384615386, 0.05301914541223015, 0.5282187, 0.3590610243740274, 1
0.13888888888888887, 0.48936170212765956, 0.0, 0.0, 0.0, 0.015837108141111046, 9.15061037757416e-05, 0.01670146228006322, 0.001649324557956778, 0.04027885430763298, 0.05438311830857858, 0.04491899768100885, 0.0218238502938784, 0.9171374731718216, 0.16136920017515455, 0.42521365384615384, 0.049337262007825754, 0.5813492, 0.36222594922483575, 1
0.7301587301587301, 0.8808510638297873, 0.0, 0.0, 0.0, 0.04751131057717898, 0.0010819245340000444, 0.04384132674195176, 0.004293091486574984, 0.09553318344022257, 0.07792207972465844, 0.08394698244516213, 0.12470772097559714, 0.6779660962367136, 0.09413203398562907, 0.8141025384615385, 0.11782033123843642, 0.40134683, 0.922585180051259, 7
0.7023809523809523, 0.3829787234042553, 0.0, 0.0, 0.0, 0.018099686608590196, 0.0005598046780136035, 0.022964444967033135, 0.0021586956123117226, 0.940614498547312, 0.923701258736191, 0.9756996025353489, 0.9197193711700896, 0.4011299220530495, 0.5342298558458528, 0.3589743269230769, 0.9756996025353489, 0.14110672, 0.11731023408330121, 2
0.6666666666666666, 0.7574468085106384, 0.0, 0.0, 0.0, 0.09276019214389576, 0.001923594711674222, 0.09185804066143344, 0.011687683038637852, 0.35631293900272465, 0.3344155979349383, 0.4197348923436311, 0.3102104190113665, 0.5612052637492417, 0.5317848704649668, 0.18162392307692304, 0.4197348923436311, 0.30134642, 0.1719710735220346, 6
0.5952380952380952, 0.029787234042553193, 0.0, 0.0, 0.0, 0.03167419347679171, 0.0006618791493532455, 0.020876888914792852, 0.001782347085789129, 0.7815647298703248, 0.7102272507286748, 0.8645065915721163, 0.7622758733507131, 0.07532952670050042, 0.7334963514296309, 0.38034186538461534, 0.8645065915721163, 0.2546684, 0.09573238734885348, 2
0.11904761904761904, 0.14468085106382977, 0.0, 0.0, 0.0, 0.09276017992670092, 0.004612980927490222, 0.1231732659960521, 0.009435101506221349, 0.15285309071582, 0.15016233238504598, 0.19072165618025289, 0.1153546378689123, 0.7627118603849468, 0.35452323230671756, 0.2628204807692307, 0.19072165618025289, 0.42816728, 0.21872806564006503, 1
0.11904761904761904, 0.4340425531914894, 0.0, 0.0, 0.0, 0.020361993854343754, 0.00011303676449963744, 0.010438414206876653, 0.000994445841519319, 0.042860831692047456, 0.05275974039967743, 0.05154639085753762, 0.02416211896610697, 0.8870056472373838, 0.182151597917576, 0.4230769038461538, 0.05228276912899286, 0.56349206, 0.3144287986299064, 1
0.15476190476190474, 0.2723404255319149, 0.0, 0.0, 0.49999999999999994, 0.6266968512827343, 0.027811331657447938, 1.0, 0.20768559266535694, 0.3834237144360562, 0.3465908957257232, 0.43372603509774643, 0.3655494741839602, 0.4482109228510326, 0.4731051553090314, 0.4123931346153846, 0.43372603509774643, 0.29780185, 0.11252111073983523, 3
0.36111111111111105, 0.5787234042553192, 0.0, 0.0, 0.0, 0.12443438154828919, 0.005212371022248911, 0.13361167193570594, 0.021058955468238376, 0.05370514186538008, 0.04707792356267919, 0.0655375554820504, 0.047544814807644116, 0.7683615774298572, 0.20048900257739982, 0.5256410057692308, 0.0655375554820504, 0.3494709, 0.16247083466152318, 3
0.7777777777777778, 0.49361702127659574, 0.0, 0.0, 0.0, 0.0995475117544686, 0.0063731319054154195, 0.32150308782650316, 0.38991977734119193, 0.28401756108497483, 0.2775974003441769, 0.3195876117850691, 0.2525331176139324, 0.6930320117463052, 0.37530564105158426, 0.30555553846153843, 0.3195876117850691, 0.24899939, 0.18916268921897317, 4
0.07142857142857142, 0.6765957446808512, 0.0, 0.0, 0.0, 0.03167420569398656, 0.0011411333459579425, 0.04175362000078689, 0.003686720563195809, 0.13632842792651984, 0.1103896086819025, 0.1251841006982025, 0.1730319462811552, 0.6064030102780171, 0.10635697409299336, 0.8739315961538462, 0.16347569393611416, 0.38746688, 0.943387409529979, 7
0.08333333333333333, 0.4340425531914894, 0.0, 0.0, 0.0, 0.029411757543252436, 0.0014479484113702288, 0.10438413455310945, 0.018239566470203014, 0.10250452370269632, 0.12499999086850656, 0.11192931434514496, 0.07092751064918126, 0.9548022585559705, 0.20048900257739982, 0.31410253846153846, 0.12150221265462288, 0.4513593, 0.34857065015352884, 1
0.007936507936507936, 0.8085106382978724, 0.0, 0.0, 0.9999999999999999, 0.11085972196515209, 0.002439920060935297, 0.1962421263627718, 0.02046217550753111, 0.3743868009105128, 0.3441558332454883, 0.4455080821391157, 0.32813718384607377, 0.49717511012161203, 0.5745721586402527, 0.17948713461538462, 0.4455080821391157, 0.30885938, 0.16063980433093855, 6
0.007936507936507936, 0.12340425531914893, 0.0, 0.0, 0.0, 0.05429866276693807, 0.003940145400037583, 0.04175366509472941, 0.013873728880157173, 0.11980376513721969, 0.1144480534541554, 0.15463917853726672, 0.08807481798675547, 0.7551789060199814, 0.33129586018585533, 0.31196578846153844, 0.15463917853726672, 0.4630599, 0.21048415615580718, 1
0.6666666666666666, 0.9148936170212767, 0.0, 0.0, 0.0, 0.06334840731557483, 0.002070490373057204, 0.08977034519375421, 0.008445051735428945, 0.08288149056178128, 0.07386363495240555, 0.05301914541223015, 0.12314886209980162, 0.741996224440614, 0.0, 0.9059828846153846, 0.1163475654171755, 0.5483297, 0.8353857105865201, 7
0.23809523809523808, 0.548936170212766, 0.0, 0.0, 0.0, 0.09954752397166346, 0.0014640968174793965, 0.052192067276554725, 0.004487133267845449, 0.16034082603689626, 0.1306818252379722, 0.21354932096060883, 0.13250195222129532, 0.5725047046187237, 0.43276284151218625, 0.3418803269230769, 0.21354932096060883, 0.4443531, 0.1449090578127898, 4
0.36904761904761907, 0.3659574468085106, 0.0, 0.0, 0.0, 0.024886873866218868, 0.0007761184442198885, 0.029227541140425053, 0.0029824478061558613, 0.1365866254558211, 0.11201298366872577, 0.1840942630037241, 0.10989867389248094, 0.6158191968782915, 0.3985330131724465, 0.3525640769230769, 0.1840942630037241, 0.4474942, 0.15275706561357244, 5
0.9166666666666666, 0.4808510638297872, 0.0, 0.49999999999999994, 0.0, 0.08597286438852635, 0.0021808946158560537, 0.07724424378642111, 0.003213193516699411, 0.2853085557028212, 0.2613636504759444, 0.3409425505085232, 0.2494154349363855, 0.5706214503495161, 0.4755501296874721, 0.2692307692307692, 0.3409425505085232, 0.31709695, 0.160342352489747, 4
0.8531746031746031, 0.26382978723404255, 0.0, 0.0, 0.0, 0.03619909385065824, 0.0011411345958233278, 0.06471816116823073, 0.005651356057629339, 0.033823911195163786, 0.01298701304393658, 0.06406480291557583, 0.0218238502938784, 0.6760828589166585, 0.28728607932012634, 0.47863245576923075, 0.06406480291557583, 0.82250714, 0.12766090182448414, 3
0.3928571428571428, 0.5361702127659576, 0.0, 0.0, 0.0, 0.018099548147048602, 0.0007293521729709052, 0.03131523660810429, 0.005302316961362149, 0.008004131773946764, 0.001623376593966099, 0.01767304869165649, 0.0038971163243299665, 0.7853107302595039, 0.17848411214453536, 0.544871773076923, 0.01767304869165649, 0.95, 0.13921294820529878, 3
0.07142857142857142, 0.451063829787234, 0.0, 0.0, 0.0, 0.0, 0.0, 0.0, 0.0, 0.0, 0.0, 0.0, 0.0, 0.8323917090235883, 0.12836186452585782, 0.5790598076923077, 0.0, 0.0, 0.5153372377127846, 3
0.7896825396825397, 0.6382978723404256, 0.0, 0.0, 0.0, 0.10407241864417238, 0.0007535803193289792, 0.4321503200561359, 0.6329766208251474, 0.29150531034873156, 0.2613636504759444, 0.3409425505085232, 0.2681215660757111, 0.5254237377190464, 0.44621029411439483, 0.37179484615384617, 0.3409425505085232, 0.30298296, 0.1155601172168435, 6
0.5555555555555556, 0.8382978723404256, 0.0, 0.0, 0.0, 0.07918551219876725, 0.003837869351571291, 0.09394569479299869, 0.008658951538965292, 0.12935708766404608, 0.11282467846733214, 0.09867452136469425, 0.17770849484930645, 0.6741996215966037, 0.007334967145103219, 0.9700854615384615, 0.16789396489032427, 0.4408947, 0.8746470974815813, 7
0.05952380952380952, 0.3702127659574468, 0.0, 0.49999999999999994, 0.0, 0.029411762430130377, 0.001035245084795373, 0.025052191541180557, 0.004782558808120498, 0.01058610985549527, 0.0024350649640010958, 0.019145801920870384, 0.009353078897799565, 0.7721280537648822, 0.17359413808202978, 0.5683760461538462, 0.019145801920870384, 0.9166667, 0.10106166874191874, 3
0.11507936507936507, 0.21702127659574466, 0.0, 0.0, 0.0, 0.0746606460330463, 0.0012111106202079107, 0.06889352579878939, 0.006330502292075967, 0.1476891261871147, 0.15016233238504598, 0.18041236170535815, 0.11067809631556987, 0.8003766440741804, 0.32762836010963586, 0.2670940192307692, 0.18041236170535815, 0.4194691, 0.2332983688262677, 1
0.6309523809523809, 0.5787234042553192, 0.0, 0.0, 0.0, 0.0, 0.0, 0.0, 0.0, 0.0, 0.0, 0.0, 0.0, 0.8323917090235883, 0.12836186452585782, 0.5790598076923077, 0.0, 0.0, 0.5153372377127846, 5
0.8333333333333333, 0.6340425531914894, 0.0, 0.0, 0.0, 0.05882351671546418, 0.0018804082292880953, 0.0542797401972627, 0.011605851342501639, 0.1621482157133452, 0.12987013774456055, 0.15537555482050402, 0.2003117591485032, 0.5536722975198693, 0.13447433457953997, 0.8846153653846154, 0.18924889035899195, 0.37821564, 0.9670095091266936, 7
0.11507936507936507, 0.1319148936170213, 0.0, 0.49999999999999994, 0.0, 0.05203618081529821, 0.000995799638440104, 0.03549058620734878, 0.005069237066142765, 0.8856184317774882, 0.854707785270229, 0.9396171580293288, 0.8581449646720197, 0.32203390376328644, 0.6149144174248717, 0.30769228846153845, 0.9396171580293288, 0.17463355, 0.1197569690438487, 2
0.047619047619047616, 0.523404255319149, 0.0, 0.0, 0.0, 0.01583710243975345, 9.150612412238739e-05, 0.014613779213218178, 0.00041233152586771455, 0.03692228154677867, 0.04951298604291407, 0.041237113613865145, 0.020265002641777, 0.9077212814868014, 0.15892421149353497, 0.4401709173076923, 0.04639175223570138, 0.5873016, 0.35935049425751986, 1
0.24206349206349206, 0.8893617021276596, 0.0, 0.0, 0.0, 0.12443441005507717, 0.022182145062573926, 0.13778704783975027, 0.03987485003274394, 0.0570617097462962, 0.04788960813401292, 0.04270986883129699, 0.08106000916414624, 0.7495291821954099, 0.07090464976207707, 0.77350425, 0.07658320635800289, 0.48671728, 0.8730981020203583, 7
0.5833333333333334, 0.3446808510638298, 0.0, 0.0, 0.0, 0.04977375994963259, 0.0008181729264333594, 0.08768266475738914, 0.025030923379174855, 0.16498838156431855, 0.16883115934390291, 0.2010309307729681, 0.12314886209980162, 0.8041431221041206, 0.3484107688545025, 0.2264956923076923, 0.2010309307729681, 0.4209725, 0.23540854548049422, 1
0.27380952380952384, 0.7914893617021277, 0.0, 0.0, 0.0, 0.11085977490632976, 0.0026958196798862214, 0.17118998367336233, 0.014056888015717093, 0.38652207781633086, 0.3587662227372871, 0.46097204373363737, 0.33437256323078524, 0.5103578052603017, 0.5941320306848955, 0.13034184615384614, 0.46097204373363737, 0.31473875, 0.16934051424659807, 6
0.5396825396825397, 0.16170212765957448, 0.0, 0.0, 0.0, 0.04298649735263569, 0.001350086422378055, 0.0668059205189952, 0.006994465618860511, 0.864704410990067, 0.826298723000822, 0.930780523337404, 0.8316445882573783, 0.2768361063870526, 0.669926643507033, 0.2628204807692307, 0.930780523337404, 0.19462235, 0.12163836945867124, 2
0.24206349206349206, 0.7148936170212766, 0.0, 0.0, 0.0, 0.027149327311070757, 0.0003229627884554875, 0.058455116101307, 0.003686726260641782, 0.08236509550317879, 0.07142857247217067, 0.06259205034910124, 0.11379579302273442, 0.7288135547256535, 0.050122255320389164, 0.8333333076923077, 0.10751105001832804, 0.41976216, 0.8647948662509327, 7
0.09523809523809523, 0.851063829787234, 0.0, 0.0, 0.0, 0.06787330198808376, 0.0021315534184472283, 0.06263048448969422, 0.011933347085789131, 0.1141234194925924, 0.10064935145576824, 0.09720176879821966, 0.14497272502033592, 0.7005649661112706, 0.07212714575325363, 0.8269230576923077, 0.13696613448478545, 0.33385554, 0.8980326268930445, 7
0.015873015873015872, 0.45531914893617026, 0.0, 0.0, 0.0, 0.0022624437932679594, 0.00019777343748296873, 0.0020876828037970454, 0.0008911773411918795, 0.00025819778724083, 0.0, 0.0007363770122505375, 0.0, 0.8305084698391266, 0.1308068523272818, 0.576923055576923, 0.0007363770122505375, 0.11111111, 0.1573634927132589, 3
0.988095238095238, 0.05531914893617022, 0.0, 0.0, 0.0, 0.04751131057717898, 0.0014048844448584824, 0.060542728896758276, 0.002740792927308448, 0.8479215367287851, 0.8092532564183988, 0.9131075853232137, 0.8160561117363644, 0.28060259797631515, 0.661369194673932, 0.27350424999999995, 0.9131075853232137, 0.19597653, 0.12086883695014011, 2
0.4722222222222222, 0.3872340425531915, 0.0, 0.49999999999999994, 0.0, 0.11990946651378885, 0.0026958188078871153, 0.045929007178316814, 0.00563629639816634, 0.3601859228562641, 0.3441558332454883, 0.4131074991671023, 0.3195635231624778, 0.6007532813686997, 0.4804401114516894, 0.2264956923076923, 0.4131074991671023, 0.2694, 0.17437256599429646, 4
0.6428571428571428, 0.30638297872340425, 0.0, 0.49999999999999994, 0.0, 0.10180995705452392, 0.008833013769883213, 0.05845512361696409, 0.00514200373280943, 0.4619158469997164, 0.43993504513039733, 0.5279823451547692, 0.4130943051256647, 0.5254237377190464, 0.5709046365591428, 0.1538461538461538, 0.5279823451547692, 0.26032928, 0.16875092617201892, 4
0.5476190476190477, 0.26382978723404255, 0.0, 0.0, 0.0, 0.07013571470895283, 0.0012030096758474124, 0.029227541140425053, 0.006572990831696136, 0.3227472253368622, 0.3336039031363319, 0.3387334216588113, 0.2954013859578679, 0.8003766440741804, 0.28728607932012634, 0.3376068269230769, 0.3387334216588113, 0.1761556, 0.2279202898117233, 4
0.8055555555555556, 0.7617021276595746, 0.0, 0.0, 0.0, 0.05203618081529821, 0.0014506362032810126, 0.06054277774852935, 0.007359631958087755, 0.3449522337707896, 0.3271104031890389, 0.4020618615459362, 0.301636779372197, 0.5932203320884801, 0.49755504212522705, 0.20512817307692305, 0.4020618615459362, 0.29078844, 0.1756171018998598, 6
0.23809523809523808, 0.7063829787234043, 0.0, 0.0, 0.0, 0.05203623375647588, 0.0012786624289447895, 0.06263049952100838, 0.006174257367387034, 0.35605474844476376, 0.3384740134864122, 0.41826213977715654, 0.30709275737824604, 0.5913370947684253, 0.5256723740054161, 0.1581196153846154, 0.41826213977715654, 0.30621472, 0.18101719539302602, 6
0.9365079365079365, 0.26382978723404255, 0.0, 0.0, 0.0, 0.09276011069593011, 0.0020419560916476874, 0.056367428149284846, 0.005119425016371972, 0.30338241063926913, 0.2832792347136425, 0.35125183835602475, 0.2720187132651999, 0.5913370947684253, 0.44132031235017766, 0.30555553846153843, 0.35125183835602475, 0.27433428, 0.15701833713772467, 4
0.5238095238095238, 0.748936170212766, 0.0, 0.0, 0.0, 0.07692307097111022, 0.0022023117858963152, 0.07933194676975742, 0.011687677144728226, 0.41389105077896365, 0.3847402663576277, 0.4911634978559389, 0.3600935102075289, 0.4915254320597531, 0.6149144174248717, 0.11538461538461536, 0.4911634978559389, 0.30745777, 0.16777511047832783, 6
0.023809523809523808, 0.11914893617021276, 0.0, 0.49999999999999994, 0.0, 0.056561156935772794, 0.0016417257966838163, 0.06889352579878939, 0.004584145383104126, 0.7903434249525461, 0.7491883380747699, 0.8748158993017975, 0.7404520735634583, 0.2824858861438285, 0.7432763149580653, 0.12820509615384612, 0.8748158993017975, 0.22295359, 0.13962840312133862, 2
0.6507936507936508, 0.5276595744680852, 0.0, 0.0, 0.0, 0.01809954692532912, 0.00039554678776602693, 0.008350729636900193, 0.002643658808120498, 0.009811515873323498, 0.005681818298037189, 0.022091310367516125, 0.000779423194717905, 0.8003766440741804, 0.19193154714283167, 0.5042734846153846, 0.022091310367516125, 0.9722222, 0.19388411120388266, 5
0.7698412698412698, 0.7276595744680852, 0.0, 0.0, 0.0, 0.04751130243238241, 0.0006297758337365117, 0.02296449231567278, 0.0024497317616241, 0.13865221963291152, 0.1233766304920728, 0.12002944683336195, 0.1730319462811552, 0.6798493335567684, 0.06968215487114501, 0.8547008269230769, 0.16347569393611416, 0.31489658, 0.9036146645825838, 7
0.3373015873015873, 0.7872340425531915, 0.0, 0.49999999999999994, 0.0, 0.05429859353616728, 0.001263276440720556, 0.08350729261117339, 0.01092918729535036, 0.4293829304223991, 0.4017857110244666, 0.5014727724486541, 0.3795790918291787, 0.49717511012161203, 0.5929095269920073, 0.14743586538461534, 0.5014727724486541, 0.28752622, 0.16516750574077105, 6
0.626984126984127, 0.42127659574468085, 0.0, 0.0, 0.0, 0.033936638776847036, 0.0010045640433203342, 0.016701432217434874, 0.0017823536345776033, 0.22050091310614758, 0.19886362582091213, 0.2606774826165134, 0.19875292131713415, 0.6082862475980719, 0.3826405861917971, 0.38888886538461537, 0.2606774826165134, 0.3074441, 0.1414941985524797, 5
0.3412698412698413, 0.4425531914893617, 0.0, 0.0, 0.0, 0.06787331827767688, 0.0026482920952845047, 0.15657620182966417, 0.027577685003274396, 0.15362768330372376, 0.15584415944931687, 0.18556700894280553, 0.11769291215298791, 0.7966101626544095, 0.3251833967336403, 0.27564099999999997, 0.18556700894280553, 0.3973624, 0.23852420951698905, 1
0.9246031746031745, 0.3276595744680851, 0.0, 0.0, 0.0, 0.02488687793861715, 0.00034987615432698305, 0.0354906049964915, 0.00215867472167649, 0.01936483352021173, 0.003246753260984145, 0.04270986883129699, 0.0101325013208885, 0.7137476392160617, 0.2493887619066124, 0.5021367307692308, 0.04270986883129699, 0.93849206, 0.12742698089714127, 3
0.6746031746031746, 0.0851063829787234, 0.0, 0.0, 0.0, 0.029411731887143258, 0.0006082435016809963, 0.025052093837638432, 0.004656907662082516, 0.9509424694327644, 0.9553572243883343, 0.9639174892200478, 0.932969573407028, 0.5461393312904972, 0.426650367057526, 0.38247861538461536, 0.9639174892200478, 0.100709505, 0.13051052909098831, 2
0.24206349206349206, 0.09361702127659575, 0.0, 0.0, 0.0, 0.02488686164902402, 0.00047905876707174416, 0.027139841914917275, 0.0004123299607072692, 0.7761425678123182, 0.7142857247217068, 0.8748158993017975, 0.7310989483679204, 0.14312613801908702, 0.8105134679446565, 0.16880338461538458, 0.8748158993017975, 0.25913006, 0.12385875524189865, 2
0.49603174603174605, 0.4680851063829787, 0.0, 0.0, 0.0, 0.0678732938432872, 0.0011626666372124745, 0.07515657838137023, 0.016008138179436807, 0.1611154116534597, 0.158279214624357, 0.19955816495170717, 0.12314886209980162, 0.7589453772702606, 0.3594132140709348, 0.25854699999999997, 0.19955816495170717, 0.4155243, 0.2178108070921489, 1
0.8809523809523809, 0.26382978723404255, 0.0, 0.0, 0.0, 0.061085974232714356, 0.0018570348745869086, 0.08768266475738914, 0.0069853673870334, 0.0405370539283363, 0.017045455624631042, 0.0706921960921046, 0.031176929893158848, 0.6553672144977494, 0.28850856100812416, 0.49999998076923075, 0.0706921960921046, 0.7899301, 0.11271132745767815, 3
0.8968253968253967, 0.47659574468085103, 0.0, 0.0, 0.0, 0.006787330606048204, 0.0001130369040194944, 0.016701458522234678, 0.0013582672560576293, 0.004905757936661749, 0.0, 0.013254786353057537, 0.000779423194717905, 0.7966101626544095, 0.1711491505006547, 0.544871773076923, 0.013254786353057537, 1.0, 0.1524309505110077, 3
0.8531746031746031, 0.9957446808510639, 0.0, 0.49999999999999994, 0.49999999999999994, 0.1289592802931964, 0.004384151939449544, 0.0814196196904654, 0.008138553372626065, 0.06790601991962882, 0.05438311830857858, 0.04712812851893867, 0.1028838650698717, 0.7156308765361166, 0.04156479548484293, 0.8632478461538462, 0.09720176879821966, 0.57276654, 0.8690477456097097, 7
0.3055555555555556, 0.39574468085106385, 0.0, 0.49999999999999994, 0.0, 0.038461574173338786, 0.0005436533652407495, 0.056367428149284846, 0.006621568434839555, 0.4552026903238634, 0.4366883243775298, 0.516936667769244, 0.4076383271196156, 0.5517890771489674, 0.5476772644382806, 0.16452990384615385, 0.516936667769244, 0.25469732, 0.1721588119018339, 4
0.47619047619047616, 0.0, 0.0, 0.0, 0.0, 0.04072398282180957, 0.00045215445545763165, 0.10855955179326772, 0.03308351015062214, 0.9999999999999999, 0.9999999999999999, 1.0, 1.0, 0.49905838133997255, 0.37408314836114126, 0.5277777557692308, 1.0, 0.09277301, 0.08433755305993568, 2
0.003968253968253968, 0.40425531914893614, 0.0, 0.0, 0.0, 0.009049773869904387, 0.0002501658033633296, 0.004175365006341523, 0.001127260052390308, 0.003872967122322762, 0.0, 0.011045654852388403, 0.0, 0.8041431221041206, 0.1650366815472171, 0.5470085269230769, 0.011045654852388403, 1.0, 0.1573634927132589, 3
0.34523809523809523, 0.33191489361702126, 0.0, 0.0, 0.0, 0.07013573914334252, 0.00422542761019489, 0.11064718337786172, 0.031846483300589395, 0.15259490015785904, 0.15584415944931687, 0.1840942630037241, 0.1161340532771924, 0.8041431221041206, 0.3227383893478638, 0.2713675, 0.1840942630037241, 0.4004446, 0.23992291514085085, 1
0.6468253968253969, 0.4595744680851063, 0.0, 0.0, 0.0, 0.04298641590467005, 0.00228765361172583, 0.05427973268160561, 0.005433064833005894, 0.20552544246399512, 0.16964284683731454, 0.2673048757930422, 0.17459080515695072, 0.5141242629512587, 0.4865525969087948, 0.31410253846153846, 0.2673048757930422, 0.42571348, 0.14140195310129822, 5
0.2579365079365079, 0.09787234042553193, 0.0, 0.0, 0.0, 0.045248877494318496, 0.001777761145202239, 0.020876841941936064, 0.003822728225278324, 0.3782597638500314, 0.33766231868780583, 0.4661266710889052, 0.32424003665658496, 0.4237288207411664, 0.6589241982906008, 0.11538461538461536, 0.4661266710889052, 0.34747013, 0.15734217900608394, 4
0.3214285714285714, 0.5191489361702128, 0.0, 0.49999999999999994, 0.0, 0.09502268224033218, 0.0031095089903834484, 0.043841307952809036, 0.007005804846103471, 0.33927190206884283, 0.30357143665932274, 0.41458027161575645, 0.2938425551413077, 0.470809770691691, 0.586797096547128, 0.1880341538461538, 0.41458027161575645, 0.33914515, 0.15439059804006194, 4
0.9444444444444444, 0.2, 0.0, 0.0, 0.0, 0.042986391470280355, 0.0011249831231839708, 0.03757833428462763, 0.004656893254747872, 0.6462690711469891, 0.5616882787200627, 0.785714309383547, 0.579890886051726, 0.028248593699128688, 0.9816626646555812, 0.0, 0.785714309383547, 0.35133117, 0.13259629838848208, 2
0.7738095238095238, 0.9574468085106385, 0.0, 0.0, 0.0, 0.0995475117544686, 0.009925715849499347, 0.12526095019024572, 0.049770779305828426, 0.11205783925818247, 0.09577921919010372, 0.11045656177867039, 0.12938425551413077, 0.6817325708768232, 0.14792176737734725, 0.7158119423076923, 0.12297495859370426, 0.29272884, 0.9921695114853877, 7
0.6626984126984127, 0.3702127659574468, 0.0, 0.0, 0.0, 0.029411731887143258, 0.00022068835318754182, 0.06263047321620858, 0.004947961100196465, 0.6436871028253169, 0.5649350798300724, 0.774668598861056, 0.5806703014600062, 0.06967983168948866, 0.9388752994631786, 0.027777769230769245, 0.774668598861056, 0.3382884, 0.1327293595034436, 2
0.5396825396825397, 0.5191489361702128, 0.0, 0.0, 0.0, 0.027149323238672474, 0.0006459250973114668, 0.043841330499780305, 0.001382520825147348, 0.044926416806395565, 0.05681818078881346, 0.05228276912899286, 0.025720965916727484, 0.9001883203421749, 0.17603912896413837, 0.41880340384615383, 0.054491897978704726, 0.5582011, 0.3311438213750675, 1
0.3293650793650793, 0.4808510638297872, 0.0, 0.0, 0.0, 0.049773776239225714, 0.0013587480766969718, 0.08977036398289692, 0.010994395546823839, 0.10224632617339509, 0.05519480287991231, 0.15979380589253456, 0.0865159731405776, 0.470809770691691, 0.4400978196597347, 0.44444442307692306, 0.15979380589253456, 0.6911226, 0.10569670782701884, 3
0.3849206349206349, 0.5148936170212767, 0.0, 0.0, 0.0, 0.01809954692532912, 0.0005598020620162857, 0.020876823152793347, 0.005142013097576949, 0.005163955465962989, 0.0008116882969830495, 0.013254786353057537, 0.000779423194717905, 0.8003766440741804, 0.1699266567099672, 0.5427350230769231, 0.013254786353057537, 0.9814815, 0.1573634927132589, 3
0.1349206349206349, 0.9872340425531916, 0.0, 0.49999999999999994, 0.0, 0.07692308318830506, 0.002691354463131224, 0.07515657086571313, 0.0046569115913556, 0.0929512011758699, 0.07224025996558231, 0.08026509440158251, 0.1262665588069662, 0.6572504687669571, 0.08801956503219145, 0.848290576923077, 0.11929307717751783, 0.4522286, 0.9201285488305238, 7
0.14682539682539683, 0.4808510638297872, 0.0, 0.0, 0.49999999999999994, 0.2171945818369815, 0.0069395650846325995, 0.24425887410271038, 0.029763182711198433, 0.052930547186074275, 0.0300324664770092, 0.08541973501163672, 0.04053000598503488, 0.6553672144977494, 0.30317849529833063, 0.4743589480769231, 0.08541973501163672, 0.7721516, 0.12807601490079384, 3
0.007936507936507936, 0.48936170212765956, 0.0, 0.0, 0.0, 0.04751133908396696, 0.001081926437864759, 0.035490611009017174, 0.0039050207596594633, 0.40304675454831157, 0.38230518196180857, 0.46686300098039024, 0.3554169896986129, 0.5536722975198693, 0.545232301062285, 0.16666663461538456, 0.46686300098039024, 0.28073832, 0.17246708297048474, 4
0.5238095238095238, 0.5829787234042554, 0.0, 0.0, 0.0, 0.00452488774943185, 0.0002501658033633296, 0.002087682540749047, 0.0008911772757039948, 0.00025819778724083, 0.0, 0.0007363770122505375, 0.0, 0.8305084698391266, 0.1308068523272818, 0.576923055576923, 0.0007363770122505375, 0.11111111, 0.1573634927132589, 5
0.03571428571428571, 0.8042553191489362, 0.0, 0.0, 0.0, 0.1289592802931964, 0.0044055112668824475, 0.1482254688107183, 0.01624291421087099, 0.3733540107933079, 0.3392857009798238, 0.4462444915593189, 0.3289165992543539, 0.470809770691691, 0.5831295854684633, 0.19444442307692306, 0.4462444915593189, 0.31303197, 0.15354558731911339, 6
1.0, 0.6297872340425532, 0.0, 0.0, 0.0, 0.14479637295919398, 0.010959197563169432, 0.5574112213946105, 1.0, 0.25535761441851634, 0.2288961069083108, 0.30633282543201157, 0.22681217063718875, 0.5630885010692965, 0.4449878014239519, 0.33119655769230766, 0.30633282543201157, 0.29484537, 0.11933778807475015, 6
0.9087301587301587, 0.16170212765957448, 0.0, 0.0, 0.0, 0.02262445300055324, 0.0005598031084152128, 0.02505228548689414, 0.00174635068762279, 0.841466598496254, 0.789772749271325, 0.9234168267789629, 0.8043647262863686, 0.19209034223881927, 0.7432763149580653, 0.23076923076923073, 0.9234168267789629, 0.22387896, 0.11957627256249048, 2
0.5317460317460317, 0.14468085106382977, 0.0, 0.0, 0.0, 0.049773747732437736, 0.0022445342732708585, 0.07724424378642111, 0.00999550163719712, 0.3699974289697112, 0.35146102799138773, 0.42268042398615296, 0.3320342749170919, 0.5800376538989432, 0.4816625931396872, 0.24786324999999998, 0.42268042398615296, 0.25936732, 0.16565144824674677, 4
0.46825396825396826, 0.5319148936170214, 0.0, 0.0, 0.0, 0.02488688038205612, 0.0006082465536778669, 0.037578289190685114, 0.0029105723641126395, 0.04363542427995118, 0.05681818078881346, 0.04786450679039391, 0.026500388339816418, 0.9096045120271952, 0.16014670528422248, 0.4358974096153846, 0.05301914541223015, 0.52954143, 0.3573036092293309, 1
0.7341269841269841, 0.7191489361702128, 0.0, 0.0, 0.0, 0.16515839287688674, 0.004337508997940774, 0.12526095019024572, 0.020937917485265228, 0.432739491331975, 0.4009740308362497, 0.5139911891458675, 0.37724084560433835, 0.4670433130007341, 0.6393643042410675, 0.10042730769230768, 0.5139911891458675, 0.30690557, 0.1659464901178408, 6
0.9166666666666666, 0.851063829787234, 0.0, 0.49999999999999994, 0.0, 0.10859728888229161, 0.008849177145310366, 0.06263047321620858, 0.01135123313686968, 0.10766848126006139, 0.09090909422963397, 0.10088365021440611, 0.13094310737511747, 0.6798493335567684, 0.12102690068148816, 0.76495725, 0.12371134813172793, 0.33542147, 0.952031425326393, 7
0.75, 0.4595744680851063, 0.0, 0.0, 0.0, 0.04524885305992881, 0.0018804101186194915, 0.03549065760609111, 0.0050569875573019, 0.27782082038174505, 0.2646103712288119, 0.3195876117850691, 0.24629772419960325, 0.6478342652175298, 0.40464547662466155, 0.30555553846153843, 0.3195876117850691, 0.27171725, 0.17247202255458544, 4
0.38095238095238093, 0.39574468085106385, 0.0, 0.0, 0.0, 0.09049774277144215, 0.005275057729974141, 0.056367424391456304, 0.008658954813359529, 0.13038987778125108, 0.14042206785371697, 0.1539027889992431, 0.09586905624726247, 0.858757058623001, 0.27750611579169193, 0.28846151923076924, 0.1539027889992431, 0.4100093, 0.2680774848116335, 1
0.14285714285714285, 0.40425531914893614, 0.0, 0.0, 0.0, 0.09049774277144215, 0.0036602416803655302, 0.07933194676975742, 0.020568044531761625, 0.13942680524947498, 0.14610389491798786, 0.16642119906906333, 0.10444270991604956, 0.8323917090235883, 0.2970660208436704, 0.2841880192307692, 0.16642119906906333, 0.40815476, 0.2491090887492854, 1
0.5912698412698413, 0.5404255319148936, 0.0, 0.0, 0.0, 0.01809954692532912, 0.00010765419015190369, 0.016701455891754695, 0.00048509544859201055, 0.037955076543921815, 0.05113636322129575, 0.041973491222581066, 0.021044426467827698, 0.9114877527370806, 0.15770171880309197, 0.43803416346153845, 0.04639175223570138, 0.5674603, 0.3648387584722841, 1
0.4087301587301587, 0.425531914893617, 0.0, 0.0, 0.0, 0.015837096738395853, 0.0005663371721156195, 0.03966598090053581, 0.00290145828421742, 0.4195713964235909, 0.38879868190910155, 0.4963180854468477, 0.36788774145322706, 0.47834271997191047, 0.613691935736874, 0.13247863461538456, 0.4963180854468477, 0.29966387, 0.16358410411070828, 4
0.0, 0.9957446808510639, 0.0, 0.0, 0.0, 0.0769230750435085, 0.0031435030035282534, 0.11899790512332196, 0.021465475442043223, 0.04466821648855822, 0.04545454565377804, 0.03976435905917261, 0.04910366175826463, 0.8229755122538223, 0.11491443172805053, 0.6132478423076924, 0.04786450679039391, 0.19104938, 0.8155827811909526, 7
0.6388888888888888, 0.24255319148936172, 0.0, 0.0, 0.0, 0.07466066232263943, 0.0032134765717820217, 0.05845512361696409, 0.006306240144073347, 0.3958172237278768, 0.3798701267867684, 0.45213547531564446, 0.35151985653874174, 0.5894538574483704, 0.5061124689534376, 0.19444442307692306, 0.45213547531564446, 0.26505277, 0.17617961626781098, 4
0.7023809523809523, 0.3829787234042553, 0.0, 0.0, 0.0, 0.018099686608590196, 0.0005598046780136035, 0.022964444967033135, 0.0021586956123117226, 0.940614498547312, 0.923701258736191, 0.9756996025353489, 0.9197193711700896, 0.4011299220530495, 0.5342298558458528, 0.3589743269230769, 0.9756996025353489, 0.14110672, 0.11731023408330121, 2
0.3015873015873016, 0.37446808510638296, 0.0, 0.0, 0.0, 0.06561085668802843, 0.011653567544542076, 0.11482252921927767, 0.0967522953503602, 0.02891815116709996, 0.008116883700349969, 0.059646538588758916, 0.016367888421889683, 0.6779660962367136, 0.28850856100812416, 0.4743589480769231, 0.059646538588758916, 0.91089994, 0.12979787871355458, 3
0.5753968253968254, 0.7276595744680852, 0.0, 0.0, 0.0, 0.09276021657828545, 0.002478094728460205, 0.11064718337786172, 0.010461374590700722, 0.3038988056978716, 0.29464287423179486, 0.34830633985046877, 0.2657833198508708, 0.6666666553672315, 0.42420540368153037, 0.25, 0.34830633985046877, 0.27866945, 0.18731343883077145, 6
0.15873015873015872, 0.22127659574468084, 0.0, 0.49999999999999994, 0.0, 0.06108599052230748, 0.0015986643008362035, 0.07306887539803389, 0.016129417157825805, 0.1559514610674349, 0.1485389647034175, 0.19661265981875803, 0.12003116539263708, 0.7288135547256535, 0.3691931775993692, 0.27564099999999997, 0.19661265981875803, 0.42265132, 0.20530813860575542, 1
0.6825396825396826, 0.7106382978723405, 0.0, 0.0, 0.0, 0.05656109177740028, 0.0039024637026738836, 0.18789142716428284, 0.06810740013097578, 0.13632842792651984, 0.12418831068028968, 0.12002944683336195, 0.16523771503545703, 0.702448206821156, 0.08068460008757726, 0.8098290384615385, 0.1561119244763481, 0.29896173, 0.904030803178084, 7
0.17857142857142858, 0.33191489361702126, 0.0, 0.0, 0.0, 0.022624438339919423, 0.000250165716163419, 0.1356993598877281, 0.025133726260641785, 0.09914794885043994, 0.07467532244581719, 0.146539019539477, 0.07248636251016796, 0.6290018750678283, 0.3887530606464573, 0.3547008269230769, 0.146539019539477, 0.5488248, 0.15515589173593913, 5
0.9523809523809523, 0.2978723404255319, 0.0, 0.0, 0.0, 0.061085974232714356, 0.0016632606866033759, 0.045929033483116624, 0.004850959397511461, 0.2667183196504514, 0.25243507343802696, 0.31296021860854034, 0.2314886911461047, 0.6440677905774201, 0.42420540368153037, 0.27564099999999997, 0.31296021860854034, 0.30079645, 0.1761355360346079, 4
0.376984126984127, 0.14893617021276595, 0.0, 0.0, 0.0, 0.06787333049487174, 0.0023534196389603966, 0.08350724375940231, 0.009227021611001966, 0.43454686706574336, 0.38879868190910155, 0.5243004637385827, 0.3834762249890499, 0.36911485371381103, 0.6821515924163535, 0.13675211538461535, 0.5243004637385827, 0.32671866, 0.14746577970651353, 4
0.44047619047619047, 0.3617021276595745, 0.0, 0.0, 0.0, 0.03846154159415253, 0.0007374311138872978, 0.04175365382124378, 0.002231437262606418, 0.026594372009120747, 0.008116883700349969, 0.05670102682841659, 0.012470771396078833, 0.6949152490663602, 0.2848410829367951, 0.4615384423076923, 0.05670102682841659, 0.87222224, 0.14166633194859762, 3
0.18650793650793648, 0.44680851063829785, 0.0, 0.0, 0.0, 0.05429864647734495, 0.0004521481770640691, 0.07933193173844326, 0.008634702685003276, 0.020914020787421248, 0.00649350652196829, 0.03976435905917261, 0.014809041471269165, 0.7250470716109673, 0.22738387147374794, 0.5277777557692308, 0.03976435905917261, 0.8755291, 0.11999731655811835, 3
0.2341269841269841, 0.8127659574468086, 0.0, 0.0, 0.0, 0.09276016770950607, 0.0027304188604105285, 0.07098119871949737, 0.006572997380484611, 0.42964112098036006, 0.4017857110244666, 0.5036818814161864, 0.3780202610126185, 0.4952918728015571, 0.6026894905204417, 0.13247863461538456, 0.5036818814161864, 0.29352704, 0.16605601556738137, 6
0.8055555555555556, 0.30638297872340425, 0.0, 0.0, 0.0, 1.0, 1.0, 0.3131523660810429, 0.7940041257367387, 0.16240641324264643, 0.14448052723635935, 0.18924889035899195, 0.15120809739023855, 0.6534839941268473, 0.3019560026078876, 0.47863245576923075, 0.18924889035899195, 0.5041609, 0.11857365663395547, 3
0.2579365079365079, 0.08936170212765958, 0.0, 0.0, 0.0, 0.038461521232161115, 0.0015446622682062875, 0.06680587166722414, 0.008584947609692209, 0.8799380443048194, 0.8409091124926208, 0.9425626366527051, 0.8511301558494105, 0.2674199706342367, 0.6564792349146052, 0.2970085192307692, 0.9425626366527051, 0.19062504, 0.11645368627146008, 2
0.4007936507936508, 0.225531914893617, 0.0, 0.0, 0.0, 0.027149323238672474, 0.0010161774727460312, 0.05010428537881899, 0.006017917157825802, 0.7583269173765118, 0.7037337800021608, 0.8365242795543131, 0.7279812867348001, 0.19962335931565012, 0.704156482849218, 0.2905982692307692, 0.8365242795543131, 0.2367968, 0.11274532341884169, 2
0.8412698412698413, 0.6382978723404256, 0.0, 0.0, 0.0, 0.15158371700415652, 0.0010603997011368396, 0.43215028247785053, 0.12391770792403406, 0.2819519738792246, 0.2581169005022979, 0.32916053660411976, 0.2548714059276257, 0.5725047046187237, 0.43276284151218625, 0.3418803269230769, 0.32916053660411976, 0.29805613, 0.13949488052274134, 6
0.8055555555555556, 0.3021276595744681, 0.0, 0.0, 0.0, 0.049773747732437736, 0.0016688137222429966, 0.09394571358214142, 0.014197434184675837, 0.10611928911291368, 0.0868506494573811, 0.14359351440652787, 0.08495712829439973, 0.6629001807271218, 0.3410758127118445, 0.3995726346153846, 0.14359351440652787, 0.45815158, 0.15594020881279919, 5
0.8531746031746031, 0.14468085106382977, 0.0, 0.49999999999999994, 0.0, 0.03619906208595163, 0.00030143212773159166, 0.05845517622656369, 0.005433059593975115, 0.8471469511122216, 0.8116883335090231, 0.9101620404259053, 0.8144972739049953, 0.30320151361358494, 0.6503667494574997, 0.2670940192307692, 0.9101620404259053, 0.19091243, 0.12347473248904622, 2
0.7936507936507936, 0.774468085106383, 0.0, 0.0, 0.0, 0.04524890600110648, 0.0010904457819295916, 0.12734860432181097, 0.016301480026195157, 0.2907307177608278, 0.2767857201559601, 0.33578792978064853, 0.2564302437589947, 0.6384180616681028, 0.42420540368153037, 0.28205125, 0.33578792978064853, 0.27838665, 0.1746943739162613, 6
0.0, 0.6808510638297873, 0.0, 0.0, 0.0, 0.07918553256075866, 0.0017711477586498314, 0.13778704783975027, 0.020477685658153243, 0.3191324808406656, 0.2995129845818751, 0.37334314010792974, 0.28059235290436935, 0.5894538574483704, 0.4767726223779152, 0.2457264615384615, 0.37334314010792974, 0.28798285, 0.16786937278391717, 6
0.1706349206349206, 0.23829787234042554, 0.0, 0.0, 0.0, 0.027149347673062166, 0.00043329824505819936, 0.03966590950179348, 0.004236602881466929, 0.4513297273843448, 0.4172077807044822, 0.533136932745678, 0.3975058426342683, 0.44444441431261716, 0.6466992713861707, 0.11324786538461534, 0.533136932745678, 0.29814535, 0.16039439758866253, 4
0.9444444444444444, 0.5702127659574469, 0.0, 0.0, 0.0, 0.015837107326631388, 0.00022069123078459135, 0.018789144971125406, 0.0008004075311067453, 0.02840175819989956, 0.03896103986232922, 0.033136965882643844, 0.013250193819167767, 0.8964218406173193, 0.15892421149353497, 0.4529914365384615, 0.03608247565476822, 0.65555555, 0.35134210551054196, 1
0.6785714285714286, 0.7446808510638299, 0.0, 0.0, 0.49999999999999994, 0.13122173781044658, 0.003074088968034111, 0.20668056988071112, 0.02296748133595285, 0.37257939729138334, 0.3522727081796046, 0.4366715799950546, 0.32424003665658496, 0.5668549757094064, 0.5391198046027343, 0.16239315384615383, 0.4366715799950546, 0.2983021, 0.17550593561961447, 6
0.28968253968253965, 0.5106382978723405, 0.0, 0.0, 0.0, 0.009049773869904387, 4.306169495407544e-05, 0.012526095394807424, 0.00029105710543549443, 0.003614768895887495, 0.0, 0.010309278569151115, 0.0, 0.8060263594241756, 0.16259169506608656, 0.5491452769230769, 0.010309278569151115, 1.0, 0.1573634927132589, 3
0.6785714285714286, 0.8851063829787235, 0.0, 0.0, 0.0, 0.1131221713376057, 0.005081279908661, 0.10647180747381743, 0.04329477799607073, 0.038987866661126774, 0.0300324664770092, 0.028718704869523527, 0.0584567448649495, 0.7570621365603751, 0.08679707234174844, 0.7371794615384616, 0.05522828088933519, 0.56125355, 0.8825352201746972, 7
0.123015873015873, 0.5872340425531916, 0.0, 0.0, 0.0, 0.02262443671096011, 0.00036602402270336865, 0.027139874608025603, 0.0009944447282252784, 0.037955076543921815, 0.0300324664770092, 0.057437409739047054, 0.024941542792157666, 0.7645950977050017, 0.23471883861885118, 0.47008545192307694, 0.057437409739047054, 0.5783389, 0.17594118305603013, 1
0.21825396825396823, 0.45531914893617026, 0.0, 0.0, 0.0, 0.11538464514444899, 0.007993325137510625, 0.04592901845180245, 0.005724120956123118, 0.13529564478065514, 0.11363635865554902, 0.1759941040059344, 0.11301635657002784, 0.6365348412972007, 0.364303195835152, 0.38888886538461537, 0.1759941040059344, 0.4187123, 0.14834152181920268, 5
0.6428571428571428, 0.7106382978723405, 0.0, 0.9999999999999999, 0.0, 0.05656107956020543, 0.0012541743251199252, 0.0939457210977985, 0.009532130320890637, 0.16602118562420407, 0.14772726259961638, 0.13991162636294827, 0.21122368008655712, 0.6497175025375848, 0.03911981010395693, 0.9423076923076923, 0.19955816495170717, 0.32921228, 0.8897039069717358, 7
0.7142857142857143, 0.7446808510638299, 0.0, 0.49999999999999994, 0.0, 0.1493212431973132, 0.002970553316859332, 0.06680580026848182, 0.008128789129011134, 0.3377226959790146, 0.31980520844313953, 0.39690722093588204, 0.29228371029512984, 0.595103569408535, 0.5061124689534376, 0.1880341538461538, 0.39690722093588204, 0.30452195, 0.17810285786560404, 6
0.6111111111111112, 0.08936170212765958, 0.0, 0.0, 0.0, 0.03167403709669767, 0.0002368410320923284, 0.09812101808744339, 0.006815572364112641, 0.950167883816201, 0.9480520296424348, 0.9698085790146643, 0.9314108127385561, 0.5009416186600275, 0.4596577027068227, 0.3760683653846154, 0.9698085790146643, 0.113055356, 0.12551090084169492, 2
0.9523809523809523, 0.19574468085106383, 0.0, 0.0, 0.49999999999999994, 0.09954749546487547, 0.003420964835037389, 0.34864298986667713, 0.018075741322855273, 0.10715207923011864, 0.0827922046851282, 0.13843888705126003, 0.09742790109344034, 0.6271186377477735, 0.31051345144098863, 0.4935897173076923, 0.13843888705126003, 0.46630767, 0.11015233232974891, 5
0.24999999999999997, 0.2723404255319149, 0.0, 0.0, 0.0, 0.024886873866218868, 0.0004790617754686595, 0.027139865589237096, 0.0012855009168303865, 0.14872193024700017, 0.15422076985210412, 0.17967598542212088, 0.11067809631556987, 0.821092273238852, 0.31907092227898004, 0.25854699999999997, 0.17967598542212088, 0.41704598, 0.24354660429231062, 1
0.6825396825396826, 0.6000000000000001, 0.0, 0.0, 0.0, 0.0, 0.0, 0.0, 0.0, 0.0, 0.0, 0.0, 0.0, 0.8323917090235883, 0.12836186452585782, 0.5790598076923077, 0.0, 0.0, 0.5153372377127846, 5
0.8452380952380952, 0.6042553191489363, 0.0, 0.0, 0.49999999999999994, 0.8009049683462663, 0.011691278599209008, 0.04175365757907232, 0.025516020301244273, 0.05809449986350116, 0.03896103986232922, 0.08910162305521632, 0.04364769988627592, 0.6798493335567684, 0.2970660208436704, 0.45726493269230767, 0.08910162305521632, 0.7695767, 0.1489038994512618, 5
0.1111111111111111, 0.4808510638297872, 0.0, 0.0, 0.0, 0.02488687793861715, 0.00015609852194698216, 0.022964503589158407, 0.0007033888015717094, 0.041828041574842496, 0.05438311830857858, 0.04786450679039391, 0.02338269584153715, 0.905838040776916, 0.1687041640195242, 0.42521365384615384, 0.05154639085753762, 0.571649, 0.34649017595345516, 1
0.8849206349206349, 0.33617021276595743, 0.0, 0.0, 0.0, 0.015837106104911906, 0.00036467598475222357, 0.020876828413753306, 0.00298244957432875, 0.045959206923600525, 0.034090911249262085, 0.07437407750829103, 0.027279811464386235, 0.7344632717705639, 0.28117360486546616, 0.4230769038461538, 0.07437407750829103, 0.65115255, 0.17563981714992838, 5
0.9920634920634921, 0.2553191489361702, 0.0, 0.0, 0.0, 0.029411731887143258, 0.00047905950827098416, 0.05010438308236111, 0.0046569085789129015, 0.6214820874200492, 0.5316558560742219, 0.7658321298539608, 0.5549493474684536, 0.0, 1.0, 0.0, 0.7658321298539608, 0.37009746, 0.13085718876133523, 2
0.3214285714285714, 0.48936170212765956, 0.0, 0.0, 0.0, 0.029411757543252436, 0.0007761185895530727, 0.03549059973553154, 0.0037598808120497713, 0.07797573053371745, 0.038149350907878646, 0.13254786353057538, 0.0584567448649495, 0.5291901784608505, 0.4193154219173132, 0.41452990384615385, 0.13254786353057538, 0.73926485, 0.11990831858437334, 3
0.6825396825396826, 0.16595744680851066, 0.0, 0.0, 0.0, 0.04072403576298724, 0.001104699769981169, 0.035490635059119854, 0.006238239685658154, 0.7490317505509451, 0.6915584164646231, 0.8335788009309367, 0.7147310494238176, 0.18267420648600352, 0.7334963514296309, 0.25854699999999997, 0.8335788009309367, 0.2473368, 0.1158470062103733, 2
0.8134920634920635, 0.8765957446808511, 0.0, 0.0, 0.0, 0.03167421180258398, 0.0006889868111588563, 0.07724425505990673, 0.005942423706614277, 0.04389362180925242, 0.036525973729496966, 0.027982327260807606, 0.06780982095682553, 0.7664783384148871, 0.059902204545644835, 0.77350425, 0.06406480291557583, 0.58261186, 0.8530985122280346, 7
0.6944444444444444, 0.723404255319149, 0.0, 0.0, 0.0, 0.1742081577875149, 0.0025156924232433687, 0.0960334128076492, 0.00972975442043222, 0.4226697807178863, 0.39204546110352706, 0.5014727724486541, 0.36866718492074246, 0.47834271997191047, 0.6246943809533062, 0.11324786538461534, 0.5014727724486541, 0.3069927, 0.16588075433773258, 6
0.015873015873015872, 0.2978723404255319, 0.0, 0.0, 0.49999999999999994, 0.16742081374255238, 0.012703203041649147, 0.21503132920445678, 0.18668899803536348, 0.08701265800194138, 0.05600649183436288, 0.1251841006982025, 0.07638347462561264, 0.5875706031791628, 0.3398532980165111, 0.4871794673076923, 0.1251841006982025, 0.6281558, 0.10708471386732688, 3
0.1746031746031746, 0.6085106382978724, 0.0, 0.49999999999999994, 0.0, 0.1289592802931964, 0.011933467630884521, 0.06054279653767206, 0.007979819253438115, 0.044410019656391006, 0.07061688497875905, 0.030927837032931983, 0.033515197162425646, 1.0, 0.07212714575325363, 0.4871794673076923, 0.06406480291557583, 0.56192696, 0.5144951260320356, 5
0.9484126984126984, 0.5361702127659576, 0.0, 0.0, 0.49999999999999994, 0.1742081577875149, 0.027155772902947514, 0.144050092906674, 0.2455795939751146, 0.034856701312368746, 0.01866883134197377, 0.059646538588758916, 0.02416211896610697, 0.7080979187813207, 0.26039120712304464, 0.48931622115384615, 0.059646538588758916, 0.837478, 0.14034471118388503, 3
0.21825396825396823, 0.8, 0.0, 0.0, 0.0, 0.15610862796625857, 0.003848206174305936, 0.2400835057143232, 0.02270317288801572, 0.383165516906755, 0.349837667614954, 0.45876286849217324, 0.33515199266868295, 0.4726930419100515, 0.5990220454564484, 0.16452990384615385, 0.45876286849217324, 0.31700587, 0.15901139950040127, 6
0.753968253968254, 0.12340425531914893, 0.0, 0.0, 0.0, 0.04977372329804804, 0.0003014324910645525, 0.050104334230590054, 0.003201644400785855, 0.8688355575162063, 0.8360389217853983, 0.93151695926718, 0.8339827994081745, 0.31450093753391417, 0.6540342715386096, 0.24786324999999998, 0.93151695926718, 0.18574874, 0.12731166126417465, 2
0.13888888888888887, 0.7872340425531915, 0.0, 0.0, 0.0, 0.05203619710489134, 0.0014506379472792245, 0.05010438308236111, 0.005347064374590702, 0.09320939870517114, 0.08441557967195146, 0.06921944352563002, 0.1270459742152463, 0.7401129837307285, 0.0317848429588537, 0.8525640769230769, 0.12002944683336195, 0.4302431, 0.849788461028989, 7
0.3015873015873016, 0.37446808510638296, 0.0, 0.0, 0.0, 0.06561085668802843, 0.011653567544542076, 0.11482252921927767, 0.0967522953503602, 0.02891815116709996, 0.008116883700349969, 0.059646538588758916, 0.016367888421889683, 0.6779660962367136, 0.28850856100812416, 0.4743589480769231, 0.059646538588758916, 0.91089994, 0.12979787871355458, 3
0.09126984126984126, 0.6127659574468086, 0.0, 0.0, 0.0, 0.23303171115456361, 0.1449725690881258, 0.6764091377914182, 0.9933783235101508, 0.09992254143834366, 0.0949675316966921, 0.12371134813172793, 0.07950116431796837, 0.7645950977050017, 0.2713936523394769, 0.4059828846153846, 0.14212076846744648, 0.64629805, 0.20811990712214534, 5
0.015873015873015872, 0.1829787234042553, 0.0, 0.0, 0.0, 0.024886810336805665, 0.00015609975727904886, 0.03549058620734878, 0.0036139829731499677, 0.8140976394763019, 0.7970779440172244, 0.8777613779251738, 0.7630553308478463, 0.4425611939417151, 0.6454767896981729, 0.11752134615384613, 0.8777613779251738, 0.18114924, 0.15996885840058322, 2
0.861111111111111, 0.7021276595744681, 0.0, 0.0, 0.49999999999999994, 0.08597288475051777, 0.0027001699380924233, 0.19206678803701296, 0.018608337262606422, 0.42034598901149467, 0.38961037670770793, 0.5014727724486541, 0.36399064336740006, 0.47834271997191047, 0.6356968261697384, 0.09401709615384612, 0.5014727724486541, 0.31446242, 0.16825912135224969, 6
0.4563492063492063, 0.9063829787234043, 0.0, 0.0, 0.0, 0.12443439376548403, 0.0037200332057259525, 0.1148225404927633, 0.019787343156516046, 0.14123419492592396, 0.11282467846733214, 0.11782033123843642, 0.19329695032589397, 0.5875706031791628, 0.04645476954734851, 1.0, 0.18262149718246318, 0.44151622, 0.9091627917708922, 7
0.7976190476190476, 0.4638297872340425, 0.0, 0.0, 0.0, 0.1357465876865744, 0.005684139833195291, 0.16075156270239427, 0.0606611918795023, 0.34443583871218714, 0.3279220833772558, 0.39322531963751606, 0.30865158819480626, 0.6026365356379073, 0.4559902466403841, 0.2670940192307692, 0.39322531963751606, 0.2634666, 0.16747377875619912, 4
0.4484126984126984, 0.8127659574468086, 0.0, 0.49999999999999994, 0.0, 0.06561085668802843, 0.0003498757764607038, 0.08977035270941128, 0.017002586771447285, 0.10560290102565147, 0.08522727447055783, 0.09278350447140277, 0.1387373386208156, 0.6553672144977494, 0.09046455371381101, 0.846153826923077, 0.13107511759149396, 0.40993193, 0.9257392497814363, 7
0.12698412698412698, 0.9829787234042553, 0.0, 0.0, 0.0, 0.06561085668802843, 0.002381506584828581, 0.09185804066143344, 0.007261863785199738, 0.10327911629060003, 0.0827922046851282, 0.10382916197474844, 0.12236944669152154, 0.6553672144977494, 0.15647922501240444, 0.7307692115384615, 0.11561119576133141, 0.35316142, 1.0, 7
0.3293650793650793, 0.9021276595744682, 0.0, 0.49999999999999994, 0.0, 0.07239818444339785, 0.001521699043751247, 0.07306889042934807, 0.009899692861820564, 0.10276272123199756, 0.09253246921645722, 0.07658320635800289, 0.14029617645218467, 0.7269303123208527, 0.023227394125752684, 0.8824786153846154, 0.13254786353057538, 0.42312294, 0.8514572884076166, 7
0.0, 0.33191489361702126, 0.0, 0.0, 0.0, 0.04977376402203086, 0.0025621692489224634, 0.09603339777633502, 0.022896500982318276, 0.1321972674577, 0.13717533249045993, 0.15832106658084633, 0.09976616836270714, 0.8229755122538223, 0.29095355739145534, 0.30555553846153843, 0.15832106658084633, 0.40250653, 0.25140038918453284, 1
0.1349206349206349, 0.04255319148936171, 0.0, 0.0, 0.0, 0.04072387856841355, 0.0011626566092227566, 0.05010438308236111, 0.003201627766863131, 0.9052414300617021, 0.8814934798580074, 0.9447717456202376, 0.8862041999624567, 0.3653483960228542, 0.5476772644382806, 0.3760683653846154, 0.9447717456202376, 0.15349694, 0.111131583512728, 2
0.6547619047619048, 0.5276595744680852, 0.0, 0.0, 0.0, 0.02488688771237303, 0.00015609855973361007, 0.022964516365775456, 0.0009944452521283562, 0.21740252881185218, 0.17532467390158543, 0.28571427624658113, 0.18550272609500465, 0.4670433130007341, 0.5220049289414228, 0.30555553846153843, 0.28571427624658113, 0.44313568, 0.13456174010096245, 5
0.7380952380952381, 0.7617021276595746, 0.0, 0.0, 0.0, 0.07918553256075866, 0.0014179119661675973, 0.07724427009122092, 0.0072289783889980365, 0.3408210872446503, 0.32305192919600706, 0.3976435905917261, 0.2977396532271347, 0.595103569408535, 0.4951100237370054, 0.20726492307692307, 0.3976435905917261, 0.29230747, 0.17583782781361879, 6
0.01984126984126984, 0.029787234042553193, 0.0, 0.0, 0.0, 0.05203623375647588, 0.0010603894260807084, 0.035490635059119854, 0.0024497651604453176, 0.9664342514774361, 0.9740260148212173, 0.9779087115028814, 0.9469991910522465, 0.5630885010692965, 0.4229829109910874, 0.36965809615384615, 0.9779087115028814, 0.096352234, 0.13681613893733996, 2
0.7023809523809523, 0.5191489361702128, 0.0, 0.0, 0.0, 0.09728505830961671, 0.003458491607226605, 0.03340293583361207, 0.004913611001964637, 0.2563904184784018, 0.23376623186878057, 0.30706920834264206, 0.22447388232349547, 0.5894538574483704, 0.4437652867286185, 0.30341878846153847, 0.30706920834264206, 0.3133975, 0.15784603367634104, 4
0.9246031746031745, 0.04680851063829787, 0.0, 0.0, 0.0, 0.04751131057717898, 0.0005651748845073517, 0.037578285432856566, 0.0032015994760969226, 0.9594629112149623, 0.9650973866469367, 0.9801178204704136, 0.9321901579987479, 0.5517890771489674, 0.46699269185681636, 0.30555553846153843, 0.9801178204704136, 0.10965454, 0.1485083737914898, 2
0.8809523809523809, 0.3574468085106383, 0.0, 0.0, 0.0, 0.04977375994963259, 0.0006889868983587668, 0.03966597338487871, 0.004778189259986903, 0.024528788986174718, 0.00649350652196829, 0.04786450679039391, 0.017147310143497733, 0.6986817237064699, 0.2506112545970554, 0.5170939942307692, 0.04786450679039391, 0.88955027, 0.11384864533187938, 3
0.0992063492063492, 0.21702127659574466, 0.0, 0.0, 0.0, 0.04524890600110648, 0.000818174089098834, 0.0626305709197507, 0.008731734774066798, 0.8737413314869507, 0.8457792301478958, 0.9241531301608752, 0.8472330367191571, 0.3465160058731526, 0.5941320306848955, 0.3162392884615384, 0.9241531301608752, 0.16963542, 0.11978908488649648, 2
0.373015873015873, 0.5276595744680852, 0.0, 0.0, 0.0, 0.015837106104911906, 9.150603110914942e-05, 0.006263046570055149, 0.0002182928880157171, 0.01342628546634502, 0.007305194745899393, 0.029455082478239452, 0.0023382696543018033, 0.7853107302595039, 0.21149144779383205, 0.4871794673076923, 0.029455082478239452, 0.92777777, 0.1852342157641101, 5
0.40476190476190477, 0.4808510638297872, 0.0, 0.0, 0.0, 0.02488687793861715, 0.0002206909691848596, 0.025052184025523474, 0.002037400523903078, 0.0431190292213487, 0.05600649183436288, 0.04860088439910983, 0.024941542792157666, 0.9077212814868014, 0.16625917533790463, 0.42735040384615386, 0.05228276912899286, 0.5500441, 0.3516233370565378, 1
0.8650793650793651, 0.5872340425531916, 0.0, 0.0, 0.0, 0.00452488774943185, 0.0002501658033633296, 0.004175365757907232, 0.001127260052390308, 0.00025819778724083, 0.0, 0.0007363770122505375, 0.0, 0.8305084698391266, 0.1308068523272818, 0.576923055576923, 0.0007363770122505375, 0.11111111, 0.1573634927132589, 5
0.9047619047619048, 0.451063829787234, 0.0, 0.0, 0.0, 0.133484199400095, 0.0013500841551803795, 0.05427970261897727, 0.00563630150622135, 0.27214046776577744, 0.2451298786921276, 0.3298969195147502, 0.2369446691521537, 0.5536722975198693, 0.48288507482768495, 0.27564099999999997, 0.3298969195147502, 0.33502588, 0.15533986987870674, 4
0.9603174603174602, 0.3021276595744681, 0.0, 0.0, 0.0, 0.024886873866218868, 0.0014826413317984212, 0.10229643532760166, 0.016591222658808122, 0.10818486934732362, 0.08522727447055783, 0.14874816164397525, 0.08729540257847536, 0.6365348412972007, 0.35696823969249397, 0.40170938461538463, 0.14874816164397525, 0.4816013, 0.14433304077549763, 5
0.8928571428571428, 0.5148936170212767, 0.0, 0.0, 0.0, 0.27149327311070753, 0.0020091292493061427, 0.05010438308236111, 0.006621148657498364, 0.27033309900334934, 0.24269478699111371, 0.3262150049615979, 0.23772408456043384, 0.5499058398289125, 0.4731051553090314, 0.2970085192307692, 0.3262150049615979, 0.32576838, 0.15135948806082017, 4
0.36904761904761907, 0.37872340425531914, 0.0, 0.49999999999999994, 0.0, 0.029411768538727796, 0.00015609873994675865, 0.04592899590483119, 0.007470471512770138, 0.14691454057055123, 0.158279214624357, 0.172312222589748, 0.10911924445458317, 0.8625235366529412, 0.29095355739145534, 0.26068375, 0.172312222589748, 0.4010419, 0.26288541788625114, 1
0.861111111111111, 0.2936170212765957, 0.0, 0.0, 0.0, 0.08371041094367446, 0.0042167969990441435, 0.1106471721043761, 0.007095924034053701, 0.10095533852688889, 0.0827922046851282, 0.13475699900768043, 0.08261886102513293, 0.672316367327396, 0.32151589665742086, 0.4230769038461538, 0.13475699900768043, 0.43286037, 0.14975660156613874, 5
0.8134920634920635, 0.4425531914893617, 0.0, 0.0, 0.0, 0.042986424049466614, 0.000479061048802738, 0.006263048448969422, 0.00021829301244269812, 0.008520526832549244, 0.003246753260984145, 0.019145801920870384, 0.0023382696543018033, 0.7928436863193845, 0.183374090608019, 0.5277777557692308, 0.019145801920870384, 0.93333334, 0.16229605200749653, 5
0.36904761904761907, 0.19574468085106383, 0.0, 0.0, 0.0, 0.07466060938146175, 0.004957475655601628, 0.07933192046495761, 0.01125420759659463, 0.18332043403006767, 0.1801947988620552, 0.2282768930171068, 0.1387373386208156, 0.7495291821954099, 0.3973105314844487, 0.20299144230769234, 0.2282768930171068, 0.42569095, 0.21810461834021433, 1
0.7103174603174603, 0.3234042553191489, 0.0, 0.0, 0.0, 0.0497738251080051, 0.0006889797188994615, 0.029227586234367574, 0.0013582570399476098, 0.9439711291702906, 0.9342532107609317, 0.9705448823965765, 0.9251753491761388, 0.45009416017108744, 0.4926650383561194, 0.3760683653846154, 0.9705448823965765, 0.12657078, 0.12002112569532342, 2
0.8412698412698413, 0.9574468085106385, 0.0, 0.0, 0.0, 0.020361991410904785, 0.00037140735278366093, 0.14196239743899475, 0.00892576227897839, 0.11567260466839983, 0.09415584420328048, 0.09720176879821966, 0.1558846319287722, 0.6440677905774201, 0.06479218190888397, 0.9038461538461539, 0.14727539582271432, 0.41959706, 0.9095944157061683, 7
0.2698412698412699, 0.7914893617021277, 0.0, 0.0, 0.49999999999999994, 0.11085974639954178, 0.0029294516390022526, 0.19832984813525084, 0.02145128618205632, 0.3823909243188513, 0.3571428623608534, 0.4506627360039563, 0.33437256323078524, 0.5291901784608505, 0.5623471877260419, 0.16452990384615385, 0.4506627360039563, 0.29870403, 0.16777080329772792, 6
0.015873015873015872, 0.3574468085106383, 0.0, 0.0, 0.0, 0.03167420569398656, 0.000882764806871818, 0.014613793117183787, 0.0004123314341846759, 0.14071778592464093, 0.11363635865554902, 0.19072165618025289, 0.11379579302273442, 0.59698680672859, 0.4119804657746552, 0.3504273269230769, 0.19072165618025289, 0.45946908, 0.14851151871700718, 5
0.10714285714285714, 0.7829787234042553, 0.0, 0.0, 0.0, 0.018099543260170665, 0.0005866904741800337, 0.0229644987039813, 0.004455884741322856, 0.11179964172888125, 0.10551948372143276, 0.08836524014458585, 0.1426344507362603, 0.7514124246002105, 0.03911981010395693, 0.8269230576923077, 0.13475699900768043, 0.34230694, 0.8474413552577942, 7
0.8015873015873016, 0.6382978723404256, 0.0, 0.0, 0.0, 0.052036286697653554, 0.0007374314772202586, 0.34655529064116936, 0.4786922069417158, 0.3072553666074475, 0.2775974003441769, 0.3615611262035263, 0.27825409264991136, 0.5235405003989915, 0.47432764799947436, 0.32478630769230765, 0.3615611262035263, 0.3081043, 0.13276858561247856, 6
0.9404761904761905, 0.6936170212765957, 0.0, 0.0, 0.0, 0.08144799415040713, 0.002100498768955262, 0.052192056003069094, 0.0055938666666666675, 0.4033049451062725, 0.3685064799634214, 0.4852724411982883, 0.3499610257221816, 0.45574388908040486, 0.6356968261697384, 0.1196580769230769, 0.4852724411982883, 0.32026085, 0.16169634547690492, 6
0.8452380952380952, 0.774468085106383, 0.0, 0.0, 0.0, 0.08144794120922945, 0.0007504988198218768, 0.18162838585518765, 0.00848259266535691, 0.3152594830444457, 0.2987013043936582, 0.36671574693140097, 0.276695226759307, 0.6120527222381817, 0.4621027100925992, 0.2457264615384615, 0.36671574693140097, 0.28924206, 0.17347737320096163, 6
0.3293650793650793, 0.4680851063829787, 0.0, 0.0, 0.0, 0.06561085668802843, 0.0015446599428753387, 0.03549062190671995, 0.004664866797642437, 0.12006196266652093, 0.06493506521968291, 0.1936671480584157, 0.09508962680936471, 0.4086628882824218, 0.5244498923174183, 0.36752134615384613, 0.1936671480584157, 0.696178, 0.11609044737420088, 3
0.5595238095238095, 0.05531914893617022, 0.0, 0.0, 0.0, 0.05203618081529821, 0.0013187614531632566, 0.033402889236538134, 0.007470523248199083, 0.8897495783036276, 0.8595778956203092, 0.9388807220995529, 0.8667186323704245, 0.32580034450509054, 0.5916870453040095, 0.3440170769230769, 0.9388807220995529, 0.16939692, 0.11380340284359386, 2
0.9801587301587301, 0.2, 0.0, 0.0, 0.0, 0.05429864647734495, 0.0013702144870734124, 0.010438408570133837, 0.0021462383759004587, 0.061709265273718526, 0.04383116847539636, 0.0964653858875892, 0.042088852935655396, 0.6873822997861406, 0.31662591489320363, 0.41452990384615385, 0.0964653858875892, 0.6077675, 0.15891091571172322, 5
0.31746031746031744, 0.5404255319148936, 0.0, 0.0, 0.0, 0.036199096294097205, 0.0007535793746632811, 0.033402918547600774, 0.002522497053045187, 0.009811515873323498, 0.0, 0.025036818151422547, 0.0031176928490197083, 0.760828617980146, 0.20660147373132648, 0.5235042538461538, 0.025036818151422547, 1.0, 0.1437641681885657, 3
0.9047619047619048, 0.451063829787234, 0.0, 0.0, 0.0, 0.133484199400095, 0.0013500841551803795, 0.05427970261897727, 0.00563630150622135, 0.27214046776577744, 0.2451298786921276, 0.3298969195147502, 0.2369446691521537, 0.5536722975198693, 0.48288507482768495, 0.27564099999999997, 0.3298969195147502, 0.33502588, 0.15533986987870674, 4
0.5912698412698413, 0.5021276595744681, 0.0, 0.0, 0.0, 0.328054324164125, 0.01183240148117768, 0.027139865589237096, 0.00542081532416503, 0.22334108592846122, 0.20129869560634173, 0.2724594898935236, 0.19251753491761386, 0.6045197560088094, 0.42787285974796896, 0.31410253846153846, 0.2724594898935236, 0.3384073, 0.1600296033206312, 4
0.876984126984127, 0.21702127659574466, 0.0, 0.0, 0.0, 0.013574663655535378, 0.00043329988732318216, 0.016701459273800387, 0.003286499410609038, 0.044926416806395565, 0.0300324664770092, 0.07584683670215879, 0.026500388339816418, 0.7137476392160617, 0.29339854277234134, 0.42521365384615384, 0.07584683670215879, 0.6703704, 0.16517075321820746, 5
0.6785714285714286, 0.23829787234042554, 0.0, 0.0, 0.0, 0.04524887342192022, 0.001803971112994952, 0.00835073114003161, 0.002254520104780616, 0.005163955465962989, 0.005681818298037189, 0.007363770785244693, 0.0023382696543018033, 0.8342749482080499, 0.1405868046332221, 0.5555555346153846, 0.007363770785244693, 0.23148148, 0.2567894070704421, 5
0.15873015873015872, 0.8042553191489362, 0.0, 0.0, 0.0, 0.022624432638561825, 0.0006243943784542972, 0.016701455891754695, 0.0016493237721021611, 0.05370514186538008, 0.04220779129701468, 0.039027982775935326, 0.08028059375586613, 0.7344632717705639, 0.06845965998021297, 0.7948717692307692, 0.07584683670215879, 0.5153199, 0.8755098325925382, 7
0.1349206349206349, 0.9872340425531916, 0.0, 0.49999999999999994, 0.0, 0.07692308318830506, 0.002691354463131224, 0.07515657086571313, 0.0046569115913556, 0.0929512011758699, 0.07224025996558231, 0.08026509440158251, 0.1262665588069662, 0.6572504687669571, 0.08801956503219145, 0.848290576923077, 0.11929307717751783, 0.4522286, 0.9201285488305238, 7
0.24603174603174602, 0.03404255319148937, 0.0, 0.0, 0.0, 0.038461574173338786, 0.00022069342531567458, 0.06263066862329283, 0.0020373913555992145, 0.9604957152748479, 0.9610389857058524, 0.9705448823965765, 0.949337507425175, 0.5160075341696192, 0.414425440153096, 0.43803416346153845, 0.9705448823965765, 0.10151485, 0.1122053704730806, 2
0.20238095238095236, 0.7957446808510639, 0.0, 0.0, 0.0, 0.07013579208452018, 0.0026958206972185115, 0.19206678803701296, 0.010484125081859858, 0.3601859228562641, 0.3327922156429203, 0.42562590260952937, 0.3172252278339757, 0.521657229180631, 0.542787315681399, 0.20726492307692307, 0.42562590260952937, 0.29970714, 0.16108600773070553, 6
0.7341269841269841, 0.2936170212765957, 0.0, 0.0, 0.0, 0.05429861797055697, 0.0010334808416709769, 0.05010438308236111, 0.004656899803536346, 0.2824683898518479, 0.27597403996774317, 0.3159057502510622, 0.25331253302221246, 0.6930320117463052, 0.364303195835152, 0.32478630769230765, 0.3159057502510622, 0.24472968, 0.1832915576696444, 4
0.7738095238095238, 0.5659574468085107, 0.0, 0.0, 0.0, 0.03846153752175425, 0.0010352448958622334, 0.014613776958521051, 0.003213185134250164, 0.004905757936661749, 0.0024350649640010958, 0.011045654852388403, 0.000779423194717905, 0.8135593154840561, 0.16014670528422248, 0.544871773076923, 0.011045654852388403, 0.8611111, 0.1757299944707424, 5
0.373015873015873, 0.3617021276595745, 0.0, 0.0, 0.0, 0.04072398282180957, 0.0021961455895520552, 0.03131523660810429, 0.0019646356254092996, 0.04389362180925242, 0.019480519565904873, 0.07879234183510794, 0.03039750606710815, 0.6478342652175298, 0.31295845882676504, 0.4658119423076923, 0.07879234183510794, 0.7788625, 0.12635924450001246, 3
0.5396825396825397, 0.8170212765957447, 0.0, 0.0, 0.0, 0.06787331827767688, 0.002392976715734541, 0.0855949955945097, 0.01230341060903733, 0.07849212559231993, 0.06412337772627127, 0.05375552832286062, 0.11847233457607685, 0.7062146780714352, 0.024449875813750466, 0.9038461538461539, 0.11192931434514496, 0.53894526, 0.8605521224401547, 7
0.6904761904761905, 0.45531914893617026, 0.0, 0.0, 0.0, 0.015837106104911906, 0.00022069118718463603, 0.02713986821971708, 0.001285502554027505, 0.04234443872484706, 0.05600649183436288, 0.04639175223570138, 0.024941542792157666, 0.913370993446966, 0.15892421149353497, 0.4337606673076923, 0.050810013248821694, 0.5376984, 0.36521994395537627, 1
0.8452380952380952, 0.47659574468085103, 0.0, 0.0, 0.0, 0.013574661212096408, 0.00019377758878004562, 0.025052191541180557, 0.000291056974459725, 0.009553318344022258, 0.0, 0.025036818151422547, 0.0023382696543018033, 0.7627118603849468, 0.20782396972250305, 0.5192307461538461, 0.025036818151422547, 1.0, 0.14446418758797036, 3
0.8928571428571428, 0.7872340425531915, 0.0, 0.0, 0.0, 0.10633485579943114, 0.0034312423618328316, 0.13361171702964847, 0.011102222658808121, 0.3289439730114322, 0.30762985951599137, 0.3858615435503568, 0.2891659925435388, 0.5743879419387786, 0.4926650383561194, 0.2350426923076923, 0.3858615435503568, 0.2924689, 0.1667476428014108, 6
0.5476190476190477, 0.4851063829787234, 0.0, 0.0, 0.0, 0.027149317944554704, 0.000322962701255577, 0.10020876240689369, 0.024739869679109367, 0.02736896599129252, 0.011363636596074377, 0.05154639085753762, 0.017147310143497733, 0.7118644018960067, 0.25550122535882747, 0.4935897173076923, 0.05154639085753762, 0.85319865, 0.13346110162980646, 3
0.10317460317460317, 0.4297872340425532, 0.0, 0.0, 0.0, 0.029411762430130377, 0.0006082460159450849, 0.020876823152793347, 0.0010672100196463656, 0.04131164442483794, 0.05194805071470738, 0.04786450679039391, 0.02416211896610697, 0.8926553642822943, 0.1711491505006547, 0.4358974096153846, 0.05007363564010577, 0.5440917, 0.3344566585679138, 1
0.7380952380952381, 0.26382978723404255, 0.0, 0.0, 0.0, 0.04298641590467005, 0.0013500840970471057, 0.08559501438365243, 0.013055064178127048, 0.28014459117411594, 0.260551955677338, 0.3298969195147502, 0.24629772419960325, 0.6026365356379073, 0.4449878014239519, 0.2863247692307692, 0.3298969195147502, 0.2970959, 0.1641031022810111, 4
0.23015873015873015, 0.48936170212765956, 0.0, 0.0, 0.0, 0.03393665099404188, 0.0008881475701526914, 0.020876828413753306, 0.0010672094302554029, 0.14020139086603844, 0.12012987321323156, 0.1811487512433818, 0.1161340532771924, 0.645951027897475, 0.3667481702135928, 0.37393159615384614, 0.1811487512433818, 0.40593585, 0.15570433939899453, 4
0.6150793650793651, 0.19574468085106383, 0.0, 0.0, 0.0, 0.04977367035687037, 0.0006889855903601079, 0.04592893577957449, 0.00543304584151932, 0.8693519595461491, 0.8344155614089644, 0.9256259357464953, 0.8433358895296682, 0.2994350050751695, 0.6222494175773107, 0.32051278846153847, 0.9256259357464953, 0.18207318, 0.11535232993687083, 2
0.9642857142857143, 0.42127659574468085, 0.0, 0.0, 0.0, 0.1990950723777166, 0.005003316067266592, 0.06680586039373851, 0.011849648330058941, 0.2378001545406709, 0.21266232781929928, 0.2945507982728218, 0.2018706180242987, 0.5781544165788883, 0.4694376662352572, 0.2713675, 0.2945507982728218, 0.35354832, 0.16176341443196068, 4
0.2222222222222222, 0.03404255319148937, 0.0, 0.0, 0.0, 0.06561079152965592, 0.0006082412199500025, 0.05636733420357127, 0.008367867059593977, 0.9057577972349433, 0.8839285642538265, 0.9455081152760817, 0.8846453621310876, 0.3785310403140854, 0.5488997461262783, 0.3589743269230769, 0.9455081152760817, 0.15181188, 0.11525408519842517, 2