@relation segment-10-1tst.dat
@attribute Region-centroid-col real [1.0, 254.0]
@attribute Region-centroid-row real [11.0, 251.0]
@attribute Region-pixel-count real [9.0, 10.0]
@attribute Short-line-density-5 real [0.0, 0.33333334]
@attribute Short-line-density-2 real [0.0, 0.22222222]
@attribute Vedge-mean real [0.0, 29.222221]
@attribute Vegde-sd real [0.0, 991.7184]
@attribute Hedge-mean real [0.0, 44.722225]
@attribute Hedge-sd real [-1.5894573e-08, 1386.3292]
@attribute Intensity-mean real [0.0, 143.44444]
@attribute Rawred-mean real [0.0, 137.11111]
@attribute Rawblue-mean real [0.0, 150.88889]
@attribute Rawgreen-mean real [0.0, 142.55556]
@attribute Exred-mean real [-49.666668, 9.888889]
@attribute Exblue-mean real [-12.444445, 82.0]
@attribute Exgreen-mean real [-33.88889, 24.666666]
@attribute Value-mean real [0.0, 150.88889]
@attribute Saturatoin-mean real [0.0, 1.0]
@attribute Hue-mean real [-3.0441751, 2.9124804]
@attribute Class integer [1, 7]
@inputs Region-centroid-col, Region-centroid-row, Region-pixel-count, Short-line-density-5, Short-line-density-2, Vedge-mean, Vegde-sd, Hedge-mean, Hedge-sd, Intensity-mean, Rawred-mean, Rawblue-mean, Rawgreen-mean, Exred-mean, Exblue-mean, Exgreen-mean, Value-mean, Saturatoin-mean, Hue-mean
@outputs Class
@data
0.804, 0.7264957264957266, 0.0, 0.0, 0.0, 0.15261956765479823, 0.004497347627314936, 0.08074534305929545, 0.0012299474035459975, 0.3911896530247228, 0.3671616963573837, 0.4544106971504025, 0.34552843059686755, 0.57346938881591, 0.6023778237812125, 0.05515588647930608, 0.4544106971504025, 0.3067216, 0.15615092959895843, 6
0.848, 1.0, 0.0, 0.0, 0.0, 0.11617308880506291, 0.0033468861235428356, 0.0670807255229363, 0.0014346210120943857, 0.1247691841904925, 0.1056105567918179, 0.10303929130437886, 0.16747967884195905, 0.6938775574677216, 0.058124172203598626, 0.9016786446526229, 0.15270571421270782, 0.39154765, 0.8956905705730165, 7
0.476, 0.20512820512820515, 0.0, 0.0, 0.0, 0.09339407847613898, 0.0040656957007059735, 0.06459627176420671, 0.002073154197430163, 0.1904510595274138, 0.18316830734731912, 0.23498886408458958, 0.1487804890541344, 0.7612244953023739, 0.43461030968904935, 0.139088745009748, 0.23498886408458958, 0.4223002, 0.19200012778535425, 1
0.22, 0.12820512820512822, 0.0, 0.0, 0.0, 0.09567200083021403, 0.0015169826546903263, 0.022360219108060925, 0.0005043580052991743, 0.2666842369644166, 0.24339935041090716, 0.3187546455244281, 0.23252032847511392, 0.6183673571682631, 0.5006605013218766, 0.1870503507064849, 0.3187546455244281, 0.3346618, 0.14751414920010847, 4
0.5, 0.4615384615384616, 0.0, 0.49999999999999994, 0.0, 0.06833712119177539, 0.0014737349135177814, 0.07204967999691428, 0.0029066886133538843, 0.16855710108177338, 0.16419140682694536, 0.20311341954697243, 0.13495935036684512, 0.7897959277047062, 0.373844128631234, 0.2158273227576208, 0.20311341954697243, 0.39486286, 0.19397007593486704, 1
0.52, 0.30769230769230776, 0.0, 0.0, 0.0, 0.1230068230654686, 0.0021453410527535605, 0.019875780554299345, 0.00032850773827745964, 0.06330783396688251, 0.05445544543427115, 0.07857672439898647, 0.0552845496272061, 0.7897959277047062, 0.23513870836874334, 0.46762589834894674, 0.07857672439898647, 0.38048342, 0.12866437009938553, 4
0.48, 0.4743589743589744, 0.0, 0.0, 0.0, 0.025056944983681297, 0.0006528383075356146, 0.011180122858377462, 0.00015228059828791026, 0.008441044528917668, 0.0, 0.02223869494263384, 0.0016260162042435072, 0.8102040866218242, 0.20871862814890174, 0.4916067163052293, 0.02223869494263384, 1.0, 0.12765792001075643, 3
0.388, 0.5042735042735043, 0.0, 0.0, 0.0, 0.02277903903051598, 0.0007948045397841941, 0.012422358234636133, 0.0003926420218228109, 0.009759957825587695, 0.0008250824795771663, 0.02223869494263384, 0.004878048905413441, 0.8061224563077883, 0.20211360660781189, 0.5083932836947708, 0.02223869494263384, 0.9777778, 0.11074475603924022, 3
0.384, 0.45726495726495736, 0.0, 0.9999999999999999, 0.0, 0.059225517880251294, 0.0009049246557220953, 0.05714285458740033, 0.004028756661837607, 0.1537852738683806, 0.15841584261346925, 0.18235730480090953, 0.11788616785643492, 0.8612244940166597, 0.3368559951609723, 0.19904074673498545, 0.18235730480090953, 0.40821064, 0.22660624478952146, 1
0.776, 0.3547008547008548, 0.0, 0.0, 0.0, 0.07061501894448582, 0.001961297662603116, 0.029813666471200838, 0.0009124174835241153, 0.05433922326464109, 0.05033003117994972, 0.07190511584948023, 0.039024390511600233, 0.8285714331370262, 0.24438573876404984, 0.40527577425254024, 0.07190511584948023, 0.51256585, 0.19671389780699794, 5
0.8160000000000001, 0.2094017094017094, 0.0, 0.0, 0.0, 0.02277903903051598, 0.0007045187892978037, 0.011180121293160167, 0.00033142786720498997, 0.05038248551127038, 0.0346534669640231, 0.08154188078916322, 0.03170731751933372, 0.7428571487871719, 0.31571995286092464, 0.3764988022014044, 0.08154188078916322, 0.64589113, 0.14415007687745957, 5
0.284, 0.029914529914529912, 0.0, 0.0, 0.0, 0.038724405304037805, 0.0006800761051901897, 0.021117973222486135, 0.0004908039663306523, 0.9082036339819956, 0.8655115627348623, 0.9547813050053275, 0.8991869414832453, 0.2714285692507289, 0.6882430907374414, 0.2541966332142916, 0.9547813050053275, 0.1855386, 0.09228630203314747, 2
0.596, 0.6452991452991453, 0.0, 0.0, 0.0, 0.08428245466347771, 0.00398813378234139, 0.4062111399868857, 0.0302878522648156, 0.2848852492899057, 0.2566006644405776, 0.3202372103762994, 0.27398372258576287, 0.5755102030545607, 0.41743725154218925, 0.3884892090212722, 0.320978492802235, 0.2638465, 0.06186670004064382, 6
0.544, 0.5641025641025641, 0.0, 0.0, 0.0, 0.036446466549053, 0.0015020392100194696, 0.00621118023533042, 0.00038520961687887694, 0.004748087725569469, 0.004125412769172951, 0.006671608549506237, 0.0032520324816577443, 0.8693877594202415, 0.14398943083750254, 0.539568345742974, 0.006671608549506237, 0.37037036, 0.16950490284144248, 5
0.32, 0.4145299145299146, 0.0, 0.49999999999999994, 0.0, 0.029612785591603977, 0.0004201437216708517, 0.029813668707225544, 0.0005770640912706736, 0.12661567505589624, 0.14273926131833511, 0.140103779539631, 0.09593495619670837, 0.9551020463415243, 0.2470277440515558, 0.25179855400859147, 0.140103779539631, 0.37602362, 0.27968603419293847, 1
0.856, 0.594017094017094, 0.0, 0.0, 0.0, 0.006833712529200281, 0.00048671632142889554, 0.0024844723177346387, 0.00012416431104531305, 0.0007913479067807033, 0.0, 0.0022238695609794693, 0.0, 0.8693877594202415, 0.14002641933953291, 0.5467625911298588, 0.0022238695609794693, 0.22222222, 0.1361322655649977, 5
0.596, 0.7478632478632479, 0.0, 0.0, 0.0, 0.050113889967362595, 0.001292749553051293, 0.04596273105821546, 0.0007507162800870096, 0.08282775104248416, 0.0693069339280462, 0.06449221820242981, 0.11626016057902047, 0.7489795970133277, 0.062087183701568266, 0.8297362253161504, 0.10600444769455561, 0.42836255, 0.8823135152232642, 7
0.368, 0.5299145299145299, 0.0, 0.0, 0.0, 0.009111617662320111, 5.1709988055771385e-05, 0.004968944411866807, 2.13727280648781e-05, 0.018201002354505363, 0.007425742390451921, 0.038547071100466485, 0.0065040649633154885, 0.7897959277047062, 0.2470277440515558, 0.4460431639149112, 0.038547071100466485, 0.84708995, 0.14019640152580626, 5
0.892, 0.10256410256410256, 0.0, 0.0, 0.0, 0.018223238194799426, 0.0004749864746096136, 0.008695652553065059, 0.0002364017868194654, 0.05644948297244425, 0.037128711952259606, 0.09117865240045477, 0.037398372258576285, 0.7142857182215743, 0.3368559951609723, 0.3717026222072697, 0.09117865240045477, 0.63492066, 0.1338664978308523, 5
0.18, 0.6965811965811967, 0.0, 0.0, 0.0, 0.054669673172101176, 0.001376641685706926, 0.0260869399946, 0.0006406804098189664, 0.1690846658306709, 0.1386138678560924, 0.15863603366466986, 0.2105691094983144, 0.5959183821757599, 0.133421399106237, 0.8800959318013218, 0.19199407641220104, 0.35148725, 0.9654297611914651, 7
0.44, 0.1111111111111111, 0.0, 0.0, 0.0, 0.4533028582562446, 0.01932704812805107, 0.024844738829519326, 0.0007704188875196454, 0.46030070635160925, 0.4323432071202176, 0.5233505965652291, 0.41869916051953265, 0.5224490144822982, 0.6248348568359774, 0.07434054170764143, 0.5233505965652291, 0.27165923, 0.14588667633189684, 4
0.932, 0.1452991452991453, 0.0, 0.0, 0.0, 0.047835934811468056, 0.0010883306422169495, 0.02981363516685496, 0.0004301155670673315, 0.8164072679639913, 0.7491748700699289, 0.8865826546583939, 0.805691065714852, 0.11836740951520064, 0.7833553761999411, 0.2613908924141264, 0.8865826546583939, 0.24072178, 0.08336239075164026, 2
0.732, 0.7521367521367521, 0.0, 0.0, 0.0, 0.07289288799560421, 0.0019699048720026864, 0.04472048070059126, 0.0008996552911097884, 0.35742546636249467, 0.33415840757033644, 0.41438101249532233, 0.3178861605393619, 0.589795939459808, 0.5574636982265042, 0.11750601057571247, 0.41438101249532233, 0.3004298, 0.1514059504619361, 6
0.756, 0.717948717948718, 0.0, 0.49999999999999994, 0.0, 0.14578588259712177, 0.002070419639634734, 0.04968943293854453, 0.0007998730027471108, 0.4278554386837561, 0.39521449516795804, 0.5033357709167103, 0.37723577372595674, 0.49795920688379797, 0.6803170273187807, 0.002398079205700121, 0.5033357709167103, 0.31801003, 0.14881369816871126, 6
0.13999999999999999, 0.4871794871794873, 0.0, 0.0, 0.0, 0.015945332651656853, 0.00010988372701818023, 0.009937888823733613, 0.00018166814923901192, 0.04115009101015395, 0.05528052858216513, 0.04521867964997272, 0.022764227737457857, 0.9673469409571012, 0.16776750220312747, 0.38129496061280466, 0.04966642090684639, 0.5813492, 0.3465195736708458, 1
0.312, 0.3547008547008548, 0.0, 0.0, 0.0, 0.05011389406759003, 0.0017581400162374494, 0.021118001172794956, 0.000398066635255176, 0.15246636911826805, 0.15841584261346925, 0.1779095568724273, 0.11869918978782464, 0.8714285758629737, 0.31968296079218356, 0.21822542354605534, 0.1779095568724273, 0.39043593, 0.22864814241256465, 1
0.708, 0.3803418803418804, 0.0, 0.0, 0.0, 0.01822337268225931, 0.0006722330192650425, 0.013664558058101984, 0.00023777384188402003, 0.9609601088717468, 0.9389438381449544, 0.9822090883453736, 0.9593495619670838, 0.40816327017909193, 0.5706737246640341, 0.3069544189051632, 0.9822090883453736, 0.14110672, 0.09499882702523321, 2
0.628, 0.11965811965811965, 0.0, 0.0, 0.0, 0.03644648294996275, 0.0010831315868651181, 0.012422369414759663, 0.00012416312806510892, 0.8913215477730128, 0.8481847809855252, 0.9451445667520788, 0.8747967591512985, 0.273469365122033, 0.7212681806093372, 0.1918464875351507, 0.9451445667520788, 0.19366461, 0.10093787955475575, 2
0.324, 0.29487179487179493, 0.0, 0.0, 0.0, 0.018223188992070198, 0.0006008153628888419, 0.01614904893484168, 0.0002810889938695657, 0.42337112407386474, 0.38531353006649677, 0.4966641623672041, 0.3804877955978586, 0.4591836996147433, 0.6671070008812511, 0.07194241933647244, 0.4966641623672041, 0.30741948, 0.1353502648342691, 4
0.52, 0.9017094017094017, 0.0, 0.0, 0.0, 0.08656036061664303, 0.0012566955743526487, 0.03975154858686033, 0.0006743849873464397, 0.11764705295824486, 0.09818481440136598, 0.08969607420536638, 0.16747967884195905, 0.6938775574677216, 0.022457068721871934, 0.9664268479547296, 0.15270571421270782, 0.43312526, 0.8758025881273539, 7
0.344, 0.32478632478632485, 0.0, 0.0, 0.0, 0.03416854829520538, 0.0008338230397259041, 0.06459627176420671, 0.001720502316477212, 0.15774201660724316, 0.15841584261346925, 0.18977020244795995, 0.12195122629387253, 0.830612251049146, 0.3566710823734096, 0.19904074673498545, 0.18977020244795995, 0.41330814, 0.2134718587424183, 1
0.632, 0.8461538461538463, 0.0, 0.0, 0.0, 0.06605921523861007, 0.0019714417053929133, 0.027329185880174786, 0.0007266726402358112, 0.12450540893817498, 0.10231023014083589, 0.1067457367920998, 0.1658536496133256, 0.6714285824752184, 0.07926023352610334, 0.8896882486241223, 0.15122312267440233, 0.40393806, 0.9226522973674023, 7
0.064, 0.8418803418803419, 0.0, 0.0, 0.49999999999999994, 0.10706152649581319, 0.0012431601664513075, 0.10186335764823864, 0.0019275489544618985, 0.34740175037770443, 0.31930692278943257, 0.4054855566680092, 0.3113821167955581, 0.5571428565393586, 0.5601056797359388, 0.15107914103824865, 0.4054855566680092, 0.30298224, 0.14094436711889752, 6
0.008, 0.8076923076923077, 0.0, 0.0, 0.9999999999999999, 0.11161729329964203, 0.0029299412701371246, 0.11677016069750552, 0.00225384721031628, 0.3824848346679139, 0.34983496658824337, 0.44848033766878914, 0.3422764306761846, 0.5122448881870056, 0.6142668594640249, 0.10551554979900862, 0.44848033766878914, 0.30885938, 0.13949693468737828, 6
0.66, 0.7606837606837608, 0.0, 0.0, 0.0, 0.12528474541954368, 0.0014907310935984939, 0.11304348117742352, 0.002008336115260358, 0.3637562575935273, 0.33333333333333337, 0.42179390347076423, 0.33008128463216374, 0.5346938999142019, 0.565389678421915, 0.16786567389541507, 0.42179390347076423, 0.29895782, 0.13292095642071816, 6
1.0, 0.7222222222222222, 0.0, 0.0, 0.0, 0.041002262054473895, 0.001103768889298432, 0.045962717642067226, 0.0014697872626501698, 0.11606436583368356, 0.10066005938960249, 0.09266123059554314, 0.15691056934364467, 0.7244898077821739, 0.04623513652078616, 0.8872901910011566, 0.14306894260141628, 0.38555545, 0.8796434858826585, 7
0.696, 0.3760683760683761, 0.0, 0.0, 0.0, 0.07972663045646478, 0.0013509243688092979, 0.03229814035415277, 0.00047019957453107097, 0.3943550415181079, 0.37376235708509015, 0.4462564903909823, 0.3577235766408884, 0.5979591964144104, 0.5429326453671501, 0.13429254343287889, 0.4462564903909823, 0.26862052, 0.15161486547388042, 4
0.24, 0.5470085470085471, 0.0, 0.0, 0.0, 0.1002277922354075, 0.0017581386200681193, 0.0310559011766521, 0.0004942442603098889, 0.16380901834169578, 0.13283828879113146, 0.21497403843607088, 0.138211386872893, 0.5938775679371092, 0.4610303744531445, 0.28776978525956215, 0.21497403843607088, 0.4443531, 0.12334195211612453, 4
0.8240000000000001, 0.6068376068376069, 0.0, 0.0, 0.49999999999999994, 0.47835988114424716, 0.21966403279322522, 0.02111800653925425, 0.0004942435317672022, 0.061988922094638736, 0.043729372679966017, 0.09266123059554314, 0.04634146350386674, 0.7204081609375261, 0.31704094361564195, 0.40047961584114, 0.09266123059554314, 0.77151674, 0.1409557063137989, 5
0.248, 0.15811965811965814, 0.0, 0.0, 0.0, 0.03872445696690349, 0.0004201450480317154, 0.0161491339037805, 0.00030189084959041476, 0.7755209287031218, 0.7211221232395514, 0.859896220460369, 0.7365853283759676, 0.22653065600041555, 0.845442536123438, 0.021582734434035467, 0.859896220460369, 0.246491, 0.11554902898489539, 2
0.036, 0.21367521367521367, 0.0, 0.0, 0.0, 0.036446534612828436, 0.0008758325532237202, 0.016149105729869207, 0.00028108864763145723, 0.47560011255816204, 0.42656763548099913, 0.5648628794302232, 0.4260162335117992, 0.36122450595543487, 0.7701453259843399, 0.0, 0.5648628794302232, 0.3227603, 0.1308551868084089, 4
0.984, 0.004273504273504272, 0.0, 0.0, 0.0, 0.03189069154476929, 0.00036197054641180993, 0.024844738829519326, 0.0002137253186328327, 0.741493023765626, 0.6551154788337752, 0.8569310240405408, 0.699999963414635, 0.0, 1.0, 0.0071942160343658745, 0.8569310240405408, 0.31315902, 0.10231037851408625, 2
0.24, 0.9017094017094017, 0.0, 0.0, 0.0, 0.1025056858878905, 0.009986490316518567, 0.03726707693993311, 0.0017632494504191357, 0.047480873694629076, 0.0363036302895141, 0.031134175454898626, 0.07642276642871301, 0.777551023905456, 0.06076618105781528, 0.79856115247658, 0.06968124855684767, 0.5931498, 0.8629962312974593, 7
0.908, 0.6965811965811967, 0.0, 0.0, 0.0, 0.04783595941283266, 0.000911389041885778, 0.12670805175726385, 0.018850744108974984, 0.2350303306641722, 0.2153465293231057, 0.2735359505297557, 0.21219511677572886, 0.6551020501986671, 0.41743725154218925, 0.2949640228766625, 0.2735359505297557, 0.28683385, 0.1366915371252876, 6
0.536, 0.8717948717948718, 0.0, 0.49999999999999994, 0.0, 0.11389519105235248, 0.0023172349773925285, 0.060869569883877636, 0.0021528277699120815, 0.10735953323261214, 0.08498350037169553, 0.08821348933866946, 0.15040649633154884, 0.6755102109525197, 0.06605019995515217, 0.9088729254351922, 0.13713861647784567, 0.44167453, 0.9047693162790204, 7
0.54, 0.3974358974358975, 0.0, 0.0, 0.49999999999999994, 0.43963557014544036, 0.02880894365130392, 0.6981366199915142, 0.46917396676056455, 0.3051965134888536, 0.26567657758226293, 0.3513713925028066, 0.29349591967083116, 0.48571432145189425, 0.4821664524202992, 0.3764988022014044, 0.3513713925028066, 0.37578005, 0.08595846958432107, 3
0.188, 0.9743589743589745, 0.0, 0.0, 0.49999999999999994, 0.1252847167179516, 0.002859798072029772, 0.04596273105821546, 0.0012578339257371194, 0.14560802026046915, 0.11303629918226982, 0.12527799091713868, 0.19999999999999998, 0.5877551068538108, 0.07265521674062775, 1.0, 0.18235730480090953, 0.44580838, 0.9286799044453418, 7
0.316, 0.28632478632478636, 0.0, 0.0, 0.0, 0.018223241885004116, 0.00012927480870734964, 0.019875770044983226, 0.0004702009450569172, 0.32629913193327903, 0.3184818485524295, 0.3595255792474012, 0.2975609781082688, 0.7142857182215743, 0.4200792449406595, 0.22062348116902103, 0.3595255792474012, 0.245206, 0.16693887463054363, 4
0.788, 0.5641025641025641, 0.0, 0.0, 0.0, 0.013667425058400563, 0.0009012232886628956, 0.007453415835191562, 0.0002633922303591384, 0.0031653916983441256, 0.0008250824795771663, 0.007412898981372135, 0.0008130081021217536, 0.8571428618658892, 0.155878466520315, 0.5323741016510533, 0.007412898981372135, 0.7407407, 0.1361322655649977, 5
0.336, 0.034188034188034185, 0.0, 0.0, 0.0, 0.03872445696690349, 0.0017804085680119457, 0.04347825046718941, 0.000766658597395193, 0.4642574775789967, 0.41914189309054717, 0.5448480537817045, 0.42032518243109307, 0.3938775888758842, 0.7199471422984771, 0.052757807273605906, 0.5448480537817045, 0.30955637, 0.1293504791555845, 4
0.696, 0.7478632478632479, 0.0, 0.0, 0.0, 0.07289291259696883, 0.0027939533302477992, 0.05217392470969411, 0.0014586001650978714, 0.3901345377711903, 0.3638613771321441, 0.45366938136642415, 0.34634144521118426, 0.5571428565393586, 0.6036988264249654, 0.07194241933647244, 0.45366938136642415, 0.30412614, 0.15101373016770858, 6
1.0, 0.2991452991452992, 0.0, 0.0, 0.0, 0.0432801434062746, 0.0007304057233169354, 0.017391307565757293, 0.0003419631715179916, 0.276971778056443, 0.2566006644405776, 0.3232023600948676, 0.24634146716240324, 0.6367347036834651, 0.47291941013595695, 0.2158273227576208, 0.3232023600948676, 0.3038762, 0.14777902296336165, 4
0.908, 0.05128205128205129, 0.0, 0.0, 0.0, 0.07289294129856089, 0.001935243572210925, 0.027329214948495963, 0.0007552623864519336, 0.35030333513024703, 0.31435644766444437, 0.40845068637175175, 0.3219512116597265, 0.49795920688379797, 0.5614266704906561, 0.21822542354605534, 0.40845068637175175, 0.3086199, 0.1199130217049918, 4
0.38, 0.44444444444444453, 0.0, 0.0, 0.0, 0.0296127556599437, 0.00034257859211680916, 0.012422358234636133, 0.00014960904668241857, 0.047217092032393444, 0.05610560727461368, 0.0563380314578352, 0.028455283208407726, 0.926530613939192, 0.19682959246608928, 0.3764988022014044, 0.057079313883770834, 0.5465168, 0.2871664273470488, 1
0.8200000000000001, 0.8675213675213675, 0.0, 0.0, 0.0, 0.13211843047722013, 0.003560813820121732, 0.05590061317387495, 0.0011655915492510725, 0.16961224482383086, 0.13448843726513768, 0.15122312267440233, 0.2243902335514577, 0.561224521751353, 0.09114927277562651, 0.9976019207942999, 0.20459599107045223, 0.40983668, 0.9376258622110535, 7
0.524, 0.23504273504273507, 0.0, 0.0, 0.0, 0.056947607826858544, 0.0024368332855145337, 0.04720497247174084, 0.0008869690546805188, 0.19335267276848137, 0.18646863399830113, 0.23943662535628893, 0.14959349635137814, 0.7632653150512285, 0.44385731630628444, 0.11990408978141265, 0.23943662535628893, 0.42930815, 0.19336177903191532, 1
0.584, 0.7692307692307693, 0.0, 0.49999999999999994, 0.0, 0.16400911792176195, 0.003805823561893234, 0.110559011766521, 0.0027892098067327734, 0.41387495147157827, 0.38448845582949365, 0.48035581556444906, 0.3699187007336902, 0.526530624592253, 0.6274768977905905, 0.06474820330210657, 0.48035581556444906, 0.2993077, 0.14672503953139981, 6
0.092, 0.02564102564102564, 0.0, 0.0, 0.0, 0.02733479763388995, 0.00015513045108136807, 0.012422312172527192, 0.00027784475721928095, 0.8129781042182888, 0.7607260207741083, 0.8828762425287157, 0.7878048393218331, 0.23061228447771687, 0.7807133590233994, 0.13429254343287889, 0.8828762425287157, 0.22572522, 0.1038249509154161, 2
0.10800000000000001, 0.3760683760683761, 0.0, 0.0, 0.0, 0.09111618072342853, 0.0023786613668078894, 0.05962733741445109, 0.0026288450823945715, 0.14692693213271293, 0.1551155159624872, 0.17049665922537685, 0.11300813139004556, 0.8897959227455227, 0.3077939251093711, 0.21822542354605534, 0.17049665922537685, 0.39433068, 0.237007779547796, 1
0.68, 0.7307692307692308, 0.0, 0.0, 0.0, 0.11845103166027515, 0.002935708845640217, 0.09068321846688084, 0.002216343203331503, 0.40121338325377554, 0.3745874387478357, 0.46701259846543663, 0.3552845547491572, 0.5510204321907534, 0.6195508581500011, 0.05035968490243692, 0.46701259846543663, 0.30547154, 0.15312676982935125, 6
0.588, 0.34188034188034194, 0.0, 0.0, 0.0, 0.05011389406759003, 0.0009824906404298527, 0.05217390905752117, 0.002757081074249897, 0.16855710108177338, 0.1716171492173973, 0.20237213044942823, 0.12845527735474932, 0.8448979654135775, 0.3698811088109394, 0.15827335707261458, 0.20237213044942823, 0.4209725, 0.216282083361162, 1
0.356, 0.4401709401709402, 0.0, 0.49999999999999994, 0.0, 0.07061503124516813, 0.0025143993923871077, 0.08695651882257646, 0.0020410957224301415, 0.14191505989605535, 0.1526402561227659, 0.16085988761408535, 0.1105691021812414, 0.9102040834993753, 0.28137383656720455, 0.24220621560305655, 0.16085988761408535, 0.37532148, 0.2508288538978965, 1
0.336, 0.5470085470085471, 0.0, 0.0, 0.0, 0.22323458659928405, 0.008322436755274554, 0.0683229781165852, 0.001932042403781151, 0.07069374757357892, 0.044554454342711526, 0.10081541734013774, 0.06341463503866744, 0.6591836786759683, 0.31704094361564195, 0.47242206323516733, 0.10081541734013774, 0.627944, 0.07936207725625183, 3
0.0, 0.13675213675213677, 0.0, 0.0, 0.0, 0.0888382829707181, 0.004169114500544855, 0.05341616165117009, 0.0011033659970517825, 0.13347400966943268, 0.12871287305166157, 0.16827278526113576, 0.09999999999999999, 0.7979591883327779, 0.36327609559217455, 0.2254196611631557, 0.16827278526113576, 0.45768142, 0.19592979072427524, 1
0.1, 0.5213675213675214, 0.0, 0.0, 0.0, 0.04555807806103196, 0.001712587897585395, 0.036024846706531256, 0.0007666578760658002, 0.061988922094638736, 0.027227722345848457, 0.10600444769455561, 0.04796747663493959, 0.5979591964144104, 0.3883751577125167, 0.4148680975501611, 0.10600444769455561, 0.772831, 0.09249421652789458, 3
0.092, 0.44444444444444453, 0.0, 0.0, 0.0, 0.0387243864429916, 0.00026501370689239936, 0.10683227410979663, 0.0022334502512101743, 0.11527300446607483, 0.12623762063768265, 0.13343217099012475, 0.08455283940115026, 0.9204081657130363, 0.2681638101296748, 0.2541966332142916, 0.14158635106311082, 0.44718736, 0.2996468613117289, 1
0.23199999999999998, 0.17094017094017094, 0.0, 0.0, 0.0, 0.02961276919069424, 0.0010406716342371437, 0.01739129482041647, 0.000534320131178078, 0.7950408742672485, 0.749999981435644, 0.8621201344542614, 0.7658536203450336, 0.289795915765931, 0.7595773048343162, 0.1031174705933085, 0.8621201344542614, 0.21837935, 0.11238497233701594, 2
0.148, 0.021367521367521368, 0.0, 0.0, 0.0, 0.04555806576034965, 0.001899945793725755, 0.019875812529452638, 0.0005823823807505461, 0.5069902649724826, 0.4702970081609651, 0.5826538311145009, 0.46016259853261954, 0.4428571673381919, 0.7080581066156646, 0.01678653285716636, 0.5826538311145009, 0.2848739, 0.13950839675281262, 4
0.16799999999999998, 0.7478632478632479, 0.0, 0.0, 0.0, 0.05922552198047873, 0.0006008151185592091, 0.018633542942015965, 0.0007410955493110871, 0.10841466273040717, 0.09818481440136598, 0.08524833294849271, 0.14390244527067206, 0.7653061292898791, 0.044914131499226045, 0.841726621344651, 0.13120831036910074, 0.35552603, 0.8615736187136034, 7
0.464, 0.717948717948718, 0.0, 0.0, 0.0, 0.07972665505782939, 0.002586388500870163, 0.06956521953011058, 0.0007852845485761969, 0.34581904900888066, 0.3275577394168876, 0.393624904420868, 0.3113821167955581, 0.6306122609675132, 0.5046235211421711, 0.16546761627244938, 0.393624904420868, 0.27882218, 0.15339608448472525, 6
0.544, 0.15811965811965814, 0.0, 0.0, 0.0, 0.043280250012187924, 0.0016212309536325186, 0.03975159777940386, 0.0007704193924502203, 0.8834080765395501, 0.8399340014867821, 0.9369903266346157, 0.867479686159032, 0.273469365122033, 0.7173051251219354, 0.19904074673498545, 0.9369903266346157, 0.19462235, 0.09944368610896842, 2
0.22, 0.7051282051282052, 0.0, 0.0, 0.0, 0.03872439095324178, 0.0009630979007896037, 0.03229813141005395, 0.0012396189880441097, 0.1395410114038853, 0.11716171492173973, 0.12305411695289759, 0.1796747883006149, 0.6653061213919201, 0.09114927277562651, 0.8752997733899216, 0.1638250506758706, 0.3589904, 0.9273583265454678, 7
0.748, 0.5555555555555556, 0.0, 0.0, 0.0, 0.0, 0.0, 0.0, 0.0, 0.0, 0.0, 0.0, 0.0, 0.8755102083810912, 0.13210039515469008, 0.5539568360850888, 0.0, 0.0, 0.5037600577210658, 5
0.808, 0.0, 0.0, 0.0, 0.0, 0.03189064234204007, 0.0009049251792855941, 0.03975156871108269, 0.0005663755405281805, 0.9076760265003108, 0.8580858203444104, 0.9547813050053275, 0.9048780071980973, 0.2204081581824241, 0.6908850722468759, 0.30935251969359767, 0.9547813050053275, 0.19251962, 0.08197762229194444, 2
0.388, 0.6324786324786325, 0.0, 0.0, 0.0, 0.0820045487103124, 0.0014716920385538198, 0.06832296470043697, 0.0017030208986436987, 0.19968345687738276, 0.15676566443649345, 0.197924382520946, 0.24390245258774507, 0.4938775416718037, 0.19022457092499942, 0.8968825078239571, 0.22238696944116407, 0.36751375, 1.0, 7
0.88, 0.21367521367521367, 0.0, 0.0, 0.0, 0.011389522385417196, 0.0004379158403089444, 0.014906832117588064, 0.00040233831185262486, 0.04563439564906154, 0.03052805122455319, 0.07635285710635391, 0.026829267882212977, 0.7489795970133277, 0.31175693304063, 0.3764988022014044, 0.07635285710635391, 0.68080807, 0.14670666161025164, 5
0.664, 0.8418803418803419, 0.0, 0.0, 0.0, 0.05466970187369322, 0.0011634741509719783, 0.016149055642915796, 0.0005138214646275935, 0.16037984035173072, 0.13118812546564046, 0.13936249711369533, 0.21219511677572886, 0.60816328597501, 0.07397621938438073, 0.9736211287372988, 0.19347664793568087, 0.39033788, 0.9231683009471475, 7
0.012, 0.4529914529914531, 0.0, 0.0, 0.0, 0.00911161643225188, 0.00012927494832428268, 0.007453415835191562, 6.411817626001098e-05, 0.006594565771137007, 0.0, 0.01704966658969854, 0.0016260162042435072, 0.8244898028229903, 0.19022457092499942, 0.5083932836947708, 0.01704966658969854, 1.0, 0.12263671036264617, 3
0.060000000000000005, 0.35042735042735046, 0.0, 0.0, 0.0, 0.07061503124516813, 0.005539429218054425, 0.02360248623587042, 0.0006865999792834198, 0.14270640701940163, 0.11716171492173973, 0.19125277397143978, 0.11463414598453302, 0.6408163321607663, 0.43989433215309687, 0.27098320923692687, 0.19125277397143978, 0.45777184, 0.13791222076464615, 5
0.74, 0.2905982905982906, 0.0, 0.0, 0.0, 0.054669673172101176, 0.0012410399088022192, 0.02981366423517613, 0.0005129435346236666, 0.28857821677645074, 0.28052806236316674, 0.3180133497552754, 0.2642276277017651, 0.7244898077821739, 0.3870541669577995, 0.26858513003122675, 0.3180133497552754, 0.24472968, 0.16275957387445983, 4
0.028000000000000004, 0.2905982905982906, 0.0, 0.0, 0.0, 0.1207289171123033, 0.02399989424017324, 0.372670769399331, 0.0515830583385245, 0.16829332582945586, 0.12871287305166157, 0.21126759961995847, 0.16016260584969252, 0.5285714204635571, 0.41875824229690656, 0.44124699902869063, 0.21126759961995847, 0.5142537, 0.07695811527836272, 3
0.16799999999999998, 0.1623931623931624, 0.0, 0.0, 0.0, 0.04783601271578933, 0.0016759674755373682, 0.023602522012265714, 0.00028108908042909285, 0.46372990570796796, 0.4257425538182536, 0.5359525712679573, 0.42195121897679955, 0.4469387774481466, 0.6750330405218402, 0.07194241933647244, 0.5359525712679573, 0.29016516, 0.13378205066882376, 4
0.028000000000000004, 0.27350427350427353, 0.0, 0.0, 0.0, 0.05239179592052791, 0.0024795019654573745, 0.03726707693993311, 0.0013430422586496772, 0.017409653806732848, 0.006600659985132178, 0.031134175454898626, 0.013008129926630977, 0.7897959277047062, 0.21136063105860056, 0.5107913672170178, 0.031134175454898626, 0.87222224, 0.0928808549893379, 3
0.636, 0.5641025641025641, 0.0, 0.0, 0.0, 0.0, 0.0, 0.0, 0.0, 0.0, 0.0, 0.0, 0.0, 0.8755102083810912, 0.13210039515469008, 0.5539568360850888, 0.0, 0.0, 0.5037600577210658, 5
0.444, 0.4743589743589744, 0.0, 0.49999999999999994, 0.0, 0.059225493278886675, 0.0010831361244154414, 0.04347825046718941, 0.0012393133607803977, 0.42257977695051846, 0.38531353006649677, 0.49221646781159034, 0.3829268101725168, 0.4653061239633486, 0.6472919255578493, 0.10071941297034281, 0.49221646781159034, 0.29916364, 0.1330524103380809, 4
0.528, 0.7478632478632479, 0.0, 0.0, 0.0, 0.07744873270375434, 0.002644612950447856, 0.04720497247174084, 0.0012873625542908567, 0.4228435664470985, 0.39108910913145767, 0.49444034844743995, 0.37560973718025026, 0.5061224822057468, 0.6578599467078732, 0.03357315204527056, 0.49444034844743995, 0.30745777, 0.14682466998071897, 6
0.88, 0.1794871794871795, 0.0, 0.0, 0.0, 0.047836197226023926, 0.00029086838940000324, 0.022360247058369746, 0.0006091216573956604, 0.9567396051248291, 0.9471947290298334, 0.9710897185241681, 0.9504064890144759, 0.5020408169937527, 0.5323646123280907, 0.2661870508255266, 0.9710897185241681, 0.12431249, 0.11205669737874141, 2
0.624, 0.8846153846153847, 0.0, 0.49999999999999994, 0.0, 0.09339407847613898, 0.006159953360963525, 0.04720496799969142, 0.002938750045804416, 0.10604062136036838, 0.08498350037169553, 0.09043735663130202, 0.14390244527067206, 0.6857143005131192, 0.08454425242344021, 0.8633093557786866, 0.13120831036910074, 0.42601216, 0.9177803052051381, 7
0.664, 0.7478632478632479, 0.0, 0.0, 0.0, 0.1435079602430467, 0.0037835284829014636, 0.06335403258670605, 0.001155628836210043, 0.41308361147036327, 0.3902640274687122, 0.4766493367186854, 0.3658536496133256, 0.5755102030545607, 0.611624818509412, 0.03597120966823619, 0.4766493367186854, 0.29964966, 0.15855159162539018, 6
0.672, 0.4658119658119659, 0.0, 0.0, 0.0, 0.08883827477026322, 0.0032021990015993125, 0.06086956317580352, 0.0013888932008357035, 0.23054602317641212, 0.2128712769091268, 0.2705708008111875, 0.2040650438032916, 0.6714285824752184, 0.4240422647609541, 0.2637889500370921, 0.2705708008111875, 0.3134271, 0.1484415759830937, 4
0.8200000000000001, 0.6837606837606838, 0.0, 0.0, 0.0, 0.04100229075606594, 0.0005203220648506693, 0.037267092592106046, 0.0006628559075290343, 0.13532049341270522, 0.12211221232395515, 0.10896961075634091, 0.17723575909181075, 0.7346938881591002, 0.03698810969219035, 0.8920863494125568, 0.16160117671162952, 0.34374964, 0.8695375074150173, 7
0.6880000000000001, 0.1623931623931624, 0.0, 0.0, 0.0, 0.04100232765811287, 0.0013265620866029875, 0.021118030241116133, 0.0006871233758908057, 0.7652334018553579, 0.7029702598274687, 0.8391401123859147, 0.7455284086456485, 0.17142861645480956, 0.7859973577093756, 0.1942446099063197, 0.8391401123859147, 0.2473368, 0.09349613795973649, 2
0.704, 0.5213675213675214, 0.0, 0.0, 0.0, 0.004555806986057709, 0.00030040773380077084, 0.004968943741059394, 0.00019632097484493583, 0.013189131542274014, 0.007425742390451921, 0.025945143766159053, 0.004878048905413441, 0.8285714331370262, 0.20475561189531785, 0.477218223804841, 0.025945143766159053, 0.8333333, 0.1530882586937265, 5
0.444, 0.4957264957264958, 0.0, 0.0, 0.0, 0.00911161643225188, 0.00012927494832428268, 0.008695651211450234, 0.00010953520996311699, 0.005275652474466982, 0.0, 0.014825797295583414, 0.0, 0.834693881363182, 0.1849405567832768, 0.5059952023307972, 0.014825797295583414, 1.0, 0.1361322655649977, 3
0.56, 0.7307692307692308, 0.0, 0.49999999999999994, 0.0, 0.0410022743551562, 0.0015169859705924855, 0.034782600820956466, 0.001071704469616596, 0.3075705477367612, 0.29867984409208304, 0.34692364457432434, 0.2731707445568111, 0.7122449039829237, 0.4464993453718618, 0.17505995467798435, 0.34692364457432434, 0.28154, 0.17240794737139115, 6
0.016, 0.29487179487179493, 0.0, 0.0, 0.49999999999999994, 0.16856490112650058, 0.015254450115218875, 0.1279503200030857, 0.0205632327444304, 0.08889475277693677, 0.05693069042250766, 0.12601928001468288, 0.07967479561768791, 0.6102040818463141, 0.36063406652659724, 0.45083932880113176, 0.12601928001468288, 0.6281558, 0.08449753894710654, 3
0.704, 0.7393162393162394, 0.0, 0.0, 0.0, 0.10706152649581319, 0.0031524938027533856, 0.06956521953011058, 0.0016425397373149176, 0.34924821275458323, 0.32673266517988453, 0.40474426089885646, 0.3105690875470954, 0.5979591964144104, 0.5468956532984091, 0.12709828423304415, 0.40474426089885646, 0.30003616, 0.1516155675912118, 6
0.792, 0.8675213675213675, 0.0, 0.0, 0.0, 0.06378132978658192, 0.001672600473580637, 0.10559005058446891, 0.0019079533923111482, 0.16407280071614455, 0.12706269487468577, 0.15048183357685815, 0.21544715328177674, 0.5489795812174098, 0.11492734414125143, 0.9688249271604297, 0.1964418109974662, 0.42076695, 0.9532992273988651, 7
0.776, 0.7264957264957266, 0.0, 0.0, 0.0, 0.04783597581374241, 0.0007562568281406306, 0.013664586232013276, 0.0002698306001200869, 0.1416512846437378, 0.12541254640067953, 0.12083023631704791, 0.18048779559785863, 0.7102040897442731, 0.06869220286485098, 0.8633093557786866, 0.1645663397734148, 0.31489658, 0.9025087793189936, 7
0.552, 0.017094017094017096, 0.0, 0.0, 0.0, 0.0205011371775781, 0.0006011260280169299, 0.019875812529452638, 0.00027784425228870606, 0.796359750528836, 0.7359736080204552, 0.8747220024112526, 0.7699186641483252, 0.17551024493211076, 0.8203434740030958, 0.12709828423304415, 0.8747220024112526, 0.2440208, 0.10110745844321106, 2
0.16799999999999998, 0.6410256410256411, 0.0, 0.0, 0.0, 0.03644644440782485, 0.0007948051680603927, 0.04347826388333764, 0.0009786556468694449, 0.174624102816226, 0.145214513732314, 0.16085988761408535, 0.21869918978782463, 0.6020408248917116, 0.11756935180656453, 0.9016786446526229, 0.19940697405925148, 0.34703225, 0.9526568075936096, 7
0.136, 0.5683760683760684, 0.0, 0.0, 0.0, 0.01138952156537171, 0.0003425785746646925, 0.028571427293700165, 0.001488075703808302, 0.006067001022239496, 0.0024752475129889225, 0.009636767608326408, 0.005691056934364464, 0.8469387796522282, 0.15323645885500192, 0.549160672925487, 0.009636767608326408, 0.25185186, 0.059504040114771506, 3
1.0, 0.7777777777777778, 0.0, 0.0, 0.0, 0.08883826246958092, 0.0013642951334423743, 0.04596274000231428, 0.0014618993814744725, 0.1321550977971889, 0.11138613585677881, 0.10229799553522612, 0.18536585401546696, 0.6795918394298209, 0.017173046257824343, 0.9928057839656341, 0.16901408770189705, 0.42249063, 0.8770259222596382, 7
0.676, 0.012820512820512824, 0.0, 0.0, 0.0, 0.027334901779666812, 0.0009734304787953292, 0.014906859844294417, 0.0005043574065957783, 0.8100764767329587, 0.7433993504109071, 0.8806523285348233, 0.7983739927225855, 0.12448979712911279, 0.7833553761999411, 0.2541966332142916, 0.8806523285348233, 0.24157602, 0.0844160231249364, 2
0.456, 0.9658119658119659, 0.0, 0.0, 0.0, 0.047835979913969845, 0.0015319074605006245, 0.02360248399984571, 0.001648370459195406, 0.06067000310026372, 0.05528052858216513, 0.03780578066860058, 0.09105691241324604, 0.81632653484798, 0.030383096473425478, 0.8081534908821149, 0.08302446565586015, 0.54054004, 0.8275635291120226, 7
0.52, 0.47863247863247865, 0.0, 0.0, 0.0, 0.009111616022229136, 0.00012927493959822436, 0.0049689435174569245, 5.343178589904909e-05, 0.0076496959811451545, 0.0, 0.02149740584508965, 0.0, 0.81632653484798, 0.20871862814890174, 0.4844124678967617, 0.02149740584508965, 1.0, 0.1361322655649977, 3
0.23199999999999998, 0.7863247863247864, 0.0, 0.0, 0.0, 0.059225517880251294, 0.0018273113059698108, 0.09937886587708906, 0.0014399838075977913, 0.3642838223424248, 0.33663364513283056, 0.42253519923991695, 0.3276422846916516, 0.555102042300708, 0.5667107167327751, 0.14148682421544817, 0.42253519923991695, 0.2976887, 0.14229917272147785, 6
0.744, 0.0982905982905983, 0.0, 0.0, 0.0, 0.05011391046849978, 0.001835701061996201, 0.024844765661815794, 0.00040608163630975963, 0.8871010440260951, 0.8498349294595314, 0.9347664793568088, 0.8715447226452506, 0.3183673518417325, 0.6869220762046527, 0.20143882594068563, 0.9347664793568088, 0.183109, 0.1030401592682954, 2
0.0, 0.43589743589743596, 0.0, 0.0, 0.0, 0.034168560595887694, 0.0002133037310531096, 0.006211180682535361, 4.5417033703106016e-05, 0.012397784418927747, 0.0057755775798124355, 0.025945143766159053, 0.004065040876462418, 0.822448986747605, 0.20871862814890174, 0.477218223804841, 0.025945143766159053, 0.88148147, 0.14795686928339352, 3
0.42, 0.5, 0.0, 0.0, 0.0, 0.02277904477083439, 0.0009824900296057707, 0.01987577541144252, 0.0006304954840452037, 0.047480873694629076, 0.06270627320033977, 0.05040770733574716, 0.029268291969066048, 0.9734693928567263, 0.16380449070515785, 0.38129496061280466, 0.0563380314578352, 0.53055555, 0.35563009896256015, 1
0.064, 0.2478632478632479, 0.0, 0.0, 0.49999999999999994, 0.3872436840199089, 0.010293076884950762, 0.2223602246981227, 0.005012340070453684, 0.14982853825164927, 0.12046204899846412, 0.1779095568724273, 0.1479674671227447, 0.6102040818463141, 0.3328930110077847, 0.5011990417611235, 0.1779095568724273, 0.4158355, 0.06244354208715075, 3
0.124, 0.35042735042735046, 0.0, 0.0, 0.0, 0.054669710074148094, 0.00036792222429320675, 0.05714285458740033, 0.0011844517882188444, 0.04194144027013959, 0.023927392724569486, 0.051890288199478954, 0.048780485395597914, 0.7285714362594751, 0.1994715953757881, 0.6043165490450806, 0.051890288199478954, 0.60978836, 0.0, 3
0.628, 0.8461538461538463, 0.0, 0.0, 0.0, 0.06150340743250687, 0.0023851207442140998, 0.034782605293005885, 0.0015602089316159539, 0.0923239236447706, 0.07013201559079169, 0.08005930259407484, 0.12764227737457862, 0.681632672035818, 0.09775429312781278, 0.8441247221330856, 0.11638250840339134, 0.4604365, 0.9300768546407367, 7
0.636, 0.5256410256410257, 0.0, 0.0, 0.0, 0.002277904436081165, 0.00023749325475692343, 0.0024844723177346387, 0.00012416431104531305, 0.008968609277815181, 0.0057755775798124355, 0.02001482564851871, 0.0, 0.8489795975643482, 0.19418758242296907, 0.47242206323516733, 0.02001482564851871, 1.0, 0.183908014906302, 5
0.312, 0.3547008547008548, 0.0, 0.0, 0.0, 0.05011389406759003, 0.0017581400162374494, 0.021118001172794956, 0.000398066635255176, 0.15246636911826805, 0.15841584261346925, 0.1779095568724273, 0.11869918978782464, 0.8714285758629737, 0.31968296079218356, 0.21822542354605534, 0.1779095568724273, 0.39043593, 0.22864814241256465, 1
0.224, 0.3547008547008548, 0.0, 0.0, 0.0, 0.08883827477026322, 0.0028505107536452236, 0.04347825941128823, 0.0004942446065479974, 0.03165391840786751, 0.009075907201091405, 0.06004447694555613, 0.022764227737457857, 0.6979591859450229, 0.29458388678280567, 0.46762589834894674, 0.06004447694555613, 0.8749174, 0.09410892841360885, 3
0.54, 0.2307692307692308, 0.0, 0.0, 0.0, 0.10706148959376627, 0.005306736656635191, 0.06583850423363327, 0.0028024979925403, 0.20232128774400154, 0.18811881217527693, 0.2550036897331083, 0.1585365766210591, 0.7061224612669719, 0.4821664524202992, 0.11750601057571247, 0.2550036897331083, 0.4305578, 0.17990968489237458, 1
0.476, 0.4316239316239317, 0.0, 0.0, 0.0, 0.07061501894448582, 0.0026695286392724284, 0.06583849528953445, 0.0011033667183811752, 0.14428910838822537, 0.14851484780903842, 0.16975537679944125, 0.11219511677572885, 0.8612244940166597, 0.31704094361564195, 0.2350119779859562, 0.16975537679944125, 0.39658895, 0.2254391502554785, 1
0.516, 0.5641025641025641, 0.0, 0.0, 0.0, 0.0, 0.0, 0.0, 0.0, 0.0, 0.0, 0.0, 0.0, 0.8755102083810912, 0.13210039515469008, 0.5539568360850888, 0.0, 0.0, 0.5037600577210658, 5
0.464, 0.4871794871794873, 0.0, 0.0, 0.0, 0.02733485093684661, 0.0006980842113493209, 0.04099379223641042, 0.0015308213950914402, 0.14639936026168418, 0.11963695248423384, 0.19125277397143978, 0.12357724088835997, 0.6306122609675132, 0.42140027136248387, 0.31654675731069803, 0.19125277397143978, 0.437078, 0.12482650900153908, 4
0.744, 0.7435897435897436, 0.0, 0.0, 0.0, 0.03644644440782485, 0.00028440388107150413, 0.017391307565757293, 0.00014960912602865177, 0.13189131542274016, 0.11386138084501532, 0.12157152541459211, 0.16097560582986326, 0.70000001855102, 0.12153236330453415, 0.779376518830979, 0.14677538808913723, 0.30188268, 0.9579240216016929, 7
0.736, 0.3675213675213676, 0.0, 0.0, 0.0, 0.052391816421665086, 0.0020622304084283952, 0.13291923646464368, 0.002221552283541312, 0.2418886795219711, 0.23019801410400953, 0.2735359505297557, 0.21869918978782463, 0.7122449039829237, 0.38309113524846916, 0.29016786446526227, 0.2735359505297557, 0.2656978, 0.15966822147624204, 4
0.832, 0.6025641025641026, 0.0, 0.0, 0.0, 0.0, 0.0, 0.0, 0.0, 0.0, 0.0, 0.0, 0.0, 0.8755102083810912, 0.13210039515469008, 0.5539568360850888, 0.0, 0.0, 0.5037600577210658, 5
0.296, 0.44444444444444453, 0.0, 0.0, 0.0, 0.03416854829520538, 0.0007562590620115589, 0.003726707917595781, 5.6103333897893805e-05, 0.1200211014504149, 0.10066005938960249, 0.15492956816212328, 0.10081300729724371, 0.6938775574677216, 0.35931306388284423, 0.35491606776736884, 0.15492956816212328, 0.42083883, 0.13143157247865056, 5
0.548, 0.3547008547008548, 0.0, 0.0, 0.0, 0.14806375164824015, 0.004406121923279099, 0.15776395964199008, 0.00412951267274757, 0.3336850384178442, 0.3184818485524295, 0.3758339393933733, 0.30243903652587717, 0.6571428644373176, 0.47027741673748674, 0.19664268911201987, 0.3758339393933733, 0.2645714, 0.15782656771610093, 4
0.292, 0.40598290598290604, 0.0, 0.49999999999999994, 0.0, 0.047835979913969845, 0.0006011286283823075, 0.03975154858686033, 0.0011113815535299986, 0.11896596483048864, 0.13943894951883787, 0.12972572550240383, 0.08699186860995442, 0.9897959214598084, 0.22985468590469577, 0.24220621560305655, 0.13194959946664492, 0.39931142, 0.30506550447525194, 1
0.572, 0.08974358974358976, 0.0, 0.0, 0.0, 0.03644648294996275, 0.00047498148330425813, 0.01987575662883499, 0.00044768125781380065, 0.8871010440260951, 0.8407590385950732, 0.9399555230544439, 0.8747967591512985, 0.2510204268642229, 0.7146631436125009, 0.23021581957455595, 0.9399555230544439, 0.19629721, 0.09415581229840997, 2
0.008, 0.4871794871794873, 0.0, 0.0, 0.0, 0.04783601271578933, 0.0012992150736025566, 0.021118015930558016, 0.0004301263148752836, 0.41176470672025073, 0.388613841865994, 0.46997772816917915, 0.3707317080309339, 0.57346938881591, 0.5825627603468465, 0.09112707456480784, 0.46997772816917915, 0.28073832, 0.1516431783552673, 4
0.304, 0.7435897435897436, 0.0, 0.0, 0.0, 0.11617313800779214, 0.0037037227459020684, 0.07950310164577008, 0.003034925326538603, 0.2513848450021263, 0.23184817000375818, 0.29280949375233883, 0.22520325548284742, 0.6510204217213659, 0.4385733295093439, 0.2613908924141264, 0.29280949375233883, 0.30228558, 0.1421482526011033, 6
0.624, 0.6068376068376069, 0.0, 0.0, 0.0, 0.03872436840199089, 0.001891019036070733, 0.004968943293854454, 0.00029119106053598237, 0.004484304638907591, 0.003300329992566089, 0.008154188078916323, 0.0016260162042435072, 0.8653061261674302, 0.15323645885500192, 0.5275779389231062, 0.008154188078916323, 0.2777778, 0.17707292023850568, 5
0.724, 0.42307692307692313, 0.0, 0.0, 0.0, 0.02733485093684661, 0.0005429546503259009, 0.023602481763821008, 0.0003660078500835155, 0.040622528397895805, 0.05115511507041794, 0.04670125984654366, 0.023577235766408883, 0.9408163301403581, 0.17833553286437984, 0.39328536311612555, 0.0489251304749805, 0.56613755, 0.3168098035238742, 1
0.548, 0.3162393162393163, 0.0, 0.49999999999999994, 0.0, 0.059225517880251294, 0.0022235293275839085, 0.027329185880174786, 0.0009510860768135015, 0.18860459002840377, 0.17986797327059473, 0.23350629923271832, 0.1479674671227447, 0.7510204167621823, 0.43593130044376655, 0.14868101866707967, 0.23350629923271832, 0.4214949, 0.1869595923576986, 1
0.972, 0.02564102564102564, 0.0, 0.0, 0.0, 0.0410022743551562, 0.0017839932327672566, 0.026087011547390588, 0.00015228033860932886, 0.9820627700489596, 0.9760725500972139, 0.9866567829009875, 0.9829268540749547, 0.5204081635089546, 0.48877146563906404, 0.3237409949277984, 0.9866567829009875, 0.11121766, 0.10441151728696241, 2
0.07600000000000001, 0.576923076923077, 0.0, 0.49999999999999994, 0.0, 0.07972664685737452, 0.002824656664509585, 0.02981365752710201, 0.0006091228548024524, 0.04457926401462715, 0.0429042887894978, 0.0563380314578352, 0.03333333065040657, 0.8489795975643482, 0.21003962603704046, 0.44364508470921105, 0.05782060965292358, 0.46406928, 0.22566168634365114, 4
0.8160000000000001, 0.2905982905982906, 0.0, 0.0, 0.0, 0.20045556806990525, 0.025880841485217014, 0.08571427964507579, 0.026056019017705174, 0.07148509469692518, 0.04867986488416176, 0.10081541734013774, 0.06178862044417999, 0.6836734679071221, 0.313077935684383, 0.45083932880113176, 0.10081541734013774, 0.59776545, 0.09543375360614043, 3
1.0, 0.5341880341880342, 0.0, 0.0, 0.0, 0.036446464088916546, 0.0009499728096022943, 0.0136645951761121, 0.0005138211977357181, 0.005275652474466982, 0.0024752475129889225, 0.01186063756960239, 0.0008130081021217536, 0.8530612297151187, 0.16908850722468757, 0.5131894507392648, 0.01186063756960239, 0.75, 0.15136626327978137, 5
0.2, 0.2307692307692308, 0.0, 0.49999999999999994, 0.0, 0.047835934811468056, 0.00044600018429435164, 0.04099381459665748, 0.0015308254345360393, 0.8135056404786613, 0.7937293244126404, 0.8591550047505189, 0.7829268101725168, 0.471428585046647, 0.6512549691562153, 0.08633093773614209, 0.8591550047505189, 0.17412825, 0.13532570828060503, 2
0.712, 0.7435897435897436, 0.0, 0.49999999999999994, 0.0, 0.06150346483569097, 0.003138144148898667, 0.04347825046718941, 0.0012851156132324126, 0.35346873786789457, 0.33415840757033644, 0.40919198214090446, 0.3113821167955581, 0.6204081714069136, 0.5495376348078436, 0.09592327614167695, 0.40919198214090446, 0.30616122, 0.1600586689242079, 6
0.18, 0.8675213675213675, 0.0, 0.0, 0.0, 0.1275626431722541, 0.0031146947869131465, 0.07577640200146571, 0.0017366361467391728, 0.12239513569832247, 0.1072607275430513, 0.10452186949946723, 0.15691056934364467, 0.7244898077821739, 0.07793923563796462, 0.8297362253161504, 0.14306894260141628, 0.34176603, 0.9015260959020308, 7
0.84, 0.15384615384615385, 0.0, 0.0, 0.0, 0.022779006228696497, 0.00043953562360950265, 0.012422340346438486, 5.343162359993571e-05, 0.8715378340786999, 0.8333332962046213, 0.9214232622577964, 0.8544715401348405, 0.31632653760308194, 0.6935270537563105, 0.1918464875351507, 0.9214232622577964, 0.18736246, 0.10379816513922502, 2
0.756, 0.45726495726495736, 0.0, 0.0, 0.0, 0.04555806576034965, 0.0022580621797972903, 0.021118043657264367, 0.0005570119997472462, 0.2838301197921107, 0.26897687453027536, 0.3217197752281707, 0.25691055470949864, 0.6755102109525197, 0.430647277979719, 0.24700239559719123, 0.3217197752281707, 0.27171725, 0.1516482511529863, 4
0.596, 0.5384615384615384, 0.0, 0.0, 0.0, 0.018223232044458273, 0.00012927491342004942, 0.009937885022491613, 5.343180753893087e-05, 0.03877604964011515, 0.051980196733163446, 0.04225352192547426, 0.021951218976799535, 0.9612244890574762, 0.16380449070515785, 0.39568344663837257, 0.04670125984654366, 0.5674603, 0.3492028466996141, 1
0.616, 0.7222222222222222, 0.0, 0.0, 0.0, 0.020501131027236948, 0.0006101311805798432, 0.03354036835152991, 0.0003646502071802282, 0.08309153341693291, 0.06683168151406729, 0.065233507299974, 0.11869918978782464, 0.7285714362594751, 0.06472919493359205, 0.8489208805444859, 0.10822832165879671, 0.44597858, 0.8910904909002523, 7
0.452, 0.7307692307692308, 0.0, 0.0, 0.0, 0.03189066571333645, 0.0006722293019642009, 0.04472048517264067, 0.0010579493672931365, 0.1289897021816726, 0.10396039346632689, 0.11564121930584716, 0.16829267882212978, 0.6489796074827152, 0.10435931229109552, 0.8705036149785214, 0.15344699663864345, 0.39236423, 0.9396341810727247, 7
0.612, 0.0641025641025641, 0.0, 0.0, 0.0, 0.043280250012187924, 0.00042013729929193277, 0.03229815377030101, 0.00018166690133916244, 0.9794249463044721, 0.9843234409820931, 0.9777613270736745, 0.9764227078921289, 0.6020408248917116, 0.45442534934534395, 0.29016786446526227, 0.9777613270736745, 0.09847229, 0.12694843044742332, 2
0.528, 0.1794871794871795, 0.0, 0.0, 0.0, 0.025056979425591756, 0.0011290323464510422, 0.027329172464026552, 0.0007239962917898577, 0.8857820965431952, 0.8366336228556034, 0.9429207194742718, 0.8715447226452506, 0.23061228447771687, 0.7371202242234086, 0.21342924355192067, 0.9429207194742718, 0.2027078, 0.09501167577239705, 2
0.376, 0.7863247863247864, 0.0, 0.0, 0.0, 0.1435079110403175, 0.002199859545365381, 0.1652173902349447, 0.002653240009660043, 0.45238723511814655, 0.41584157386530757, 0.5277983911949711, 0.40569103644656007, 0.46122451385339397, 0.6882430907374414, 0.03117507283957044, 0.5277983911949711, 0.30158615, 0.14033696541554325, 6
0.152, 0.5555555555555556, 0.0, 0.0, 0.0, 0.011389522385417196, 0.0002374932896611567, 0.004968944411866807, 0.00012416431104531305, 0.008704826903366424, 0.0008250824795771663, 0.02372127513920478, 0.0, 0.8142857206093294, 0.21532364493437733, 0.47482014244086745, 0.02372127513920478, 1.0, 0.14284450725274034, 5
0.876, 0.42307692307692313, 0.0, 0.0, 0.0, 0.025056944983681297, 0.0004201434598891023, 0.008695651211450234, 0.00017365336458324617, 0.009496175451138938, 0.0, 0.02668643419802495, 0.0, 0.8020408223202832, 0.2272126806171898, 0.46762589834894674, 0.02668643419802495, 1.0, 0.1361322655649977, 3
0.744, 0.7264957264957266, 0.0, 0.0, 0.0, 0.06605925624088442, 0.001296462246534184, 0.09316768116970923, 0.0015339443906973898, 0.41308361147036327, 0.38531353006649677, 0.48332094526819164, 0.36341463503866744, 0.5387755100241567, 0.6472919255578493, 0.014388475234200726, 0.48332094526819164, 0.31428084, 0.15417759373332196, 6
0.308, 0.15384615384615385, 0.0, 0.0, 0.0, 0.04328009010331794, 0.0017387536815240026, 0.022360219108060925, 0.00025647297914521314, 0.7683987974708743, 0.7037953786189263, 0.8613787853122402, 0.7300812992663098, 0.15306126993960756, 0.8890356828124646, 0.028776950468401452, 0.8613787853122402, 0.26589924, 0.1093393804358691, 2
0.7, 0.4871794871794873, 0.0, 0.0, 0.0, 0.018223232044458273, 0.00020684002552197537, 0.0136645951761121, 0.00030188981087608916, 0.0385122644168139, 0.05693069042250766, 0.03780578066860058, 0.021138210216141214, 1.0, 0.14134742317218946, 0.3908872925435192, 0.05114899776761306, 0.6230159, 0.39618056948210156, 1
0.848, 0.6367521367521368, 0.0, 0.0, 0.0, 0.15261957995548053, 0.0012733650159058591, 0.2571428411712521, 0.013649163560862744, 0.28805063066115955, 0.2623762509312809, 0.3313565668542879, 0.2658536715645446, 0.5938775679371092, 0.4610303744531445, 0.28776978525956215, 0.3313565668542879, 0.29805613, 0.11778176209860053, 6
0.412, 0.24358974358974358, 0.0, 0.0, 0.0, 0.10250573509061972, 0.0026721951481719604, 0.04099377211218806, 0.00106176830149722, 0.4241624925636047, 0.3968646659191914, 0.48850998896582654, 0.3804877955978586, 0.5387755100241567, 0.6195508581500011, 0.06474820330210657, 0.48850998896582654, 0.28965253, 0.1486885282014641, 4
0.5640000000000001, 0.7435897435897436, 0.0, 0.0, 0.0, 0.095671972128622, 0.004047152128704473, 0.062111788937155965, 0.0018227219768580218, 0.3914534353991716, 0.3646864513691472, 0.4529280989404885, 0.35040650364862186, 0.553061246429404, 0.5931308052749417, 0.09592327614167695, 0.4529280989404885, 0.2962514, 0.14767816380871268, 6
0.8, 0.7735042735042735, 0.0, 0.0, 0.0, 0.04555811906330632, 0.0013094453996569612, 0.07577637516916924, 0.001795559092313716, 0.2970192598809422, 0.2813531366001699, 0.3380281754037941, 0.26747967884195906, 0.6653061213919201, 0.45178336783590933, 0.22062348116902103, 0.3380281754037941, 0.27838665, 0.1539305361973518, 6
0.9, 0.3931623931623932, 0.0, 0.0, 0.49999999999999994, 0.020501131027236948, 0.0009558922185200465, 0.06956520387793763, 0.001518159539595646, 0.1398048009004653, 0.12046204899846412, 0.1742031047130978, 0.12113820436248281, 0.6877551147517699, 0.36327609559217455, 0.35491606776736884, 0.1742031047130978, 0.3802916, 0.13019312527080884, 5
0.2, 0.3846153846153847, 0.0, 0.0, 0.0, 0.0296127556599437, 0.000885533050469427, 0.018633538469966553, 0.000408753418740657, 0.020575045148970413, 0.004950495174492693, 0.04225352192547426, 0.012195121165972655, 0.7530612346743022, 0.25495375991407365, 0.47482014244086745, 0.04225352192547426, 0.89973545, 0.10676194281833579, 3
0.748, 0.21367521367521367, 0.0, 0.0, 0.0, 0.015945330601543135, 0.0004379156657877781, 0.009937887034913849, 0.000248328535531099, 0.05433922326464109, 0.037128711952259606, 0.08747220024112527, 0.03495934817172321, 0.7306122504981257, 0.3276089885437371, 0.36930456458430405, 0.08747220024112527, 0.6359381, 0.1409491415167507, 5
0.892, 0.5598290598290598, 0.0, 0.0, 0.0, 0.018223235324640222, 0.00036196979597079493, 0.009937887034913849, 0.00011754992969923738, 0.03877604964011515, 0.05033003117994972, 0.04521867964997272, 0.02032520218719019, 0.9489795944418992, 0.17965653788593994, 0.38129496061280466, 0.04670125984654366, 0.6018519, 0.319766349394472, 1
0.088, 0.7521367521367521, 0.0, 0.0, 0.0, 0.07061507224744248, 0.0021265728720110634, 0.14782609765055293, 0.027808587599539848, 0.21814824445518935, 0.20297029695618077, 0.253521124881237, 0.19430893428514792, 0.6938775574677216, 0.3949801709312816, 0.29016786446526227, 0.253521124881237, 0.29079577, 0.14599259073133147, 6
0.312, 0.32051282051282054, 0.0, 0.0, 0.49999999999999994, 0.9999999999999999, 1.0, 1.0, 0.9999999999999999, 0.48034815256545216, 0.4364686525626571, 0.5270570754109928, 0.47235774457664037, 0.3979591989858389, 0.5442536480109031, 0.36690646379586944, 0.5270570754109928, 0.30628127, 0.07860568625518438, 3
0.936, 0.9743589743589745, 0.0, 0.0, 0.0, 0.10478357954037351, 0.002912561754314687, 0.07577638634929276, 0.0017696133068538123, 0.1601160650994132, 0.145214513732314, 0.13194959946664492, 0.20569104376363306, 0.7142857182215743, 0.03566710704843738, 0.9184652638407271, 0.18754632181211028, 0.329382, 0.8797107838288687, 7
0.92, 0.4871794871794873, 0.0, 0.0, 0.49999999999999994, 0.09794987398155988, 0.02074216696649403, 0.027329192588248907, 0.004541703803108237, 0.010815088747808965, 0.003300329992566089, 0.02372127513920478, 0.004065040876462418, 0.81632653484798, 0.20475561189531785, 0.4916067163052293, 0.02372127513920478, 0.96581197, 0.1338664978308523, 3
0.048, 0.5256410256410257, 0.0, 0.0, 0.0, 0.011389519925280733, 0.00010988369909479362, 0.006211179340920537, 4.5417012063224235e-05, 0.020575045148970413, 0.012376236822370375, 0.04002965129703742, 0.007317072992266512, 0.8081632705464389, 0.2430647242312612, 0.43165467788934325, 0.04002965129703742, 0.83227515, 0.15997778500763593, 5
0.9480000000000001, 0.41880341880341887, 0.0, 0.0, 0.0, 0.01138952976582658, 0.00010988383173087999, 0.004968946200686571, 2.137274104880717e-05, 0.06726457670574508, 0.04537953600545703, 0.10600444769455561, 0.04634146350386674, 0.6918367432290711, 0.36195509294842154, 0.3525179885616687, 0.10600444769455561, 0.6206427, 0.13159126906566698, 5
0.244, 0.6239316239316239, 0.0, 0.49999999999999994, 0.0, 0.04100224729365513, 0.0018396152227134414, 0.04223602470583697, 0.0009332992481150942, 0.15800579185956068, 0.12211221232395515, 0.14825795961261706, 0.2040650438032916, 0.5591837075127023, 0.133421399106237, 0.9232613790866584, 0.186063756960239, 0.41181073, 0.9644730736686956, 7
0.808, 0.5085470085470085, 0.0, 0.0, 0.0, 0.00455580821612594, 0.0003004078385134706, 0.002484471870529697, 0.00012416431104531305, 0.0015826958135614067, 0.0, 0.004447739255391109, 0.0, 0.863265310092045, 0.14795244352437575, 0.539568345742974, 0.004447739255391109, 0.6666667, 0.1361322655649977, 5
0.852, 0.6025641025641026, 0.0, 0.0, 0.49999999999999994, 0.8063780349832224, 0.01403929588388339, 0.024844723177346383, 0.002810513044087941, 0.05935109122801994, 0.03960396065336731, 0.08969607420536638, 0.04552845474320842, 0.7102040897442731, 0.314398938328136, 0.4172661810724081, 0.08969607420536638, 0.7695767, 0.1274445290008247, 5
0.048, 0.41880341880341887, 0.0, 0.0, 0.0, 0.07061503534539557, 0.009340111909952663, 0.05962732623432756, 0.0007373594237212923, 0.12767079743156007, 0.14026403118158337, 0.14306894260141628, 0.09837398540551255, 0.9285714300145773, 0.2575957652015796, 0.2637889500370921, 0.14306894260141628, 0.36884832, 0.2676563244491209, 1
0.452, 0.5042735042735043, 0.0, 0.0, 0.0, 0.02277903247015208, 0.0005946646436173072, 0.0186335373519542, 0.0004087531302088999, 0.05196517762132354, 0.06353134743734289, 0.05782060965292358, 0.03414634306960139, 0.944897960454394, 0.18097754052969292, 0.3836930398185048, 0.06004447694555613, 0.48159373, 0.3182854786250471, 1
0.876, 0.24358974358974358, 0.0, 0.0, 0.0, 0.06378130518521731, 0.0014090353796289122, 0.01614907576713815, 0.0006161480476642922, 0.26325507321871405, 0.27227723088422695, 0.26834690683212076, 0.2487804817370614, 0.8591836779412744, 0.24834874669530876, 0.3621103053844692, 0.26834690683212076, 0.15409406, 0.21586850114712802, 4
0.832, 0.26068376068376076, 0.0, 0.0, 0.0, 0.054669673172101176, 0.001686032826733292, 0.022360247058369746, 0.0005889621022192997, 0.3009759954976735, 0.30115511878328916, 0.31578946244781714, 0.2845528467182233, 0.7816326615664305, 0.313077935684383, 0.3357314125390335, 0.31578946244781714, 0.17822558, 0.17139619629691027, 4
0.5, 0.5598290598290598, 0.0, 0.0, 0.0, 0.0615034115327343, 0.00021330350417559345, 0.019875774069827698, 0.00043814084706576183, 0.029807436801234346, 0.006600659985132178, 0.06300964000734144, 0.01626016277414237, 0.6938775574677216, 0.31968296079218356, 0.4268585086865758, 0.06300964000734144, 0.915376, 0.10751796520780427, 3
0.368, 0.5641025641025641, 0.0, 0.0, 0.0, 0.018223232044458273, 0.00020683985798165575, 0.011180122858377462, 0.00012022158950413798, 0.008177262154468913, 0.0, 0.022979984707338884, 0.0, 0.812244904533944, 0.21400264229062435, 0.479616307327088, 0.022979984707338884, 1.0, 0.1361322655649977, 3
0.924, 0.7905982905982907, 0.0, 0.0, 0.49999999999999994, 0.1594532281111101, 0.004862526186901, 0.04472049411673949, 0.0009124183491193866, 0.3542600778691096, 0.3292079027423786, 0.4099332712384487, 0.3178861605393619, 0.5775510540279043, 0.5495376348078436, 0.14628293946137955, 0.4099332712384487, 0.29465598, 0.14508366474002737, 6
0.712, 0.3632478632478633, 0.0, 0.0, 0.0, 0.0387243007482382, 0.000575276598596431, 0.022360247058369746, 0.0004808862858836126, 0.957003480086984, 0.9397689866393815, 0.9703483693821469, 0.9593495619670838, 0.444897963209496, 0.527080554196936, 0.34292565015613385, 0.9703483693821469, 0.12984978, 0.09192711635936013, 2
0.512, 0.08547008547008547, 0.0, 0.0, 0.0, 0.045558090361714265, 0.001827308164588818, 0.018633553451332083, 0.0006035064831643162, 0.4236349064483135, 0.40264023755840994, 0.4729429245890072, 0.3902438831647833, 0.5857142926151602, 0.5389695898797484, 0.1558752778669144, 0.4729429245890072, 0.24900064, 0.1452550866864774, 4
0.23199999999999998, 0.5128205128205129, 0.0, 0.0, 0.0, 0.004555809036171427, 5.1709988055771385e-05, 0.004968943741059394, 2.13727280648781e-05, 0.002637826308454803, 0.0, 0.007412898981372135, 0.0, 0.8551020439537692, 0.15852047537453165, 0.5299760181288063, 0.007412898981372135, 0.8888889, 0.1361322655649977, 3
0.54, 0.576923076923077, 0.0, 0.49999999999999994, 0.0, 0.06378132158612705, 0.0022235315963590697, 0.04596273105821546, 0.002033079444622533, 0.19388023039524765, 0.1526402561227659, 0.25796887280971925, 0.16422764233591117, 0.508163278077051, 0.5402906044125371, 0.2446043163914911, 0.25796887280971925, 0.4681647, 0.11679251388458961, 4
0.6880000000000001, 0.4316239316239317, 0.0, 0.0, 0.0, 0.10250565718629845, 0.0017646009643341564, 0.02236024035029563, 0.0006732403818660099, 0.22632551230736325, 0.18151815144757052, 0.29206821132640315, 0.19837397077136656, 0.471428585046647, 0.5601056797359388, 0.25179855400859147, 0.29206821132640315, 0.4415065, 0.11078451343312817, 5
1.0, 0.7008547008547009, 0.0, 0.0, 0.49999999999999994, 0.07744873270375434, 0.0020039719272232775, 0.11304346552525057, 0.0020595000090887503, 0.3769453905602275, 0.34405938752328247, 0.4469977728169179, 0.33252030652389497, 0.5122448881870056, 0.6340818753422482, 0.06954434013077232, 0.4469977728169179, 0.32042044, 0.1436378471783703, 6
0.804, 0.4615384615384616, 0.0, 0.0, 0.0, 0.136674225982641, 0.0068257137392137195, 0.09565217294085882, 0.0066816481972680085, 0.3518860293769396, 0.33333333333333337, 0.395848765041892, 0.3219512116597265, 0.626530632490212, 0.4861294722405938, 0.20383694831185462, 0.395848765041892, 0.2634666, 0.14651521176692478, 4
0.312, 0.32051282051282054, 0.0, 0.0, 0.49999999999999994, 0.9999999999999999, 1.0, 1.0, 0.9999999999999999, 0.48034815256545216, 0.4364686525626571, 0.5270570754109928, 0.47235774457664037, 0.3979591989858389, 0.5442536480109031, 0.36690646379586944, 0.5270570754109928, 0.30628127, 0.07860568625518438, 3
1.0, 0.27350427350427353, 0.0, 0.0, 0.0, 0.07061499434312121, 0.001995507476137721, 0.012422340346438486, 0.00024832901160849817, 0.3012397636278598, 0.26732672605626917, 0.36100814409927245, 0.2691057007535195, 0.5285714204635571, 0.5535006427391026, 0.19664268911201987, 0.36100814409927245, 0.334876, 0.12830249882680578, 4
0.6, 0.6111111111111112, 0.0, 0.0, 0.0, 0.0205011371775781, 0.0010665181142499327, 0.24099377882026216, 0.09507654458984201, 0.05196517762132354, 0.03960396065336731, 0.07338769404456862, 0.040650403642673076, 0.7673469435285297, 0.26420079030938015, 0.44124699902869063, 0.07338769404456862, 0.5, 0.13241599363600848, 5
0.08399999999999999, 0.4316239316239317, 0.0, 0.0, 0.0, 0.02505694088345386, 0.0004977087814164278, 0.01490682988156336, 0.000352649904510415, 0.01002374020003645, 0.0008250824795771663, 0.022979984707338884, 0.004878048905413441, 0.804081640232403, 0.20475561189531785, 0.5059952023307972, 0.022979984707338884, 0.9814815, 0.11100234533518066, 3
0.556, 0.021367521367521368, 0.0, 0.49999999999999994, 0.9999999999999999, 0.15261959225616284, 0.007764974963193486, 0.11180123529184874, 0.0016727657471255746, 0.31759430645433884, 0.2995049628835405, 0.3602668616733368, 0.28861786857029587, 0.6408163321607663, 0.4676353876719094, 0.22062348116902103, 0.3602668616733368, 0.26818594, 0.14742708665102056, 4
0.536, 0.27777777777777785, 0.0, 0.9999999999999999, 0.0, 0.07744874500443664, 0.002611351833973128, 0.0683229781165852, 0.004052800734486441, 0.18807702527950626, 0.1823432256845736, 0.22979986708821445, 0.1479674671227447, 0.7734693991016242, 0.41875824229690656, 0.15347722024394883, 0.22979986708821445, 0.4132174, 0.1932710654727044, 1
0.9440000000000001, 0.18376068376068377, 0.0, 0.0, 0.0, 0.02961282413374187, 0.0008562907201511215, 0.022360247058369746, 0.0004023387807167302, 0.8095488977397988, 0.749999981435644, 0.88213496010278, 0.7886178832044419, 0.17755104080341477, 0.7939233973499649, 0.17266187547228418, 0.88213496010278, 0.23589359, 0.09658512071196101, 2
0.188, 0.12820512820512822, 0.0, 0.0, 0.0, 0.10706147729308395, 0.0016212282311023245, 0.029813677651324366, 0.000645177061840723, 0.4194144027013959, 0.37623762435055386, 0.49740551150922524, 0.376422744477494, 0.4224490065843393, 0.6908850722468759, 0.07194241933647244, 0.49740551150922524, 0.3229307, 0.13063112361504065, 4
0.456, 0.8504273504273505, 0.0, 0.0, 0.0, 0.07061501894448582, 0.0019714422289564123, 0.036024846706531256, 0.0012316027823694401, 0.0978633606303257, 0.08250824795771662, 0.0822831698867074, 0.13008130658338274, 0.7306122504981257, 0.08190224356922356, 0.8153477284992152, 0.11860638236763243, 0.37534603, 0.906080415077724, 7
0.40800000000000003, 0.47008547008547014, 0.0, 0.0, 0.0, 0.018223235324640222, 5.17098885787066e-05, 0.011180121293160167, 0.0001202215173711987, 0.04563439564906154, 0.060231028212103264, 0.0481838400431146, 0.028455283208407726, 0.9693877551957518, 0.16116248185094117, 0.3908872925435192, 0.054114164165202636, 0.52006173, 0.35769867704419483, 1
0.54, 0.7264957264957266, 0.0, 0.0, 0.0, 0.07517083905127132, 0.006728760075979535, 0.08074532740712251, 0.006649590876395015, 0.24874702837976995, 0.23349834818073395, 0.28613788520283256, 0.22276422627404327, 0.6836734679071221, 0.41611626078747194, 0.2637889500370921, 0.28613788520283256, 0.28575617, 0.15250399175644042, 6
0.068, 0.18376068376068377, 0.0, 0.0, 0.0, 0.0592255301809336, 0.0049383027537345785, 0.02857143176574958, 0.0006224812980928339, 0.14982853825164927, 0.1526402561227659, 0.1779095568724273, 0.11626016057902047, 0.8489795975643482, 0.3328930110077847, 0.22062348116902103, 0.1779095568724273, 0.40479085, 0.2168721076605652, 1
0.86, 0.047008547008547015, 0.0, 0.0, 0.0, 0.0432801434062746, 0.0010673990970972943, 0.026086926578451766, 0.0003950886557103464, 0.8863096328035678, 0.8308580363649001, 0.9451445667520788, 0.87642275911164, 0.1836734651520201, 0.746367254618715, 0.25179855400859147, 0.9451445667520788, 0.2101616, 0.08765892754912691, 2
0.132, 0.40598290598290604, 0.0, 0.0, 0.0, 0.4191343099610392, 0.026121663242561384, 0.21987575528722014, 0.012657224561092705, 0.06779213433251137, 0.05445544543427115, 0.08154188078916322, 0.0658536569303986, 0.7551020525864222, 0.22853368326094275, 0.5203836926729121, 0.08154188078916322, 0.6749559, 0.06617162714024011, 3
0.9, 0.782051282051282, 0.0, 0.49999999999999994, 0.0, 0.1025056858878905, 0.003906748105223698, 0.07826088035646706, 0.002083687049223229, 0.34001581540461434, 0.3176567743154264, 0.3906597547022998, 0.3065040656950228, 0.6020408248917116, 0.5178335356906651, 0.17505995467798435, 0.3906597547022998, 0.28449497, 0.1458634713540955, 6
0.9400000000000001, 0.5256410256410257, 0.0, 0.0, 0.0, 0.02277904313074342, 0.00036196955164116213, 0.014906833235600419, 0.0002564726112672228, 0.029543654426785592, 0.04207920564160382, 0.03187546255096024, 0.014634145984533024, 0.9591836711453562, 0.15455746149875488, 0.4148680975501611, 0.03780578066860058, 0.6472222, 0.3619590899049833, 1
0.716, 0.32051282051282054, 0.0, 0.0, 0.0, 0.050113959671228996, 0.0008273509222745554, 0.01739132165271294, 0.00014960793583515373, 0.9643893438387617, 0.9496699146121308, 0.9770199779316531, 0.9650406349990088, 0.46122451385339397, 0.5257595634422187, 0.326139095716233, 0.9770199779316531, 0.12657078, 0.09778282756165091, 2
0.504, 0.44444444444444453, 0.0, 0.0, 0.0, 0.031890660793063526, 0.0012151844234972505, 0.018633538469966553, 0.0006652261237807008, 0.01398048009004653, 0.0016501649591543325, 0.03335804274753119, 0.004878048905413441, 0.7795918418175759, 0.24042271894375522, 0.47002398187119376, 0.03335804274753119, 0.9702381, 0.12401387840223016, 3
0.196, 0.012820512820512824, 0.0, 0.0, 0.0, 0.02961292663942776, 0.0004977076295767304, 0.027329172464026552, 0.0005663766585887393, 0.9417040738804312, 0.9133663140255862, 0.9696071536722968, 0.9390244161213556, 0.36734696703873326, 0.5997357828265995, 0.3021582604937629, 0.9696071536722968, 0.15361586, 0.09283872794945663, 2
0.07600000000000001, 0.17521367521367523, 0.0, 0.0, 0.0, 0.036446470649280444, 0.0009049238354726138, 0.026086953410748237, 0.00031257570712641704, 0.15352149149393182, 0.1551155159624872, 0.1830985938984537, 0.11951219708506836, 0.8387755153506872, 0.34214001762501983, 0.2158273227576208, 0.1830985938984537, 0.40413755, 0.2119992202987035, 1
0.992, 0.6324786324786325, 0.0, 0.0, 0.0, 0.0865603688170979, 0.0020684009533044187, 0.034782600820956466, 0.0019769770412395556, 0.3049327382365361, 0.27062704528150877, 0.36916233084386707, 0.26829268613920276, 0.524489828720949, 0.5785997524155875, 0.1558752778669144, 0.36916233084386707, 0.34714225, 0.13474152910798537, 6
0.984, 0.6324786324786325, 0.0, 0.0, 0.0, 0.1230068230654686, 0.015513004968268563, 0.04844723177346386, 0.0027170092788927768, 0.31284620946999875, 0.27557754268372414, 0.38102296974779115, 0.2747967518342255, 0.5000000027551019, 0.6023778237812125, 0.14148682421544817, 0.38102296974779115, 0.35403678, 0.13272761086059653, 6
0.548, 0.017094017094017096, 0.0, 0.0, 0.0, 0.02733485093684661, 0.0006205257485038301, 0.02111808614173378, 4.541732223486312e-05, 0.9999999999999999, 1.0, 1.0, 1.0, 0.5591837075127023, 0.47027741673748674, 0.3117505988992978, 1.0, 0.101526454, 0.11182154073153777, 2
0.756, 0.3803418803418804, 0.0, 0.0, 0.0, 0.04555811906330632, 0.0013601542697301414, 0.024844723177346383, 0.0008557433544644375, 0.32075968782559267, 0.2896039532276249, 0.38102296974779115, 0.285365846698394, 0.5428571752361508, 0.5627476612453735, 0.1630695586494837, 0.38102296974779115, 0.32273299, 0.13614850202828527, 4
0.064, 0.33333333333333337, 0.0, 0.0, 0.0, 0.04328017620809409, 0.0006528385867694805, 0.014906832117588064, 0.00016029545507661528, 0.0200474804000729, 0.004125412769172951, 0.04595997074899947, 0.007317072992266512, 0.7510204167621823, 0.2774108286359456, 0.4364508319841966, 0.04595997074899947, 0.9261464, 0.12385795569586971, 3
0.512, 0.5683760683760684, 0.0, 0.0, 0.0, 0.0, 0.0, 0.0, 0.0, 0.0, 0.0, 0.0, 0.0, 0.8755102083810912, 0.13210039515469008, 0.5539568360850888, 0.0, 0.0, 0.5037600577210658, 5
0.848, 0.4102564102564103, 0.0, 0.0, 0.0, 0.02733485093684661, 0.0006372605482338108, 0.014906832117588064, 0.00021505900618698647, 0.12054866619931241, 0.10066005938960249, 0.15641215970042877, 0.10081300729724371, 0.6897959289904205, 0.3645970863468918, 0.3501198877732342, 0.15641215970042877, 0.42167473, 0.13205071709437166, 5
0.144, 0.44444444444444453, 0.0, 0.0, 0.0, 0.03872437250221832, 0.00042014351224545216, 0.0273291903522242, 0.0007907908886287615, 0.0200474804000729, 0.004125412769172951, 0.03780578066860058, 0.01626016277414237, 0.7510204167621823, 0.2338176938359547, 0.5155875299449649, 0.03780578066860058, 0.9126984, 0.07893385589585916, 3
0.744, 0.12820512820512822, 0.0, 0.0, 0.0, 0.03189069154476929, 0.0009499708898694653, 0.03726710600825428, 0.0009124153916688763, 0.7757847680546204, 0.7103960022179207, 0.8421052420896571, 0.767479627622448, 0.14489793951561902, 0.749009259906221, 0.29256594367096245, 0.8421052420896571, 0.24193405, 0.0806662953051081, 2
0.144, 0.811965811965812, 0.0, 0.0, 0.0, 0.08883823376798887, 0.001867003527421813, 0.1863354070599126, 0.0018121167035939226, 0.4083355144860232, 0.37293726799660226, 0.47739068586070654, 0.3674796495736671, 0.48367347047855064, 0.6393659334734029, 0.09352515377050796, 0.47739068586070654, 0.30251354, 0.13624627186667632, 6
0.272, 0.3675213675213676, 0.0, 0.49999999999999994, 0.0, 0.05011388586713516, 0.0029991785288703385, 0.03975154858686033, 0.0009510860046805622, 0.03323661123013379, 0.009075907201091405, 0.061527055140644514, 0.026016259853261954, 0.6857143005131192, 0.29458388678280567, 0.48201438869106156, 0.061527055140644514, 0.89084005, 0.08329328485330179, 3
0.16799999999999998, 0.08974358974358976, 0.0, 0.0, 0.0, 0.04783588150851139, 0.001635084094769182, 0.023602434807302182, 0.0006161470161632606, 0.8965971596513318, 0.8514851076365072, 0.9458859158941, 0.8869918320245893, 0.2571428512128281, 0.6988111118874651, 0.25179855400859147, 0.9458859158941, 0.19121477, 0.09161676294596843, 2
0.884, 0.21367521367521367, 0.0, 0.0, 0.0, 0.013667427518537023, 0.0005203216459998702, 0.009937887034913849, 0.0003619980449088139, 0.04589818087236279, 0.03052805122455319, 0.07635285710635391, 0.027642275179456704, 0.7469387827746771, 0.31043593039687706, 0.38129496061280466, 0.07635285710635391, 0.6703704, 0.14415007687745957, 5
0.792, 0.576923076923077, 0.0, 0.0, 0.0, 0.00911161643225188, 0.0009499729841234604, 0.009937888823733613, 0.0004966572513945461, 0.002110261132229417, 0.0016501649591543325, 0.0029651593924005975, 0.0016260162042435072, 0.8714285758629737, 0.13738441107976804, 0.549160672925487, 0.0029651593924005975, 0.11111111, 0.1361322655649977, 5
0.9480000000000001, 0.08547008547008547, 0.0, 0.0, 0.0, 0.03189069154476929, 0.00036197066857662633, 0.0335403996558758, 0.0008575797148325233, 0.8649432391068249, 0.8184818114237175, 0.9214232622577964, 0.8487804671029154, 0.2571428512128281, 0.7265521792953133, 0.20143882594068563, 0.9214232622577964, 0.2018977, 0.09839428399259365, 2
0.432, 0.7564102564102565, 0.0, 0.0, 0.0, 0.04100229075606594, 0.001163474587274894, 0.027329192588248907, 0.0008557434987303159, 0.09206014127032185, 0.08085808463222563, 0.061527055140644514, 0.13658537227840556, 0.7632653150512285, 0.0, 0.9256594582923585, 0.1245367018195945, 0.50813884, 0.8391727758919589, 7
0.9, 0.8974358974358975, 0.0, 0.0, 0.0, 0.08656035241618817, 0.004550476407879701, 0.05838509600092571, 0.005238986526432538, 0.06647322246026759, 0.06353134743734289, 0.05114899776761306, 0.08617886131271069, 0.8326530671245314, 0.07265521674062775, 0.7122302255318052, 0.07857672439898647, 0.37369296, 0.8381513004924388, 7
0.572, 0.09401709401709402, 0.0, 0.49999999999999994, 0.0, 0.022779110784496102, 0.0005946655511273719, 0.04223606048223227, 0.0008228526096110507, 0.9759957113374571, 0.9760725500972139, 0.97850260949961, 0.9731707079714461, 0.5673469277326117, 0.47556143920153426, 0.29256594367096245, 0.97850260949961, 0.1045387, 0.1175954377117926, 2
0.088, 0.30341880341880345, 0.0, 0.0, 0.0, 0.11389519105235248, 0.008583854977099332, 0.08074532740712251, 0.001712488130524842, 0.13347400966943268, 0.1419141796555896, 0.15492956816212328, 0.10162601459448745, 0.8959183728084131, 0.2919418814952997, 0.23980815798009086, 0.15567087060288456, 0.39992693, 0.2480455379258769, 1
0.96, 0.7307692307692308, 0.0, 0.0, 0.0, 0.06150340743250687, 0.0016350851418961794, 0.04844720270514268, 0.0012970562836013264, 0.10946979222820219, 0.09405940608763846, 0.08302446565586015, 0.15365853283759676, 0.7265306220208245, 0.02774107929688384, 0.9184652638407271, 0.140103779539631, 0.42024404, 0.868136765786033, 7
0.852, 0.4743589743589744, 0.0, 0.0, 0.0, 0.013667425058400563, 0.00023269490000286215, 0.014906832117588064, 3.205905206353585e-05, 0.009759957825587695, 0.0, 0.02520385400145401, 0.0024390243795359904, 0.8000000080816325, 0.217965653788594, 0.48681054926073525, 0.02520385400145401, 1.0, 0.12288508436861262, 3
0.256, 0.12393162393162394, 0.0, 0.0, 0.0, 0.025056979425591756, 0.0005719595620496046, 0.008695717844986468, 0.0002364035612897716, 0.7813241836737819, 0.7062706384586476, 0.859896220460369, 0.7691057007535195, 0.07142855345481092, 0.8163804660718369, 0.2565947124199917, 0.859896220460369, 0.26204562, 0.08165677222444895, 2
0.292, 0.38888888888888895, 0.0, 0.49999999999999994, 0.0, 0.05694762012754085, 0.0026695286392724284, 0.04223601799776286, 0.0007907903115652472, 0.13505671103825645, 0.15016500370878705, 0.15196442511516361, 0.10162601459448745, 0.944897960454394, 0.2681638101296748, 0.2254196611631557, 0.15196442511516361, 0.38838536, 0.26958156527755966, 1
0.212, 0.4102564102564103, 0.0, 0.0, 0.0, 0.26195899190332184, 0.03928020141138758, 0.07577639529339159, 0.007290772638995125, 0.06172513972018998, 0.03795379361500511, 0.0941438087906315, 0.04959349415625623, 0.6795918394298209, 0.32628798589998415, 0.43165467788934325, 0.0941438087906315, 0.7054819, 0.10433375779251503, 3
0.012, 0.8461538461538463, 0.0, 0.0, 0.49999999999999994, 0.0888382829707181, 0.002914500335429682, 0.09937886587708906, 0.0018850904965429568, 0.3653389447180886, 0.33745872679557604, 0.4292068344758574, 0.3227642116398972, 0.553061246429404, 0.5970937775390934, 0.08872901694184221, 0.4292068344758574, 0.3175664, 0.14903361886982452, 6
0.16, 0.19230769230769232, 0.0, 0.0, 0.0, 0.05694767343049751, 0.0017026765613187098, 0.022360219108060925, 0.00026339225199902016, 0.4679504094548856, 0.44141912026190294, 0.5300222051147353, 0.4260162335117992, 0.5306122347022078, 0.6221928396594357, 0.06954434013077232, 0.5300222051147353, 0.26677614, 0.14731215004387793, 4
0.244, 0.8076923076923077, 0.0, 0.0, 0.0, 0.059225509679796416, 0.0016030093731827983, 0.02111800653925425, 0.00039806692378693316, 0.05539435347464923, 0.04620461989592525, 0.037064490236734686, 0.08455283940115026, 0.7897959277047062, 0.05284015925077959, 0.79856115247658, 0.07709413953228955, 0.54320127, 0.8518324077525339, 7
0.632, 0.3547008547008548, 0.0, 0.0, 0.0, 0.13211844277790244, 0.006185775338204569, 0.004968944411866807, 0.00029119108217586415, 0.015299391962290309, 0.015676567928797822, 0.01704966658969854, 0.013008129926630977, 0.8734693921220325, 0.14663143850281563, 0.5299760181288063, 0.01704966658969854, 0.10119048, 0.21783888811997287, 5