@relation segment-10-10tst.dat
@attribute Region-centroid-col real [1.0, 254.0]
@attribute Region-centroid-row real [11.0, 251.0]
@attribute Region-pixel-count real [9.0, 10.0]
@attribute Short-line-density-5 real [0.0, 0.33333334]
@attribute Short-line-density-2 real [0.0, 0.22222222]
@attribute Vedge-mean real [0.0, 29.222221]
@attribute Vegde-sd real [0.0, 991.7184]
@attribute Hedge-mean real [0.0, 44.722225]
@attribute Hedge-sd real [-1.5894573e-08, 1386.3292]
@attribute Intensity-mean real [0.0, 143.44444]
@attribute Rawred-mean real [0.0, 137.11111]
@attribute Rawblue-mean real [0.0, 150.88889]
@attribute Rawgreen-mean real [0.0, 142.55556]
@attribute Exred-mean real [-49.666668, 9.888889]
@attribute Exblue-mean real [-12.444445, 82.0]
@attribute Exgreen-mean real [-33.88889, 24.666666]
@attribute Value-mean real [0.0, 150.88889]
@attribute Saturatoin-mean real [0.0, 1.0]
@attribute Hue-mean real [-3.0441751, 2.9124804]
@attribute Class integer [1, 7]
@inputs Region-centroid-col, Region-centroid-row, Region-pixel-count, Short-line-density-5, Short-line-density-2, Vedge-mean, Vegde-sd, Hedge-mean, Hedge-sd, Intensity-mean, Rawred-mean, Rawblue-mean, Rawgreen-mean, Exred-mean, Exblue-mean, Exgreen-mean, Value-mean, Saturatoin-mean, Hue-mean
@outputs Class
@data
0.12350597609561753, 0.6926406926406926, 0.0, 0.0, 0.0, 0.07077624394195121, 0.0017964708530163404, 0.2600321110764723, 0.006492759110561125, 0.307390962383198, 0.2884927195177692, 0.352853970697895, 0.2749004262916471, 0.6530612359600165, 0.4338689749771192, 0.3417190943396227, 0.352853970697895, 0.26691392, 0.10024140786414426, 6
0.32669322709163345, 0.06493506493506493, 0.0, 0.0, 0.0, 0.015981754244075923, 0.00013721772228890783, 0.02568212201226716, 0.00043809810062289044, 0.7965525746885974, 0.7252836039326062, 0.8747220024112526, 0.7768924741639037, 0.13061223984506476, 0.7292953920190204, 0.3773585094339623, 0.8747220024112526, 0.24151142, 0.027710744896571493, 2
0.3107569721115538, 0.21212121212121213, 0.0, 0.0, 0.0, 0.022831071620694744, 0.00038840047739358274, 0.02568212201226716, 0.0005843013280479228, 0.7769652706254537, 0.7341977174570318, 0.8480356015712706, 0.7370518322566323, 0.3510204347621819, 0.6885043336445211, 0.22012583018867926, 0.8480356015712706, 0.20801263, 0.06681407582245108, 2
0.3705179282868526, 0.5497835497835498, 0.0, 0.0, 0.0, 0.006849316143741936, 3.3611686543276806e-05, 0.009630817387827204, 4.2753910188036874e-05, 0.021415512849785375, 0.012965964610745256, 0.04077094039458161, 0.008764940359041925, 0.8061224563077883, 0.22620518257367306, 0.5366876471698113, 0.04077094039458161, 0.79788357, 0.10268156963698283, 5
0.03187250996015936, 0.35064935064935066, 0.0, 0.0, 0.0, 0.025114141796457778, 0.0005564598781266941, 0.028892494346468522, 0.0006413067192745105, 0.7981196182458223, 0.7795785841132786, 0.8510007646330559, 0.7537849124712324, 0.5285714204635571, 0.6032138164881797, 0.1823899811320755, 0.8510007646330559, 0.17678948, 0.09717454246104462, 2
0.21115537848605578, 0.7056277056277056, 0.0, 0.0, 0.0, 0.0867580639394608, 0.0006942803118304551, 0.07704656683937615, 0.0025891732195600214, 0.35727343587926846, 0.33549433010935437, 0.41808747799786894, 0.31075697245440553, 0.6183673571682631, 0.5241038183461402, 0.2243186792452831, 0.41808747799786894, 0.30857325, 0.1090876351824937, 6
0.2788844621513944, 0.722943722943723, 0.0, 0.49999999999999994, 0.0, 0.05022830825045318, 0.0005676636633947703, 0.0866773703588241, 0.0017956626618214505, 0.15748237031926565, 0.13371151323915328, 0.14306894260141628, 0.19521912096315927, 0.6551020501986671, 0.09394313586536515, 0.9161425849056604, 0.18161600236014824, 0.3273826, 0.9304061783051811, 7
0.398406374501992, 0.2554112554112554, 0.0, 0.0, 0.0, 0.10273974832051347, 0.004784063701954103, 0.05136436537285282, 0.0060568031577019395, 0.18673282524351123, 0.17179902489302287, 0.23869534293035327, 0.14422310419834597, 0.7142857182215743, 0.4338689749771192, 0.27882603773584913, 0.23869534293035327, 0.4368953, 0.12871091273098811, 1
0.601593625498008, 0.8961038961038961, 0.0, 0.0, 0.0, 0.0388127995633972, 0.0006909072172100468, 0.0417335589641592, 0.002080691397586319, 0.10316009285912432, 0.08427876486449566, 0.08747220024112527, 0.13784860120632994, 0.7061224612669719, 0.0729295425393556, 0.8993710943396227, 0.12824313396409834, 0.41670507, 0.9030093445475011, 7
0.3665338645418327, 0.7662337662337663, 0.0, 0.0, 0.0, 0.22602748575718984, 0.0018379181025581456, 0.07544142328864922, 0.003111615243961565, 0.37790545445109336, 0.34521879372138403, 0.4462564903909823, 0.33386456283233673, 0.5306122347022078, 0.5673671177008959, 0.2410901886792453, 0.4462564903909823, 0.3036015, 0.09023165661369209, 6
0.24701195219123506, 0.0, 0.0, 0.0, 0.0, 0.04794520930756292, 0.0010195595846562895, 0.027287345017250244, 0.0006591244326341016, 1.0, 1.0, 0.9933283914504938, 1.0, 0.6163265429296124, 0.3597033141726045, 0.5052411132075472, 0.9933283914504938, 0.07980576, 0.048427649551148255, 2
0.9243027888446215, 0.7402597402597403, 0.0, 0.0, 0.0, 0.02054795623944606, 7.842726927321305e-05, 0.02247190858657813, 0.0007553190793473427, 0.0835727253329377, 0.0713128060884344, 0.06597479639751819, 0.11394422753607102, 0.7612244953023739, 0.058096411490937166, 0.8679245471698114, 0.10600444769455561, 0.40555555, 0.8697782792136011, 7
0.8047808764940239, 0.20779220779220778, 0.0, 0.0, 0.0, 0.0068493194314136205, 0.00028121571607424045, 0.020866770814342562, 0.0004262012034544484, 0.04936014444752671, 0.03241491298553414, 0.0822831698867074, 0.03027888598498442, 0.7346938881591002, 0.3016069138065125, 0.48218032075471706, 0.0822831698867074, 0.66625965, 0.0873124153952895, 5
0.2350597609561753, 0.16883116883116883, 0.0, 0.0, 0.0, 0.029680384887723957, 0.0006012806659632413, 0.02247189991884109, 0.0007125680877556706, 0.7871506659177088, 0.7366288552401041, 0.8621201344542614, 0.750597614361677, 0.289795915765931, 0.7107540240984839, 0.24528301886792458, 0.8621201344542614, 0.21837935, 0.057205676658886206, 2
0.40637450199203184, 0.8787878787878788, 0.0, 0.0, 0.0, 0.036529683360230596, 0.0006572951555602882, 0.0626003124430277, 0.001100913210910048, 0.10263775675913138, 0.07941653305848083, 0.09117865240045477, 0.1370517892287423, 0.6734693967138691, 0.09394313586536515, 0.8972746603773585, 0.12750184486655414, 0.43169576, 0.9292345814667922, 7
0.3784860557768924, 0.35064935064935066, 0.0, 0.0, 0.0, 0.029680384887723957, 0.00028756688390575393, 0.012841098132940551, 0.0004132884058037934, 0.1425959642299726, 0.1166936800380363, 0.19199407641220104, 0.11394422753607102, 0.6428571463994168, 0.4091470769174357, 0.39413000000000004, 0.19199407641220104, 0.45154575, 0.08420084137954736, 5
0.18326693227091634, 0.948051948051948, 0.0, 0.0, 0.0, 0.05251142363170186, 0.0012650980358940604, 0.0288924567862747, 0.0008604061524088329, 0.08957952349408899, 0.08022690502614996, 0.06004447694555613, 0.12988047425913865, 0.7816326615664305, 0.0, 0.9454926603773586, 0.12083023631704791, 0.50096595, 0.8225557486382609, 7
0.8924302788844621, 0.09956709956709955, 0.0, 0.0, 0.0, 0.018264847844499704, 0.0002744383284609825, 0.011235956604685607, 0.0003152648746446508, 0.05588926249033775, 0.036466775011886346, 0.09117865240045477, 0.03665338682560596, 0.7142857182215743, 0.31520393326467894, 0.48008386792452834, 0.09117865240045477, 0.63492066, 0.08002261830713647, 5
0.00398406374501992, 0.13419913419913418, 0.0, 0.0, 0.0, 0.08904113000563424, 0.002408836621363484, 0.06902088953518105, 0.001471446334766274, 0.13214937620764883, 0.126418158236776, 0.16827278526113576, 0.09800797364168842, 0.7979591883327779, 0.3399258313243624, 0.35220128301886794, 0.16827278526113576, 0.45768142, 0.145944125271519, 1
0.5219123505976095, 0.7316017316017316, 0.0, 0.0, 0.0, 0.036529702264342774, 0.0006609356043005757, 0.060995194895511876, 0.0017048041789220782, 0.3068686333346543, 0.29335492944371905, 0.35063010340526235, 0.27091635923239393, 0.6938775574677216, 0.42521629285647766, 0.31446545283018873, 0.35063010340526235, 0.2807636, 0.11543795479314173, 6
0.18725099601593626, 0.774891774891775, 0.0, 0.0, 0.0, 0.050228324688811596, 0.0010158197125312992, 0.08346708903586161, 0.0046459267399605675, 0.07025332754362344, 0.063209079118388, 0.04966642090684639, 0.09880478561927605, 0.804081640232403, 0.03955500685841144, 0.8553459433962265, 0.09191994149799894, 0.47623578, 0.8287260219301897, 7
0.6414342629482072, 0.9264069264069265, 0.0, 0.0, 0.0, 0.0570776297366616, 0.0010046159978477763, 0.0914927807862851, 0.008283573862613185, 0.09845912437078157, 0.07374392199144182, 0.09636768275487262, 0.12430279758734018, 0.663265325520616, 0.13967861056379033, 0.8301886981132076, 0.11638250840339134, 0.42550126, 0.9776169444374114, 7
0.17928286852589642, 0.9610389610389611, 0.0, 0.0, 0.0, 0.07990868902858753, 0.001856112481123674, 0.04975923337910862, 0.003438126719028248, 0.07678244770186925, 0.05510534704299309, 0.06226835090979725, 0.11314741555848337, 0.6918367432290711, 0.07169344763637142, 0.9161425849056604, 0.10526315859701142, 0.5203994, 0.9047540617998314, 7
0.3147410358565737, 0.354978354978355, 0.0, 0.0, 0.0, 0.050228320579222, 0.0010158205192119054, 0.02728730745705642, 0.0005308607415889786, 0.15095325016101985, 0.15559157824628508, 0.1779095568724273, 0.11633467064014888, 0.8714285758629737, 0.2991347284504823, 0.3459119811320755, 0.1779095568724273, 0.39043593, 0.18069643937103813, 1
0.5537848605577689, 0.09090909090909091, 0.0, 0.0, 0.0, 0.020547895417519918, 0.00012324268663362504, 0.02568212201226716, 0.00019951900877772187, 0.7437972984769857, 0.6653160345649597, 0.8495181730947504, 0.7019920263583117, 0.08979589997001292, 0.8529048489429021, 0.20964360377358499, 0.8495181730947504, 0.28352436, 0.0465876235299153, 2
0.10756972111553785, 0.43722943722943725, 0.0, 0.0, 0.0, 0.03424657866391489, 0.00043695200169725605, 0.03370786432449003, 0.00024583496867078237, 0.013058238906201764, 0.000810372769938191, 0.031134175454898626, 0.0055776895801654056, 0.7795918418175759, 0.21755253382756717, 0.5786163716981132, 0.031134175454898626, 0.984127, 0.05851520273677857, 3
0.6095617529880478, 0.4632034632034632, 0.0, 0.0, 0.0, 0.018264841680115298, 2.987702557500194e-05, 0.012841093510147466, 0.00011401038804826132, 0.04204753071646532, 0.05672609389567337, 0.04521867964997272, 0.023904382992968386, 0.9755102107688463, 0.15080345579077173, 0.4905660566037736, 0.051890288199478954, 0.5694444, 0.3199539422984455, 1
0.16334661354581673, 0.5411255411255411, 0.0, 0.0, 0.0, 0.01826484496778698, 0.001195082797697411, 0.012841092065524626, 0.0011401046500531776, 0.0020893183096096727, 0.000810372769938191, 0.004447739255391109, 0.0007968127664322796, 0.8653061261674302, 0.1359703303047759, 0.6289308377358491, 0.004447739255391109, 0.09259259, 0.08242923929843043, 3
0.05976095617529881, 0.49783549783549785, 0.0, 0.0, 0.0, 0.02054794802026685, 7.842726927321305e-05, 0.019261640265221196, 0.00029927750791503325, 0.03917471601346037, 0.05024311304897174, 0.04447738921810682, 0.022310758320661622, 0.9489795944418992, 0.16069220722725347, 0.5010482358490567, 0.04744254894408785, 0.56150794, 0.2891151121487022, 1
0.9601593625498008, 0.2943722943722944, 0.0, 0.0, 0.0, 0.9200913726152564, 0.19102272378933377, 0.4382022708893185, 0.1066603638837456, 0.2956385376366165, 0.241491079752764, 0.3706449290537811, 0.26613545868160826, 0.38979592366388993, 0.5784919629278773, 0.36687632075471704, 0.3706449290537811, 0.42017567, 0.04885762037048186, 3
0.749003984063745, 0.5541125541125541, 0.0, 0.0, 0.0, 0.0, 0.0, 0.0, 0.0, 0.0, 0.0, 0.0, 0.0, 0.8755102083810912, 0.12360939017481035, 0.6394130188679246, 0.0, 0.0, 0.4729109061757136, 5
0.6892430278884462, 0.4415584415584416, 0.0, 0.0, 0.0, 0.10045661650090636, 0.0034358614300188444, 0.10593899762243975, 0.011800084229498256, 0.2078871728638798, 0.16855752972899132, 0.2676056244061851, 0.18087649102395195, 0.524489828720949, 0.4783683558850448, 0.39832286792452837, 0.2676056244061851, 0.42149335, 0.059262030466812665, 5
0.49800796812749004, 0.29004329004329005, 0.0, 0.0, 0.0, 0.8652968993557395, 0.534982309494308, 1.0, 0.39382423470055244, 0.48498302222574485, 0.44003240875228855, 0.5307635542567565, 0.4764940072189326, 0.4102040844177426, 0.4833127043474148, 0.5073375471698114, 0.5307635542567565, 0.28962377, 0.019076836877960635, 3
0.8645418326693227, 0.5800865800865801, 0.0, 0.0, 0.0, 0.0, 0.0, 0.0, 0.0, 0.0, 0.0, 0.0, 0.0, 0.8755102083810912, 0.12360939017481035, 0.6394130188679246, 0.0, 0.0, 0.4729109061757136, 5
0.6533864541832669, 0.3722943722943723, 0.0, 0.0, 0.0, 0.03652975404517179, 0.0004780327964067219, 0.022471934589789234, 0.00045604129246297985, 0.6586576071527644, 0.5761750451878043, 0.787249808841736, 0.5968127520896495, 0.08163271648479653, 0.9443757738650931, 0.06289311320754731, 0.787249808841736, 0.33041757, 0.06129401640287774, 2
0.5179282868525896, 0.9567099567099566, 0.0, 0.0, 0.0, 0.03424657866391489, 0.00030250508612122154, 0.025682182397501845, 0.0005843035020847668, 0.04048054357083414, 0.029173420009509076, 0.029651595258327685, 0.06294821077125771, 0.7795918418175759, 0.08034610416986898, 0.8113207735849057, 0.05856189875046776, 0.55661374, 0.8818824369318644, 7
0.47808764940239046, 0.4632034632034632, 0.0, 0.0, 0.0, 0.03881279298805383, 0.0002530194055086605, 0.020866772258965403, 0.0008463493688751803, 0.02481065378075437, 0.008103728428717412, 0.04373609878624093, 0.020717131496960372, 0.7428571487871719, 0.22496908989565795, 0.6037736075471698, 0.04373609878624093, 0.8399471, 0.019151077785192705, 3
0.9840637450199203, 0.0, 0.0, 0.0, 0.0, 0.03196350848815185, 0.00020913983243630452, 0.03210275544471126, 0.00028502358926172023, 0.7341342392847235, 0.6434359695578279, 0.8569310240405408, 0.686055779635244, 0.0, 0.9357230917444513, 0.16142558490566045, 0.8569310240405408, 0.31315902, 0.04650478768088667, 2
0.5059760956175299, 0.6406926406926408, 0.0, 0.0, 0.0, 0.022831044497403353, 0.0002539550743436847, 0.022471912920446643, 0.00015676419819212484, 0.050404802544614165, 0.04051863703823855, 0.07264640494702443, 0.035856574848018324, 0.7877551097925863, 0.24845487302763586, 0.5178197226415094, 0.07264640494702443, 0.5409177, 0.10071687034938603, 4
0.24302788844621515, 0.9090909090909091, 0.0, 0.0, 0.0, 0.10273974010133426, 0.005770007897403134, 0.048154092717627384, 0.002351465377789886, 0.047009660203355334, 0.0356564030442172, 0.031134175454898626, 0.07490040477770216, 0.777551023905456, 0.05686031881292204, 0.8532494905660377, 0.06968124855684767, 0.5931498, 0.8544792828156834, 7
0.9083665338645418, 0.7012987012987013, 0.0, 0.0, 0.0, 0.04794518465002529, 0.0005265835946978497, 0.1637239025272521, 0.0251393086255008, 0.2326978238240545, 0.2115072950689408, 0.2735359505297557, 0.2079681341185063, 0.6551020501986671, 0.3906056756223636, 0.4129979245283019, 0.2735359505297557, 0.28683385, 0.0830232784210394, 6
0.3466135458167331, 0.722943722943723, 0.0, 0.0, 0.0, 0.06164381940326293, 0.0009447220400468522, 0.11075437915744396, 0.0027787990620473965, 0.35544526305501783, 0.3298217044556054, 0.41586359069041073, 0.3131474299011134, 0.589795939459808, 0.5216316552398004, 0.257861679245283, 0.41586359069041073, 0.3009182, 0.0984027801523143, 6
0.9681274900398407, 0.7835497835497836, 0.0, 0.0, 0.0, 0.07077625627072003, 0.0011529684232943547, 0.06581060243372722, 0.0019601058467354046, 0.35074430161812425, 0.3241491006819214, 0.4114158694483627, 0.3091633484992303, 0.5836734783765096, 0.5216316552398004, 0.26415094339622647, 0.4114158694483627, 0.30085307, 0.09595698785361328, 6
0.3705179282868526, 0.23376623376623376, 0.0, 0.0, 0.0, 0.10502284726340372, 0.003391047700637601, 0.044943825840893285, 0.001140104553856857, 0.16740662224159647, 0.16693680038036304, 0.20533729351121352, 0.12589641437120047, 0.8285714331370262, 0.3584672214945893, 0.2893082075471699, 0.20533729351121352, 0.42989677, 0.16152216829388238, 1
0.15139442231075698, 0.5411255411255411, 0.0, 0.0, 0.0, 0.04566208981672463, 0.0005060392748586697, 0.06902088086744403, 0.0015763238922416514, 0.3852180611307055, 0.3581847597908003, 0.4455152079650467, 0.3442231185409759, 0.571428592944606, 0.5290481779333555, 0.26415094339622647, 0.4455152079650467, 0.28091076, 0.09449922233488656, 4
0.2589641434262948, 0.6363636363636364, 0.0, 0.0, 0.0, 0.12328771688872835, 0.004078221196662278, 0.08025683082686456, 0.0004132877709080779, 0.16113867365907175, 0.13290112668477413, 0.21052631052241427, 0.13466136763860934, 0.6204081714069136, 0.41409144762949623, 0.40880505660377364, 0.21052631052241427, 0.4260139, 0.07416418665618313, 4
0.9083665338645418, 0.04761904761904762, 0.0, 0.0, 0.0, 0.07305937987114793, 0.0011181476515914196, 0.03531303387842806, 0.0010072161669844994, 0.3468268267025971, 0.30875204788291777, 0.40845068637175175, 0.3155378586625613, 0.49795920688379797, 0.5253398998993101, 0.3459119811320755, 0.40845068637175175, 0.3086199, 0.06520171321613805, 4
0.38247011952191234, 0.03463203463203463, 0.0, 0.0, 0.0, 0.03881277244010581, 0.0006167222469604276, 0.03852324008100289, 0.0008361639100649056, 0.8942281913836649, 0.838735825273386, 0.9532987401534563, 0.8788845220361602, 0.2244898417617649, 0.6600741241762565, 0.39832286792452837, 0.9532987401534563, 0.19512747, 0.02958835747455474, 2
0.5258964143426295, 0.23376623376623376, 0.0, 0.0, 0.0, 0.05707763795584082, 0.0014079568353274478, 0.060995194895511876, 0.0011828598742829528, 0.19143378668040475, 0.18314423973374586, 0.23943662535628893, 0.14661355447373883, 0.7632653150512285, 0.4153275403075114, 0.25995811320754725, 0.23943662535628893, 0.42930815, 0.14321647108544117, 1
0.50199203187251, 0.4632034632034632, 0.0, 0.0, 0.0, 0.02054794802026685, 0.00048176746544180285, 0.020866772258965403, 0.0005736151000518691, 0.010707756777465148, 0.000810372769938191, 0.027427723295569136, 0.0023904383710099883, 0.7979591883327779, 0.2101359632971776, 0.5723270641509435, 0.027427723295569136, 0.984127, 0.07521400006764084, 3
0.35856573705179284, 0.4415584415584416, 0.0, 0.49999999999999994, 0.0, 0.07077626859948885, 0.0014527730855855858, 0.11235955737911903, 0.002722000521768843, 0.14050665508724688, 0.14991895988589107, 0.16085988761408535, 0.1083665365216426, 0.9102040834993753, 0.2632879962886626, 0.36687632075471704, 0.16085988761408535, 0.37532148, 0.2042560324652392, 1
0.50199203187251, 0.2943722943722944, 0.0, 0.0, 0.0, 0.9999999999999999, 0.4458703801401689, 0.6388442612791095, 0.253088998527042, 0.3000783486521367, 0.2544570604088903, 0.3454410797224531, 0.29402391375375025, 0.453061238531445, 0.43139676737139854, 0.5513627075471699, 0.3454410797224531, 0.3669463, 0.011192683717067275, 3
0.12350597609561753, 0.9826839826839826, 0.0, 0.0, 0.0, 0.05251141541252266, 0.0015536698724153953, 0.06581059376599017, 0.0016402554858837672, 0.08566205563001103, 0.0713128060884344, 0.06226835090979725, 0.12430279758734018, 0.7448979685360265, 0.029666246522053533, 0.9329140566037737, 0.11564121930584716, 0.47067475, 0.8539716965024253, 7
0.3187250996015936, 0.6277056277056278, 0.0, 0.0, 0.0, 0.11643837074498228, 0.0011540017811507784, 0.041733556074913525, 0.0016959053458988815, 0.14834159786685203, 0.12236629839843029, 0.19347664793568087, 0.12430279758734018, 0.6408163321607663, 0.3893695940691937, 0.4297694150943397, 0.19347664793568087, 0.41915956, 0.07342304538438754, 4
0.09561752988047809, 0.4458874458874459, 0.0, 0.0, 0.0, 0.03881280696065848, 0.000153119978413227, 0.13804171550695718, 0.0029785240752455313, 0.1141290028785426, 0.12398703504041357, 0.13343217099012475, 0.08286852455357849, 0.9204081657130363, 0.2509270695085113, 0.3773585094339623, 0.14158635106311082, 0.44718736, 0.2561088502208899, 1
0.2350597609561753, 0.16883116883116883, 0.0, 0.0, 0.0, 0.029680384887723957, 0.0006012806659632413, 0.02247189991884109, 0.0007125680877556706, 0.7871506659177088, 0.7366288552401041, 0.8621201344542614, 0.750597614361677, 0.289795915765931, 0.7107540240984839, 0.24528301886792458, 0.8621201344542614, 0.21837935, 0.057205676658886206, 2
0.8047808764940239, 0.5194805194805195, 0.0, 0.0, 0.0, 0.004566210625508304, 2.9877064900681487e-05, 0.0032102729441500144, 2.850261865623745e-05, 0.004178636619219345, 0.0, 0.01186063756960239, 0.0, 0.8428571475014577, 0.16316439592073728, 0.605870041509434, 0.01186063756960239, 1.0, 0.08242923929843043, 5
0.46613545816733065, 0.10822510822510822, 0.0, 0.0, 0.0, 0.031963459173076594, 0.0005886044465848371, 0.02568215986138555, 0.0010274298036209836, 0.8803864786487055, 0.8265802530517038, 0.9451445667520788, 0.8573705771273492, 0.24081631893627675, 0.6847960111110948, 0.3396226603773585, 0.9451445667520788, 0.19997217, 0.03982222975610611, 2
0.8047808764940239, 0.30303030303030304, 0.0, 0.0, 0.0, 0.015981754244075923, 0.00013721959782131703, 0.006420549066470276, 0.00038833178072472, 0.12039696556396574, 0.09400324306323536, 0.1660489313117203, 0.09641434968651315, 0.644897979005414, 0.384425212232288, 0.43396228301886797, 0.1660489313117203, 0.48185185, 0.0732253803671915, 5
0.3904382470119522, 0.6363636363636364, 0.0, 0.0, 0.0, 0.0821917920810674, 0.0008503162187975941, 0.08828249079558559, 0.0022711447208228863, 0.19770174231437873, 0.1539708197242368, 0.197924382520946, 0.23904385144362877, 0.4938775416718037, 0.17799752363170213, 0.9392033773584907, 0.22238696944116407, 0.36751375, 1.0, 7
0.9163346613545816, 0.48051948051948057, 0.0, 0.0, 0.0, 0.1415525413085673, 0.01508791709420739, 0.05296950603433406, 0.006188631845907348, 0.02115434762036859, 0.010534845790395833, 0.039288362199493235, 0.011952191137918445, 0.7897959277047062, 0.22002471918359742, 0.563941320754717, 0.039288362199493235, 0.895369, 0.07785363533783657, 3
0.13147410358565736, 0.5367965367965368, 0.0, 0.0, 0.0, 0.02054795623944606, 0.0001680585234679522, 0.03210272655225446, 0.0004560419177390633, 0.04126403714364973, 0.05672609389567337, 0.04299481235734016, 0.023904382992968386, 0.981632653484798, 0.1433868930477738, 0.4968553716981132, 0.051890288199478954, 0.57363313, 0.33414796850440437, 1
0.6055776892430279, 0.4458874458874459, 0.0, 0.0, 0.0, 0.13470321160317966, 0.0024919536634593047, 0.03210271788451743, 0.0008027042324841891, 0.20762600833960795, 0.18233387505943172, 0.2557450121886952, 0.17928287424009162, 0.6306122609675132, 0.4202719221444171, 0.3878406981132076, 0.2557450121886952, 0.35575584, 0.08310303798938168, 4
0.900398406374502, 0.2424242424242424, 0.0, 0.0, 0.0, 0.1484018586851861, 0.04631317014991353, 0.12520063644303808, 0.035015465482451484, 0.07808827032322856, 0.05024311304897174, 0.1067457367920998, 0.07410359280011453, 0.644897979005414, 0.28800988322350085, 0.5974842962264151, 0.1067457367920998, 0.6042809, 0.01018716874749398, 3
0.5617529880478087, 0.7316017316017316, 0.0, 0.0, 0.0, 0.10273969900543821, 0.0011091843208717316, 0.06581057354127043, 0.003480881173687459, 0.24340559047354857, 0.23014586491204103, 0.28169012393113324, 0.21354583230424964, 0.7122449039829237, 0.38071691194855206, 0.3710692075471699, 0.28169012393113324, 0.29320765, 0.1106483722056511, 6
0.18326693227091634, 0.761904761904762, 0.0, 0.0, 0.0, 0.09360730323387716, 0.004589865127036062, 0.17014447961940546, 0.014051790463635482, 0.20893183096096726, 0.19529984842220297, 0.24388436661316257, 0.18326693412802977, 0.718367365066222, 0.35475896571023435, 0.40880505660377364, 0.24388436661316257, 0.29741284, 0.10849764183509053, 6
0.2828685258964143, 0.7705627705627706, 0.0, 0.49999999999999994, 0.0, 0.05251141952211225, 0.0005116447370543896, 0.08988765168178657, 0.0044321556210203585, 0.10707756072320228, 0.08833063199619637, 0.09933283914504938, 0.13306772934080413, 0.7061224612669719, 0.1137206387383286, 0.8301886981132076, 0.1237953993788332, 0.3503698, 0.9474652360706103, 7
0.00398406374501992, 0.8008658008658008, 0.0, 0.49999999999999994, 0.0, 0.03652968993557396, 0.000625815453257699, 0.05617978735729655, 0.0013051329009885905, 0.08592321310283368, 0.07050243412076528, 0.07042253098278331, 0.11713148261773652, 0.7367347060712202, 0.06922125671791855, 0.8742138679245284, 0.10896961075634091, 0.4157716, 0.8870483511899929, 7
0.7250996015936255, 0.06926406926406925, 0.0, 0.0, 0.0, 0.03196350848815185, 0.0006124822328596505, 0.022471934589789234, 0.00041328767471175736, 0.7281274270206739, 0.6474878658629487, 0.8428465645452441, 0.6788844646656403, 0.0775510696401489, 0.8936958739428655, 0.15303983018867934, 0.8428465645452441, 0.2972053, 0.05207250148491133, 2
0.27091633466135456, 0.26406926406926406, 0.0, 0.9999999999999999, 0.0, 0.15981736161881666, 0.01002375170209608, 0.06260033266774744, 0.0023835309782934927, 0.16636196414450902, 0.1645056698906456, 0.20385470197290803, 0.12669324069141805, 0.8183673509233652, 0.3559950583882495, 0.3039832264150944, 0.20385470197290803, 0.4202516, 0.16219171612424876, 1
0.20717131474103587, 0.06493506493506493, 0.0, 0.0, 0.0, 0.01826482565271584, 0.0004070571343639485, 0.05136439137606393, 0.000827925214671709, 0.7868894802390893, 0.7034035389254744, 0.8717568727075102, 0.772111559270488, 0.0408163766097448, 0.7601977312190891, 0.41719079245283025, 0.8717568727075102, 0.26183844, 0.01825813604461668, 2
0.05179282868525896, 0.5324675324675325, 0.0, 0.0, 0.0, 0.0, 0.0, 0.0, 0.0, 0.0, 0.0, 0.0, 0.0, 0.8755102083810912, 0.12360939017481035, 0.6394130188679246, 0.0, 0.0, 0.4729109061757136, 3
0.896414342629482, 0.5670995670995671, 0.0, 0.0, 0.0, 0.0, 0.0, 0.0, 0.0, 0.0, 0.0, 0.0, 0.0, 0.8755102083810912, 0.12360939017481035, 0.6394130188679246, 0.0, 0.0, 0.4729109061757136, 5
0.7370517928286853, 0.06493506493506493, 0.0, 0.0, 0.0, 0.03881272107023576, 0.00039293743062546795, 0.04173346072980613, 0.0012446457127993438, 0.8639331206710272, 0.8095624052638769, 0.9251297411035602, 0.845418325750385, 0.24081631893627675, 0.662546320657132, 0.3773585094339623, 0.9251297411035602, 0.19951321, 0.03403192373926278, 2
0.05976095617529881, 0.7662337662337663, 0.0, 0.0, 0.0, 0.1552511472946777, 0.006931478230110483, 0.24719100312009643, 0.07087173971430463, 0.20893183096096726, 0.19043759473612312, 0.24610823390579517, 0.18565738440342264, 0.681632672035818, 0.3658838109372158, 0.4276729811320755, 0.24610823390579517, 0.30038968, 0.07007504521480062, 6
0.35856573705179284, 0.22077922077922077, 0.0, 0.0, 0.0, 0.0388127995633972, 0.000718273191260745, 0.0304976032262473, 0.000981363213449631, 0.4371898508209509, 0.3914100615187201, 0.5211267826454649, 0.3888446179711433, 0.4163265455010409, 0.6613102279791169, 0.1991614339622642, 0.5211267826454649, 0.31425992, 0.07801214769175097, 4
0.7768924302788844, 0.5021645021645021, 0.0, 0.0, 0.0, 0.03424657660912008, 0.00043695200169725605, 0.019261638820598358, 0.0001710156446000003, 0.04465917948490856, 0.05753646805134901, 0.0489251304749805, 0.027091633771844904, 0.9612244890574762, 0.1569839258557545, 0.4947589339622642, 0.05485544659113827, 0.54012346, 0.29900174878167163, 1
0.6334661354581673, 0.07359307359307357, 0.0, 0.0, 0.0, 0.009132386319504974, 0.00027443729994320974, 0.01765645308688453, 0.0005883517991790221, 0.7842778349963706, 0.7123176524498999, 0.8606375028863046, 0.7673307017475922, 0.1285714256064141, 0.7169344541140239, 0.40041930188679253, 0.8606375028863046, 0.24285044, 0.024464690804519684, 2
0.17928286852589642, 0.3246753246753247, 0.0, 0.0, 0.0, 0.06164384406080055, 0.0013780799065541186, 0.044943825840893285, 0.0012256121164267917, 0.023243666635123186, 0.004862236911363346, 0.05114899776761306, 0.011155379160330811, 0.7306122504981257, 0.2694684708035835, 0.5408805226415094, 0.05114899776761306, 0.92957354, 0.05965558930929438, 3
0.3147410358565737, 0.7402597402597403, 0.0, 0.0, 0.0, 0.14155251254144005, 0.011950825960272594, 0.12038524624029685, 0.005632823935337603, 0.1243144404794929, 0.0988654748692502, 0.11415862776754167, 0.15936254611514095, 0.6510204217213659, 0.10630407488284618, 0.8993710943396227, 0.14825795961261706, 0.39835298, 0.9435395290322404, 7
0.099601593625498, 0.33766233766233766, 0.0, 0.49999999999999994, 0.0, 0.0821917920810674, 0.0021959630879088256, 0.07383627973792231, 0.0020806902432304727, 0.13920082541443835, 0.1442463634055621, 0.1638250506758706, 0.10677291256646736, 0.8775510246401499, 0.28430160518945546, 0.3647799056603774, 0.1638250506758706, 0.39415666, 0.18350741415340432, 1
0.5776892430278885, 0.974025974025974, 0.0, 0.0, 0.0, 0.08447489924313688, 0.0006012761989693849, 0.07704654661465639, 0.0017956636237846557, 0.12535910562802957, 0.10940032503565904, 0.11045218227982072, 0.15617531254742034, 0.7224489935435232, 0.08281829063838377, 0.8658281132075472, 0.14529281656565737, 0.3152556, 0.9087121909722236, 7
0.04780876494023904, 0.38961038961038963, 0.0, 0.0, 0.0, 0.0570776297366616, 0.0006012759267146803, 0.06581060243372722, 0.0020700028320196767, 0.11386784540571994, 0.12884928143313842, 0.12750184486655414, 0.08366534370248109, 0.9591836711453562, 0.22249690453962767, 0.3857442452830189, 0.12972572550240383, 0.39890292, 0.24559973471646884, 1
0.7729083665338645, 0.4588744588744589, 0.0, 0.0, 0.49999999999999994, 0.1484018422468277, 0.0014167500572743231, 0.03531300498597127, 0.0008761947102028126, 0.06085139761838714, 0.04294975804659447, 0.09117865240045477, 0.045418329336042375, 0.7244898077821739, 0.29171816125754624, 0.5094339811320755, 0.09117865240045477, 0.58956474, 0.0734217775838622, 5
0.14342629482071714, 0.658008658008658, 0.0, 0.0, 0.0, 0.0981735339963745, 0.00817510293244534, 0.47512041653677106, 0.022987351722991538, 0.25254635587451296, 0.22447326843171206, 0.28613788520283256, 0.2422310993539793, 0.5979591964144104, 0.3597033141726045, 0.524109037735849, 0.28613788520283256, 0.2736466, 0.012372483970619963, 6
0.9402390438247011, 0.5367965367965368, 0.0, 0.0, 0.0, 0.3675800229561675, 0.008727180014003976, 0.07544139439619243, 0.0014960056401826652, 0.2603812916026689, 0.2544570604088903, 0.2824314463867202, 0.24063746822748908, 0.7632653150512285, 0.30407908803769756, 0.4486373396226416, 0.2824314463867202, 0.2144562, 0.1110331869533332, 4
0.09163346613545817, 0.6883116883116883, 0.0, 0.0, 0.0, 0.047945225745921326, 0.0009204934586269652, 0.2825040283307874, 0.005248033554815742, 0.2964220312094321, 0.27714749009033623, 0.3358042880963359, 0.27091635923239393, 0.6530612359600165, 0.400494439296175, 0.39832286792452837, 0.3358042880963359, 0.24983571, 0.07323343462935233, 6
0.9322709163346613, 0.3246753246753247, 0.0, 0.0, 0.0, 0.013698638862827241, 4.48156432309817e-05, 0.012841093510147466, 7.12565057571574e-05, 0.08644554215137741, 0.05510534704299309, 0.14084506196556662, 0.058167338905731926, 0.6163265429296124, 0.41903582946640194, 0.4046121698113208, 0.14084506196556662, 0.6417749, 0.0745461674968087, 5
0.15139442231075698, 0.20346320346320343, 0.0, 0.49999999999999994, 0.0, 0.06392696355163885, 0.0011502672532848035, 0.07062602152892525, 0.001866920471038751, 0.15957168651344056, 0.15559157824628508, 0.2001482564851871, 0.1187250994015968, 0.804081640232403, 0.36959206672157074, 0.29559752830188685, 0.2001482564851871, 0.44663557, 0.15421033384953936, 1
0.26693227091633465, 0.40692640692640697, 0.0, 0.49999999999999994, 0.0, 0.04566210214549344, 0.003166967961873048, 0.03210272655225446, 0.0024654762949179103, 0.012535909857658036, 0.001620745539876382, 0.03039288168722845, 0.003984064190727147, 0.7897959277047062, 0.2163164300247068, 0.5702306283018869, 0.03039288168722845, 0.9814815, 0.07270897538263243, 3
0.20717131474103587, 0.7056277056277056, 0.0, 0.0, 0.0, 0.07990872190530436, 0.0008871626260035107, 0.04494383161938465, 0.0019203611825529118, 0.35466176948220224, 0.33144245568429864, 0.41438101249532233, 0.31075697245440553, 0.60816328597501, 0.5179233327063741, 0.24528301886792458, 0.41438101249532233, 0.3024212, 0.10421023876450003, 6
0.6254980079681275, 0.7878787878787878, 0.0, 0.0, 0.0, 0.10045662472008557, 0.0023639959690170114, 0.08186195993136308, 0.0016568864829547816, 0.08252807428729945, 0.06888169018542699, 0.057079313883770834, 0.12270915928953498, 0.7510204167621823, 0.018541401295072146, 0.9454926603773586, 0.11415862776754167, 0.5177167, 0.8478867760164506, 7
0.2908366533864542, 0.5021645021645021, 0.0, 0.0, 0.0, 0.009132421251016608, 2.9877066917383e-05, 0.0032102729441500144, 2.850261865623745e-05, 0.0036563068655306973, 0.0, 0.010378058040192303, 0.0, 0.8469387796522282, 0.15822002075873867, 0.6100629132075472, 0.010378058040192303, 1.0, 0.08242923929843043, 3
0.027888446215139442, 0.03463203463203463, 0.0, 0.49999999999999994, 0.0, 0.02511419275536887, 0.0004467537659884096, 0.05939006290176768, 0.0011723298402525424, 0.8856097691341427, 0.827390573965888, 0.9503335437336281, 0.866932270659196, 0.2061224952465629, 0.6860321371636456, 0.37316564150943404, 0.9503335437336281, 0.20358202, 0.03243859678495481, 2
0.41434262948207173, 0.21212121212121213, 0.0, 0.0, 0.0, 0.03424663208857974, 0.00016805794870802037, 0.03370790188468385, 0.0008016365014244752, 0.8918777318195659, 0.8573744315832612, 0.9362491109247656, 0.8717132070665565, 0.38367346258059165, 0.5859085301208132, 0.3605870188679246, 0.9362491109247656, 0.16222528, 0.048677779137141663, 2
0.9402390438247011, 0.774891774891775, 0.0, 0.49999999999999994, 0.0, 0.03424657866391489, 0.0005522969524413382, 0.1268057944399934, 0.003389950928332972, 0.32697830875503703, 0.29983791977178215, 0.38472943525033776, 0.28924305623085445, 0.5857142926151602, 0.5006180463390075, 0.297693962264151, 0.38472943525033776, 0.3026748, 0.0912203545821797, 6
0.6972111553784861, 0.37662337662337664, 0.0, 0.0, 0.0, 0.07990867259022912, 0.0007805389110457162, 0.041733556074913525, 0.0006270570621181969, 0.3904413516161428, 0.3670988587285159, 0.4462564903909823, 0.35059762870430694, 0.5979591964144104, 0.5080346135319436, 0.2725366981132076, 0.4462564903909823, 0.26862052, 0.09887432737122787, 4
0.6215139442231076, 0.030303030303030297, 0.0, 0.0, 0.0, 0.054794530793771334, 0.000766464351170655, 0.1428571346021552, 0.004308797692211792, 0.25019585400171857, 0.2333873600760726, 0.28539660277689693, 0.22709163592323942, 0.6836734679071221, 0.36711990361523095, 0.4234800943396227, 0.28539660277689693, 0.26195785, 0.09160069473977256, 4
0.8406374501992032, 0.2943722943722944, 0.0, 0.0, 0.0, 0.029680282147983857, 0.00010830597677727872, 0.024077010532167275, 7.482047842662838e-05, 0.6500391849032422, 0.563209064531678, 0.7902149385454785, 0.5800796718750494, 0.051020411068304794, 1.0, 0.0, 0.7902149385454785, 0.34790245, 0.06508947558139744, 2
0.5657370517928286, 0.030303030303030297, 0.0, 0.0, 0.0, 0.04566229940579444, 0.0007565758586308372, 0.03691820054312041, 0.0008936239347219465, 0.8978845511350648, 0.8517018059295123, 0.9518161753015851, 0.8788845220361602, 0.29387758097792527, 0.635352270615954, 0.3689727735849057, 0.9518161753015851, 0.18147528, 0.03907728508273456, 2
0.50199203187251, 0.5627705627705628, 0.0, 0.0, 0.0, 0.06164384406080055, 0.0001232427874687008, 0.025682182397501845, 0.0005843036175203513, 0.029511619448517438, 0.006482982305372628, 0.06300964000734144, 0.015936256045777086, 0.6938775574677216, 0.2991347284504823, 0.5283019056603774, 0.06300964000734144, 0.915376, 0.052036108152184735, 3
0.42231075697211157, 0.8528138528138528, 0.0, 0.0, 0.0, 0.03881279298805383, 0.0006012758258796046, 0.052969508923579746, 0.0006306197409471567, 0.10655523167465854, 0.08184764896148825, 0.0948850978881757, 0.14262949458580065, 0.6612244929146189, 0.09394313586536515, 0.9098532641509434, 0.13269088856418912, 0.43576914, 0.9318545658288455, 7
0.07569721115537849, 0.5238095238095238, 0.0, 0.0, 0.0, 0.027397265396885667, 8.963128545361265e-05, 0.017656502781910204, 0.00023158371465554792, 0.020893182390951805, 0.008103728428717412, 0.04299481235734016, 0.00956175377089255, 0.7734693991016242, 0.23980222428152992, 0.5471698301886793, 0.04299481235734016, 0.8292328, 0.07521400006764084, 5
0.29880478087649404, 0.4458874458874459, 0.0, 0.0, 0.0, 0.03424656633514607, 0.0004369523848705439, 0.004815409560687305, 7.481927597262177e-05, 0.11882997841833456, 0.0988654748692502, 0.15492956816212328, 0.09880478561927605, 0.6938775574677216, 0.33621753104062657, 0.4654088301886793, 0.15492956816212328, 0.42083883, 0.07743632387963068, 5
0.199203187250996, 0.9696969696969697, 0.0, 0.49999999999999994, 0.0, 0.10502284726340372, 0.0025568459756317922, 0.06741573153822573, 0.001182515106670176, 0.09976495404359009, 0.08103727699381909, 0.08673091114358109, 0.13147411255694386, 0.7081632755056225, 0.08529047933186759, 0.8763102830188679, 0.12231282785535338, 0.39798474, 0.916348395909792, 7
0.9243027888446215, 0.36363636363636365, 0.0, 0.0, 0.0, 0.015981736572840625, 0.00019793548249180415, 0.01605136327612723, 0.00019951827768568584, 0.014886393396684492, 0.000810372769938191, 0.037064490236734686, 0.004780876885446275, 0.7653061292898791, 0.23856612047866957, 0.5576520094339623, 0.037064490236734686, 0.984127, 0.06434686142369744, 3
0.47808764940239046, 0.4329004329004329, 0.0, 0.0, 0.0, 0.07077625627072003, 0.0015424038719055733, 0.08507222102960581, 0.0014714472967294792, 0.14285714285714288, 0.14586710004754538, 0.16975537679944125, 0.10996016047681788, 0.8612244940166597, 0.2966625319696068, 0.3605870188679246, 0.16975537679944125, 0.39658895, 0.17728795765874378, 1
0.8007968127490039, 0.03463203463203463, 0.0, 0.0, 0.0, 0.013698632287483872, 0.00036819760528795275, 0.15088279457087625, 0.0025139532762927636, 0.2872812587570185, 0.2706644997622731, 0.3291326795468296, 0.2565737292931866, 0.6755102109525197, 0.41038319184514127, 0.35849058490566044, 0.3291326795468296, 0.2745188, 0.1017426141949882, 4
0.549800796812749, 0.354978354978355, 0.0, 0.0, 0.0, 0.14840182991805886, 0.0025457750909935726, 0.20385232660842142, 0.005507108523301827, 0.3303734546220205, 0.31280390042790845, 0.3758339393933733, 0.2964143712004581, 0.6571428644373176, 0.4400494383671949, 0.32704405660377367, 0.3758339393933733, 0.2645714, 0.10547218503444256, 4
0.6693227091633466, 0.748917748917749, 0.0, 0.0, 0.9999999999999999, 0.09589045149184265, 0.0016738491491132968, 0.15890852677073922, 0.0024230106216129275, 0.34865497837250015, 0.3257698664973247, 0.40770940394581606, 0.30517930295392204, 0.6122449144523112, 0.5129789731191589, 0.24947592452830197, 0.40770940394581606, 0.30344796, 0.10480241347457175, 6
0.20318725099601592, 0.3852813852813853, 0.0, 0.0, 0.0, 0.029680371326078266, 0.0005116444849667003, 0.024077046358813692, 0.0005451126112606644, 0.02037085263726316, 0.004862236911363346, 0.04225352192547426, 0.011952191137918445, 0.7530612346743022, 0.23856612047866957, 0.5702306283018869, 0.04225352192547426, 0.89973545, 0.05123308702827889, 3
0.749003984063745, 0.7532467532467533, 0.0, 0.0, 0.0, 0.050228337017580414, 0.001012079033725703, 0.08828249946332262, 0.002298148663332887, 0.342125879368602, 0.32171798477891395, 0.39955523054443864, 0.2980079879843184, 0.6326530752061639, 0.5030902094453473, 0.24528301886792458, 0.39955523054443864, 0.30575457, 0.10982187812790156, 6
0.6772908366533864, 0.7532467532467533, 0.0, 0.0, 0.49999999999999994, 0.12100462205542768, 0.0017454363053060226, 0.07704656683937615, 0.002338799785443727, 0.3410812071686161, 0.31604537371187497, 0.40103779539630985, 0.298804799961906, 0.5979591964144104, 0.5154511362254987, 0.25995811320754725, 0.40103779539630985, 0.3067255, 0.10029937244992637, 6
0.6454183266932271, 0.70995670995671, 0.0, 0.49999999999999994, 0.0, 0.047945238074690144, 0.0007058455303440977, 0.07223114196568675, 0.000758882768237668, 0.17289108430275482, 0.15478119169190593, 0.14306894260141628, 0.22151395925144096, 0.6938775574677216, 0.02101359777594762, 1.0, 0.20607858260875772, 0.3211389, 0.8691760926082045, 7
0.1593625498007968, 0.380952380952381, 0.0, 0.0, 0.0, 0.0707762316131824, 0.0009367149989351817, 0.05939001089534546, 0.001496004485826819, 0.45390439447724856, 0.41491087046119024, 0.5300222051147353, 0.4071713436548636, 0.463265309724698, 0.6266995884953124, 0.20964360377358499, 0.5300222051147353, 0.28936154, 0.08332889292414047, 4
0.9880478087649402, 0.7142857142857143, 0.0, 0.0, 0.0, 0.09360732789141478, 0.0017838487215725758, 0.15088280612785895, 0.004745972452452083, 0.3382083974016256, 0.31118315649257017, 0.3928836219949324, 0.30358568617006176, 0.5836734783765096, 0.4882571195588562, 0.3207547169811321, 0.3928836219949324, 0.2898632, 0.08091145834013058, 6
0.7569721115537849, 0.380952380952381, 0.0, 0.0, 0.0, 0.04566214324138949, 0.0007858717756976174, 0.0321027352199915, 0.0011412173528927388, 0.3175763788298007, 0.2844408450927135, 0.38102296974779115, 0.27968128381454294, 0.5428571752361508, 0.52657598145248, 0.297693962264151, 0.38102296974779115, 0.32273299, 0.08244648511439973, 4
0.7808764940239044, 0.1948051948051948, 0.0, 0.0, 0.0, 0.03424663208857974, 0.0006288171521270555, 0.04173353873943945, 0.0009655194870658276, 0.8621049619496749, 0.8055105089587562, 0.9258710902455812, 0.8430279471881419, 0.2244898417617649, 0.6749072919366642, 0.37316564150943404, 0.9258710902455812, 0.20414667, 0.033418345573263786, 2
0.11155378486055777, 0.2813852813852814, 0.0, 0.0, 0.0, 0.027397211972220815, 0.0007050450006776118, 0.07544140306392948, 0.0022346318682248934, 0.4917732857539149, 0.43517019153298375, 0.5900666820602914, 0.43824701795209625, 0.3204082028150762, 0.7478368044389377, 0.15094339622641517, 0.5900666820602914, 0.32548746, 0.07289355222381716, 4
0.06374501992031872, 0.3116883116883117, 0.0, 0.49999999999999994, 0.0, 0.03652968582598436, 0.0007260953915950335, 0.03210272655225446, 0.0006926928697748082, 0.012535909857658036, 0.003241491152686314, 0.022979984707338884, 0.010358565748480186, 0.8020408223202832, 0.17923361630971726, 0.6205450943396227, 0.022979984707338884, 0.912963, 0.02962374402451118, 3
0.5179282868525896, 0.31601731601731603, 0.0, 0.0, 0.0, 0.05707765028460962, 0.0012286944560068666, 0.04815411294234713, 0.0024797281645895955, 0.17132410420857283, 0.17179902489302287, 0.20904373899893447, 0.12908366945286598, 0.834693881363182, 0.3584672214945893, 0.28301886792452835, 0.20904373899893447, 0.42459705, 0.16512544382806543, 1
0.5896414342629482, 0.7316017316017316, 0.0, 0.49999999999999994, 0.0, 0.1278539599799945, 0.003235578466629237, 0.2022471975039229, 0.005434122066204616, 0.28101331017449377, 0.27147486443658725, 0.31578946244781714, 0.2509960239361283, 0.7306122504981257, 0.37330036700530655, 0.3647799056603774, 0.31578946244781714, 0.24779001, 0.12458696270753561, 6
0.7649402390438247, 0.5584415584415584, 0.0, 0.49999999999999994, 0.0, 0.015981736572840625, 6.348871816838328e-05, 0.04975923337910862, 0.00014607619056414143, 0.03395142341258833, 0.0494327388932961, 0.03484062294410213, 0.01752988071808385, 0.9836734732336526, 0.13720642298279104, 0.5052411132075472, 0.04521867964997272, 0.646164, 0.3470401276391738, 1
0.5657370517928286, 0.43722943722943725, 0.0, 0.0, 0.0, 0.06164384406080055, 0.0008164249549065542, 0.011235949959420545, 0.0003748597457646684, 0.19169494415322744, 0.16774716505467718, 0.22979986708821445, 0.17290836407676063, 0.644897979005414, 0.3658838109372158, 0.4654088301886793, 0.22979986708821445, 0.33188802, 0.06340704835193578, 5
0.8127490039840637, 0.7662337662337663, 0.0, 0.0, 0.0, 0.05251140308375384, 0.001006480468649165, 0.04654894627765478, 0.0010810694491259988, 0.348916142896772, 0.3265802457583488, 0.40474426089885646, 0.30836654369295763, 0.6163265429296124, 0.49690976830496214, 0.2725366981132076, 0.40474426089885646, 0.29078844, 0.10234047536329843, 6
0.01195219123505976, 0.8441558441558442, 0.0, 0.49999999999999994, 0.0, 0.09589042272471544, 0.0017785635519115106, 0.07062600419345119, 0.001630825937760211, 0.10420475095621178, 0.08833063199619637, 0.08154188078916322, 0.1434262993920733, 0.7285714362594751, 0.038318911955427276, 0.9350105094339622, 0.13343217099012475, 0.42939755, 0.8667899242224439, 7
0.9243027888446215, 0.6103896103896104, 0.0, 0.0, 0.0, 0.15296806068055624, 0.011715542436239965, 0.019261619462652313, 0.0005558011768273069, 0.2326978238240545, 0.18314423973374586, 0.31060045210822496, 0.19601594728337685, 0.4408163530995413, 0.576019777571847, 0.3186583018867925, 0.31060045210822496, 0.45878506, 0.06224611595325974, 4
0.896414342629482, 0.5108225108225108, 0.0, 0.0, 0.0, 0.0, 0.0, 0.0, 0.0, 0.0, 0.0, 0.0, 0.0, 0.8755102083810912, 0.12360939017481035, 0.6394130188679246, 0.0, 0.0, 0.4729109061757136, 5
0.7051792828685259, 0.5411255411255411, 0.0, 0.0, 0.0, 0.004566209392631423, 0.0001735699872060456, 0.0016051360386881554, 0.00013090658875534276, 0.009663097270087852, 0.007293355002377269, 0.020756116080384607, 0.0, 0.8551020439537692, 0.1817058050032011, 0.5618448867924528, 0.020756116080384607, 1.0, 0.14570333639233707, 5
0.6135458167330677, 0.5411255411255411, 0.0, 0.0, 0.0, 0.08219184139614265, 0.0006722276706774827, 0.03049753099510533, 0.00040260107155005363, 0.48994512703256266, 0.4659643554778311, 0.5507783799052751, 0.44462152811542727, 0.5673469277326117, 0.5599505171334241, 0.21593292452830193, 0.5507783799052751, 0.24899773, 0.10020643148494601, 4
0.8605577689243028, 0.4415584415584416, 0.0, 0.0, 0.0, 0.04794520930756292, 0.00034732091287204117, 0.01605136327612723, 0.00037053402810163875, 0.013319403430473628, 0.001620745539876382, 0.031134175454898626, 0.0055776895801654056, 0.7836734758050812, 0.2163164300247068, 0.5765199377358491, 0.031134175454898626, 0.962963, 0.059644514698823314, 3
0.38247011952191234, 0.47619047619047616, 0.0, 0.0, 0.0, 0.015981736572840625, 1.8673204006298564e-05, 0.004815409271762738, 7.481934908182537e-05, 0.008096108714166828, 0.0, 0.022979984707338884, 0.0, 0.812244904533944, 0.20024721408566493, 0.5744235018867925, 0.022979984707338884, 1.0, 0.08242923929843043, 3
0.1553784860557769, 0.5584415584415584, 0.0, 0.0, 0.0, 0.011415528413086084, 0.00013721919448101398, 0.006420546755073733, 0.00016558523725090926, 0.008618437762710556, 0.000810372769938191, 0.02372127513920478, 0.0, 0.8142857206093294, 0.20148330676368004, 0.5702306283018869, 0.02372127513920478, 1.0, 0.0895587528407587, 5
0.8764940239043825, 0.42424242424242425, 0.0, 0.0, 0.0, 0.025114158234816195, 0.00024275105715493433, 0.0112359548711382, 0.00023158372427518, 0.009401932745815987, 0.0, 0.02668643419802495, 0.0, 0.8020408223202832, 0.2126081519906614, 0.563941320754717, 0.02668643419802495, 1.0, 0.08242923929843043, 3
0.30677290836653387, 0.2424242424242424, 0.0, 0.0, 0.0, 0.06164382762244214, 0.0011540007728000207, 0.04654894627765478, 0.0013859393493742623, 0.17158526873284471, 0.16045381005229992, 0.21719793241513763, 0.1322709245345315, 0.7469387827746771, 0.39802223169045436, 0.3060796981132076, 0.21719793241513763, 0.4315472, 0.13522787353421284, 1
0.9681274900398407, 0.5238095238095238, 0.0, 0.49999999999999994, 0.0, 0.0867580639394608, 0.0011381757160097061, 0.02889247412174877, 0.0007025182657573421, 0.31522590516280313, 0.2706644997622731, 0.38843586072323305, 0.27808767420199765, 0.4571428486413997, 0.5747836848938318, 0.3039832264150944, 0.38843586072323305, 0.36128438, 0.06733607404462189, 4
0.2749003984063745, 0.13419913419913418, 0.0, 0.0, 0.49999999999999994, 0.10045661650090636, 0.0021115699779292187, 0.06741573153822573, 0.0020581933869262274, 0.8644554215137741, 0.8168557602662542, 0.9132690888564189, 0.8525896407199887, 0.29183673000458166, 0.60074165338184, 0.4297694150943397, 0.9132690888564189, 0.1818206, 0.028312521331209928, 2
0.701195219123506, 0.48917748917748916, 0.0, 0.0, 0.0, 0.018264841680115298, 0.00011950831002026382, 0.017656501048362798, 0.00040259955164818927, 0.03813005791637292, 0.05591572046933323, 0.03780578066860058, 0.020717131496960372, 1.0, 0.13226204782079243, 0.4968553716981132, 0.05114899776761306, 0.6230159, 0.35864365330294284, 1
0.8844621513944223, 0.21212121212121213, 0.0, 0.0, 0.0, 0.013698634753237637, 0.00030063214517346863, 0.012841091198750923, 0.0004827597531525459, 0.04544267446801399, 0.02998379197717822, 0.07635285710635391, 0.027091633771844904, 0.7469387827746771, 0.2904820685795311, 0.4884696226415095, 0.07635285710635391, 0.6703704, 0.09094548424181742, 5
0.26693227091633465, 0.38961038961038963, 0.0, 0.0, 0.0, 0.02739726745168047, 0.0005826026218733061, 0.03210272655225446, 0.0009263353011252661, 0.015147556510666516, 0.000810372769938191, 0.03780578066860058, 0.004780876885446275, 0.7632653150512285, 0.24103830583469982, 0.5555555716981132, 0.03780578066860058, 0.9876543, 0.06544992245721815, 3
0.5418326693227091, 0.341991341991342, 0.0, 0.0, 0.0, 0.30365302652781184, 0.007441529167957356, 0.022471914365069484, 0.0003311702436306492, 0.07025332754362344, 0.05186385698431002, 0.10378057373031449, 0.05179283089379542, 0.718367365066222, 0.31025958480230886, 0.4842767547169812, 0.10378057373031449, 0.6084366, 0.08199865322295957, 5
0.13147410358565736, 0.7922077922077922, 0.0, 0.0, 0.0, 0.0570776297366616, 0.0020353736504233463, 0.06902086064272427, 0.0011721710201273486, 0.11073387111445758, 0.09076175519255879, 0.10081541734013774, 0.1402390443104078, 0.6959183717063723, 0.10383188730184688, 0.857442358490566, 0.13046700792833943, 0.36523178, 0.9412077082719397, 7
0.8924302788844621, 0.5627705627705628, 0.0, 0.0, 0.0, 0.01826484496778698, 0.00020913939884547873, 0.012841091198750923, 0.00015676431362770946, 0.03839122526122446, 0.0494327388932961, 0.04521867964997272, 0.01992031880224124, 0.9489795944418992, 0.1681087710827359, 0.4884696226415095, 0.04670125984654366, 0.6018519, 0.2774790823167592, 1
0.09163346613545817, 0.7575757575757576, 0.0, 0.0, 0.0, 0.07077630969538488, 0.0012286941535016391, 0.19101126776922212, 0.03708546792968588, 0.2159832801677568, 0.19935170826054868, 0.253521124881237, 0.19043824909763346, 0.6938775574677216, 0.36959206672157074, 0.40880505660377364, 0.253521124881237, 0.29079577, 0.09290253943801152, 6
0.06772908366533864, 0.5714285714285714, 0.0, 0.0, 0.0, 0.01598174027147127, 1.8673139471850074e-05, 0.017656501048362798, 0.00035984552025278857, 0.027683467778614395, 0.04051863703823855, 0.02668643419802495, 0.015936256045777086, 0.9653061267184506, 0.12608157797830655, 0.5429769622641509, 0.037064490236734686, 0.6005291, 0.3664641367756901, 1
0.38645418326693226, 0.48917748917748916, 0.0, 0.0, 0.0, 0.04337899909301358, 0.0007182737861876921, 0.027287319014039135, 0.0004719903441981306, 0.019587358359302646, 0.004051864214358706, 0.03484062294410213, 0.018326694129934477, 0.7530612346743022, 0.20519159036014806, 0.6268344018867925, 0.03484062294410213, 0.90899473, 0.0, 3
0.7529880478087649, 0.5324675324675325, 0.0, 0.0, 0.0, 0.09360732789141478, 0.0015424025610495883, 0.08186195993136308, 0.0005878657672695483, 0.034212587936860196, 0.021069691580791666, 0.057079313883770834, 0.022310758320661622, 0.7673469435285297, 0.2472187803496207, 0.5408805226415094, 0.057079313883770834, 0.70975137, 0.07692745112172183, 4
0.7689243027888446, 0.735930735930736, 0.0, 0.0, 0.0, 0.03196348259773734, 0.0005886051927643976, 0.08507222102960581, 0.001563225801238393, 0.38600154765207195, 0.35899512446511445, 0.4521868165145529, 0.3386454131839176, 0.571428592944606, 0.5587144355802542, 0.21383650943396237, 0.4521868165145529, 0.30312124, 0.10157571198465626, 6
0.36254980079681276, 0.2380952380952381, 0.0, 0.0, 0.0, 0.043379073065626446, 0.00015312011958233305, 0.022471934589789234, 0.0006270575430997995, 0.8869156270127481, 0.8435980424926908, 0.9406968054803795, 0.8653386538753357, 0.3183673518417325, 0.6316440037067539, 0.35010484905660383, 0.9406968054803795, 0.17962871, 0.043980764632123914, 2
0.8087649402390438, 0.5108225108225108, 0.0, 0.0, 0.0, 0.004566210625508304, 0.00017357004770709105, 0.0032102729441500144, 0.00016558523725090926, 0.0015669886969500084, 0.0, 0.004447739255391109, 0.0, 0.863265310092045, 0.13844251788577522, 0.6268344018867925, 0.004447739255391109, 0.6666667, 0.08242923929843043, 5
0.10358565737051793, 0.2380952380952381, 0.0, 0.0, 0.0, 0.05707763795584082, 0.001497587924152663, 0.05136436537285282, 0.004902450485829897, 0.15225906573092995, 0.14910859521157696, 0.18977020244795995, 0.11394422753607102, 0.812244904533944, 0.35228675810451365, 0.3165618867924529, 0.18977020244795995, 0.440354, 0.15590044245865448, 1
0.3784860557768924, 0.5194805194805195, 0.0, 0.0, 0.0, 0.0022831053538500483, 1.867316367226826e-05, 0.006420545888300029, 2.850262058016386e-05, 0.003395142341258833, 0.0, 0.009636767608326408, 0.0, 0.8489795975643482, 0.15574783095277034, 0.6121593509433962, 0.009636767608326408, 1.0, 0.08242923929843043, 3
0.29880478087649404, 0.2943722943722944, 0.0, 0.49999999999999994, 0.0, 0.07762558597610766, 0.001688052475380108, 0.038523277641196715, 0.00230871015356011, 0.1600940085105351, 0.16288493324866235, 0.19199407641220104, 0.1219123544832623, 0.8551020439537692, 0.3263287784916603, 0.3165618867924529, 0.19199407641220104, 0.40920117, 0.1733382369868945, 1
0.6454183266932271, 0.12987012987012986, 0.0, 0.0, 0.0, 0.03424663208857974, 0.00043695148743836965, 0.02407708391900751, 0.0005878664887419522, 0.8918777318195659, 0.855753673061213, 0.937731675776637, 0.8717132070665565, 0.37142857714868793, 0.5933250528143683, 0.3605870188679246, 0.937731675776637, 0.1651921, 0.047786310282470046, 2
0.6135458167330677, 0.49350649350649356, 0.0, 0.0, 0.0, 0.08904110945768622, 0.0017237259084836988, 0.4446227815288213, 0.00398653617058609, 0.25750848888712763, 0.2617504154112676, 0.2735359505297557, 0.23426296523547305, 0.840816333262807, 0.2731767599624741, 0.4213836792452831, 0.2735359505297557, 0.2045359, 0.1602918797488218, 4
0.0796812749003984, 0.8787878787878788, 0.0, 0.49999999999999994, 0.0, 0.15753425445674718, 0.0007058434733085522, 0.024077046358813692, 0.00045960461580728723, 0.11674065517271043, 0.09562398699857363, 0.09340251969308733, 0.1617529892192188, 0.6857143005131192, 0.038318911955427276, 0.9790356603773585, 0.15048183357685815, 0.426777, 0.8848171714184513, 7
0.01195219123505976, 0.761904761904762, 0.0, 0.0, 0.0, 0.0844749362294433, 0.003917629439970057, 0.33868376368166175, 0.1102374625411528, 0.18647166071923937, 0.17098866021870876, 0.22016308213370583, 0.16414343949461163, 0.7102040897442731, 0.34239800555554745, 0.4381551509433963, 0.22016308213370583, 0.27147257, 0.08119751515571627, 6
0.8804780876494024, 1.0, 0.0, 0.49999999999999994, 0.0, 0.12100458095953164, 0.0006460916727974393, 0.06581059376599017, 0.002070002447234394, 0.07312613731061393, 0.07050243412076528, 0.065233507299974, 0.08366534370248109, 0.8367346974385672, 0.10383188730184688, 0.7127882792452831, 0.07931801349653067, 0.22648169, 0.9060866506608092, 7
0.3545816733067729, 0.5238095238095238, 0.0, 0.0, 0.0, 0.015981736572840625, 1.867317173907432e-05, 0.027287317858340866, 0.00014607632523899015, 0.014886393396684492, 0.007293355002377269, 0.031134175454898626, 0.004780876885446275, 0.8142857206093294, 0.20889986839419342, 0.5576520094339623, 0.031134175454898626, 0.88148147, 0.09757790811347211, 5
0.9362549800796812, 0.27705627705627706, 0.0, 0.0, 0.0, 0.910959001501233, 0.015602124554712306, 0.22311399432147655, 0.008054533309322731, 0.23113085078132173, 0.22042138671330136, 0.25129726426021304, 0.21832670416977548, 0.7346938881591002, 0.28677379054548574, 0.5073375471698114, 0.25129726426021304, 0.22524333, 0.07702896838437351, 4
0.9282868525896414, 0.1948051948051948, 0.0, 0.0, 0.0, 0.04794526273222777, 0.0003921353077647849, 0.028892494346468522, 0.0005130480689165832, 0.6568294484314122, 0.5640194729661222, 0.792438852539371, 0.597609599923812, 0.0040816835793408, 0.9789863354749809, 0.08385745283018875, 0.792438852539371, 0.34886265, 0.05410489759173459, 2
0.18725099601593626, 0.3116883116883117, 0.0, 0.0, 0.0, 0.12785389422656085, 0.013564186164136917, 0.05939005134478496, 0.006601918847244861, 0.03029511302133303, 0.009724473822726691, 0.05930318784801195, 0.019123506824653608, 0.7122449039829237, 0.2768850379965195, 0.5471698301886793, 0.05930318784801195, 0.8858245, 0.049401357642836596, 3
0.40637450199203184, 0.22510822510822512, 0.0, 0.0, 0.0, 0.05251143185088108, 0.0010925941275265237, 0.03531297898276016, 0.0008761943157978985, 0.42413161050445924, 0.3922204407797443, 0.4929577168794832, 0.37848608377644893, 0.524489828720949, 0.5822002075873869, 0.22222226415094343, 0.4929577168794832, 0.2870454, 0.09221639833606399, 4
0.5418326693227091, 0.5800865800865801, 0.0, 0.49999999999999994, 0.0, 0.06392695533245962, 0.001284715096543535, 0.05939005134478496, 0.00271131003227579, 0.1919561086774993, 0.14991895988589107, 0.25796887280971925, 0.16095618441294615, 0.508163278077051, 0.5055623948013775, 0.3689727735849057, 0.25796887280971925, 0.4681647, 0.061887216539844914, 4
0.8685258964143426, 0.5151515151515151, 0.0, 0.0, 0.0, 0.05936074922749989, 0.0006609352715448257, 0.03210271788451743, 0.0007217704201701367, 0.24836769528036634, 0.2155591549072865, 0.3046701326562629, 0.21832670416977548, 0.563265317622657, 0.4721878813701239, 0.3689727735849057, 0.3046701326562629, 0.35474625, 0.07262735140175297, 4
0.6892430278884462, 0.4329004329004329, 0.0, 0.0, 0.0, 0.10273971133420702, 0.0010195535345517437, 0.028892448118537663, 0.0008978318118923279, 0.22407939452308298, 0.17828201522108603, 0.29206821132640315, 0.19442230898557164, 0.471428585046647, 0.5241038183461402, 0.37526207547169815, 0.29206821132640315, 0.4415065, 0.055505723951574604, 5
0.0, 0.761904761904762, 0.0, 0.0, 0.0, 0.05707757631199675, 0.00046682868846640343, 0.357945440062454, 0.08137851828422704, 0.16636196414450902, 0.1539708197242368, 0.195700521899922, 0.14581674249615117, 0.7387755129629321, 0.31520393326467894, 0.454926641509434, 0.195700521899922, 0.23309669, 0.09634625854725942, 6
0.3147410358565737, 0.11688311688311687, 0.0, 0.0, 0.0, 0.025114141796457778, 0.0005789267396873952, 0.02086678526057096, 0.000742830392034637, 0.7806215528109122, 0.701782809576846, 0.8606375028863046, 0.7665338610847447, 0.0775510696401489, 0.7342397961056166, 0.4234800943396227, 0.8606375028863046, 0.2540513, 0.01898380269235339, 2
0.38247011952191234, 0.33333333333333337, 0.0, 0.0, 0.0, 0.07762559419528686, 0.002584365884509151, 0.10433388007492393, 0.008183814430371566, 0.14207364223287805, 0.11426256413502889, 0.19347664793568087, 0.11314741555848337, 0.628571428361516, 0.41903582946640194, 0.39203356603773587, 0.19347664793568087, 0.465278, 0.08110181486018075, 5
0.7250996015936255, 0.5454545454545455, 0.0, 0.0, 0.0, 0.006849316143741936, 0.00018409881272748394, 0.006420545599375461, 0.0002618132352284778, 0.009663097270087852, 0.006482982305372628, 0.02149740584508965, 0.0, 0.8489795975643482, 0.1854140830372465, 0.5618448867924528, 0.02149740584508965, 1.0, 0.13674401380947987, 5
1.0, 0.27272727272727276, 0.0, 0.0, 0.0, 0.0707762316131824, 0.0011529670116032938, 0.016051340162161802, 0.00033117099396194936, 0.298250175827886, 0.2625607800855817, 0.36100814409927245, 0.2637450442627903, 0.5285714204635571, 0.5179233327063741, 0.32704405660377367, 0.36100814409927245, 0.334876, 0.07411272887015591, 4
0.601593625498008, 0.6147186147186148, 0.0, 0.0, 0.0, 0.02054794802026685, 0.0006162142801827617, 0.31139648511706214, 0.1267938593655968, 0.051449460641701625, 0.03889789456157127, 0.07338769404456862, 0.03984063688735098, 0.7673469435285297, 0.2472187803496207, 0.5408805226415094, 0.07338769404456862, 0.5, 0.07848194236287959, 5
0.13545816733067728, 0.6666666666666666, 0.0, 0.0, 0.0, 0.06621005016576029, 0.000936716108121015, 0.04333868517941205, 0.00108739166370382, 0.13423869945327296, 0.12236629839843029, 0.10452186949946723, 0.17689243113601377, 0.7510204167621823, 0.011124845226981386, 0.958071320754717, 0.1645663397734148, 0.36550307, 0.8404932430147267, 7
0.7808764940239044, 0.47619047619047616, 0.0, 0.0, 0.0, 0.0388127995633972, 0.0009598022987170552, 0.08667735013410434, 0.001496387828164128, 0.3160093987356188, 0.29983791977178215, 0.3587842968214655, 0.28366535804511106, 0.6714285824752184, 0.42274412975013786, 0.3417190943396227, 0.3587842968214655, 0.26327455, 0.10406904680305634, 4
0.5776892430278885, 0.21212121212121213, 0.0, 0.0, 0.0, 0.036529702264342774, 0.000209137654398668, 0.028892494346468522, 0.00034203053886870053, 0.7027944188061587, 0.6247973924213727, 0.8102297641939973, 0.6589641365406897, 0.10408165474260678, 0.8504326413371814, 0.1991614339622642, 0.8102297641939973, 0.29458332, 0.04835764086037564, 2
0.9721115537848606, 0.5021645021645021, 0.0, 0.0, 0.0, 0.0, 0.0, 0.0, 0.0, 0.0, 0.0, 0.0, 0.0, 0.8755102083810912, 0.12360939017481035, 0.6394130188679246, 0.0, 0.0, 0.4729109061757136, 5
0.2788844621513944, 0.722943722943723, 0.0, 0.49999999999999994, 0.0, 0.05022830825045318, 0.0005676636633947703, 0.0866773703588241, 0.0017956626618214505, 0.15748237031926565, 0.13371151323915328, 0.14306894260141628, 0.19521912096315927, 0.6551020501986671, 0.09394313586536515, 0.9161425849056604, 0.18161600236014824, 0.3273826, 0.9304061783051811, 7
0.9641434262948207, 0.6623376623376623, 0.0, 0.0, 0.0, 0.025114160700569956, 0.0003323820552285811, 0.020866768791870587, 0.00031709171972855706, 0.09428048493098252, 0.08184764896148825, 0.08080059169161903, 0.120318737699402, 0.7571428594781341, 0.08158219796036864, 0.8322851320754717, 0.11193477381812621, 0.33051255, 0.8950654928971661, 7
0.08366533864541834, 0.5194805194805195, 0.0, 0.0, 0.0, 0.0, 0.0, 0.0, 0.0, 0.0, 0.0, 0.0, 0.0, 0.8755102083810912, 0.12360939017481035, 0.6394130188679246, 0.0, 0.0, 0.4729109061757136, 3
0.2948207171314741, 0.15584415584415584, 0.0, 0.0, 0.0, 0.03424668551324459, 0.0003921358119401637, 0.03370790188468385, 0.0006733757251278643, 0.8984068801836085, 0.8533225352781405, 0.9547813050053275, 0.8756972669544947, 0.3020408562998742, 0.6477131973961052, 0.3396226603773585, 0.9547813050053275, 0.18239816, 0.04449884758796657, 2
0.03585657370517928, 0.9090909090909091, 0.0, 0.49999999999999994, 0.0, 0.06164384817039016, 0.0010787206327925348, 0.10272874808117972, 0.0028367800474978955, 0.10603290262611481, 0.10048622609794348, 0.0859896220460369, 0.1322709245345315, 0.8061224563077883, 0.05191594031346987, 0.8322851320754717, 0.12305411695289759, 0.33066535, 0.8291899623459513, 7
0.40239043824701193, 0.07359307359307357, 0.0, 0.0, 0.0, 0.038812877645599674, 0.000887162928508738, 0.01765648949138008, 0.0007428302958383163, 0.8843039817700294, 0.8395462264144751, 0.9406968054803795, 0.8613546370152874, 0.308163262281133, 0.6440049527365956, 0.3396226603773585, 0.9406968054803795, 0.18356538, 0.04484387577210447, 2
0.08764940239043825, 0.1818181818181818, 0.0, 0.0, 0.0, 0.09132418785262847, 0.0037047539906489586, 0.05136435381587011, 0.0007553192717399838, 0.1653173130988708, 0.15802268685593748, 0.20756114746062898, 0.12589641437120047, 0.777551023905456, 0.37948083039538216, 0.3060796981132076, 0.20756114746062898, 0.43507022, 0.14269301862149136, 1
0.952191235059761, 0.7878787878787878, 0.0, 0.0, 0.0, 0.07762557364733885, 0.001177208873002659, 0.05296954070528221, 0.0016444289632499274, 0.34447635303559954, 0.31523499445085085, 0.40474426089885646, 0.30597611493150967, 0.5653061134939611, 0.5179233327063741, 0.2893082075471699, 0.40474426089885646, 0.3003628, 0.08827447090862034, 6
0.250996015936255, 0.748917748917749, 0.0, 0.0, 0.0, 0.08904112178645503, 0.001960681378907561, 0.19743180730118162, 0.051550521153186105, 0.21702794531629346, 0.20097244490253197, 0.2527798424553014, 0.1928286993730263, 0.6979591859450229, 0.36093942910031007, 0.4192872264150944, 0.2527798424553014, 0.27672648, 0.09139490088391422, 6
0.701195219123506, 0.08658008658008656, 0.0, 0.0, 0.0, 0.06849315732782978, 0.0015907953306099796, 0.1252006508892665, 0.002860840959777625, 0.061634891191202724, 0.04700162299028868, 0.08747220024112527, 0.04780876526880527, 0.7489795970133277, 0.2694684708035835, 0.5220125981132075, 0.08747220024112527, 0.547103, 0.08956542743764195, 5
0.9681274900398407, 0.7835497835497836, 0.0, 0.0, 0.0, 0.07077625627072003, 0.0011529684232943547, 0.06581060243372722, 0.0019601058467354046, 0.35074430161812425, 0.3241491006819214, 0.4114158694483627, 0.3091633484992303, 0.5836734783765096, 0.5216316552398004, 0.26415094339622647, 0.4114158694483627, 0.30085307, 0.09595698785361328, 6
0.4860557768924303, 0.7835497835497836, 0.0, 0.0, 0.0, 0.10502286370176216, 0.0017996114622860686, 0.26324232305753853, 0.007419992173467362, 0.42883258604425123, 0.39627227873802495, 0.4996293254289894, 0.38167330300153957, 0.518367349270304, 0.5933250528143683, 0.20964360377358499, 0.4996293254289894, 0.29238248, 0.09376304040043998, 6
0.5577689243027888, 0.6493506493506493, 0.0, 0.0, 0.0, 0.031963430405949365, 0.00043321829059539483, 0.542536110514803, 0.001781385588713786, 0.28702010833564506, 0.2568881544318327, 0.32616753649987, 0.2725099688449393, 0.57346938881591, 0.3967861390124392, 0.48637318867924534, 0.32616753649987, 0.27005577, 0.027604603890827584, 6
0.14342629482071714, 0.48051948051948057, 0.0, 0.0, 0.49999999999999994, 0.06164381940326293, 0.001019552627036062, 0.07062601286118822, 0.0017386557603126305, 0.3831287308336322, 0.36061587569380776, 0.43513712056977666, 0.3466135473024239, 0.6061224533690128, 0.4870210157559959, 0.2997903773584906, 0.43513712056977666, 0.2585428, 0.09442050683756514, 4
0.06374501992031872, 0.8268398268398268, 0.0, 0.0, 0.0, 0.08219182084819464, 0.0012930669633637937, 0.06260032400001041, 0.0007241402165263739, 0.4037607635083555, 0.3711507404469266, 0.47516677186681405, 0.35617531971873534, 0.524489828720949, 0.5896168081548586, 0.20964360377358499, 0.47516677186681405, 0.3026711, 0.09306064162116778, 6
0.350597609561753, 0.9004329004329005, 0.0, 0.0, 0.0, 0.0570776297366616, 0.0014975872183071324, 0.04173355029642216, 0.0015248907979369354, 0.09924261794359715, 0.07779578912314254, 0.08302446565586015, 0.1370517892287423, 0.6877551147517699, 0.06922125671791855, 0.924528320754717, 0.12750184486655414, 0.44601154, 0.9049347979511895, 7
0.649402390438247, 0.13852813852813853, 0.0, 0.0, 0.0, 0.043379015531371995, 0.0006012787803473244, 0.0288924567862747, 0.00021376695363953008, 0.7187255182497851, 0.6426256413502888, 0.8309859389845371, 0.6677291328359883, 0.1142857626705529, 0.8788627284321484, 0.14046122641509434, 0.8309859389845371, 0.29250294, 0.055594973379731294, 2
0.3147410358565737, 0.11688311688311687, 0.0, 0.0, 0.0, 0.025114141796457778, 0.0005789267396873952, 0.02086678526057096, 0.000742830392034637, 0.7806215528109122, 0.701782809576846, 0.8606375028863046, 0.7665338610847447, 0.0775510696401489, 0.7342397961056166, 0.4234800943396227, 0.8606375028863046, 0.2540513, 0.01898380269235339, 2
0.08366533864541834, 0.4458874458874459, 0.0, 0.0, 0.0, 0.0159817316413331, 0.00010830434324905135, 0.009630816521053501, 0.00012826176711871242, 0.03969704717743886, 0.0494327388932961, 0.04670125984654366, 0.022310758320661622, 0.9387755122282383, 0.16934486376075103, 0.4968553716981132, 0.0489251304749805, 0.57539684, 0.26789568492531846, 1
0.33067729083665337, 0.8095238095238095, 0.0, 0.0, 0.0, 0.19406390329642512, 0.002725794540062986, 0.07223114196568675, 0.0014729173688998068, 0.3995821311200057, 0.3695299965115883, 0.46849516331730784, 0.35219123831685223, 0.5448979711074551, 0.576019777571847, 0.21174007547169815, 0.46849516331730784, 0.30081734, 0.09716210682942139, 6
0.9282868525896414, 0.47186147186147187, 0.0, 0.0, 0.0, 0.07077626448989924, 0.007906215816909317, 0.04012840963494092, 0.00728597954019698, 0.01593105149377195, 0.004051864214358706, 0.03484062294410213, 0.007171314969603665, 0.7816326615664305, 0.22249690453962767, 0.5681341943396226, 0.03484062294410213, 0.96031743, 0.06773608375448231, 3
0.5976095617529881, 0.329004329004329, 0.0, 0.0, 0.0, 0.34474891023957677, 0.004615541064882935, 0.020866768791870587, 0.00037486011131068644, 0.22355705137164086, 0.19935170826054868, 0.2735359505297557, 0.19203188739543867, 0.6346938894448144, 0.4338689749771192, 0.3605870188679246, 0.2735359505297557, 0.35127252, 0.09135114312166565, 4
0.26693227091633465, 0.4155844155844156, 0.0, 0.0, 0.0, 0.06164384406080055, 0.0032603340827396165, 0.03210272655225446, 0.001824167074539066, 0.013841733889307197, 0.002431118382748123, 0.03187546255096024, 0.0055776895801654056, 0.7857142900437317, 0.21755253382756717, 0.5723270641509435, 0.03187546255096024, 0.9691358, 0.07270897538263243, 3
0.549800796812749, 0.012987012987012984, 0.0, 0.0, 0.0, 0.027397265396885667, 0.0003585282072007538, 0.027287417248392207, 6.0568435601565615e-05, 0.9900757198718724, 0.982171831297989, 1.0, 0.9800797364168843, 0.5591837075127023, 0.4400494383671949, 0.4276729811320755, 1.0, 0.101526454, 0.056607218878564014, 2
0.8924302788844621, 0.33766233766233766, 0.0, 0.0, 0.0, 0.027397265396885667, 0.00035852485947623843, 0.019261638820598358, 0.00029927745019724095, 0.025855313993276584, 0.008103728428717412, 0.0533728683960499, 0.013545816527356704, 0.7346938881591002, 0.2682323781255683, 0.5387840849056604, 0.0533728683960499, 0.86781305, 0.05943351913198619, 3
0.1713147410358566, 0.48484848484848486, 0.0, 0.0, 0.0, 0.02054794802026685, 0.0002128740073795142, 0.012841088598429811, 0.00015676423667065307, 0.12849306581639353, 0.1085899530679899, 0.1653076422141761, 0.10756972454405499, 0.6918367432290711, 0.34239800555554745, 0.4570230754716982, 0.1653076422141761, 0.39868945, 0.08062307100887345, 4
0.6573705179282868, 0.4199134199134199, 0.0, 0.0, 0.49999999999999994, 0.025114168097831246, 0.0002427506336476161, 0.060995194895511876, 0.002208953991993388, 0.2065813502425205, 0.16774716505467718, 0.2698294916988177, 0.17529881435215347, 0.5285714204635571, 0.4956736422524113, 0.3647799056603774, 0.2698294916988177, 0.4318249, 0.06609273461180076, 5
0.099601593625498, 0.23376623376623376, 0.0, 0.49999999999999994, 0.0, 0.0410958960405337, 0.0008963132074588917, 0.07062601286118822, 0.00306403048345962, 0.1410289841357906, 0.1426256048835138, 0.17272053986122654, 0.10438246946238948, 0.8510204118029987, 0.32014831510158465, 0.3312369056603774, 0.17272053986122654, 0.4369392, 0.17027905296344825, 1
0.47011952191235057, 0.5411255411255411, 0.0, 0.0, 0.0, 0.03196347766622981, 0.0005228485223224658, 0.02086677659283392, 0.00027433766909389226, 0.025071819715316072, 0.012965964610745256, 0.0481838400431146, 0.011952191137918445, 0.777551023905456, 0.24598268767160558, 0.532494783018868, 0.0481838400431146, 0.7794973, 0.08674602551060756, 5
0.7848605577689243, 0.735930735930736, 0.0, 0.0, 0.0, 0.04337896621629674, 0.0011915173702534913, 0.09791330298277057, 0.0015366886994719207, 0.3810394216909065, 0.35656403044217205, 0.44403264311317536, 0.33466137480992436, 0.591836735331112, 0.5414091492128876, 0.22222226415094343, 0.44403264311317536, 0.2986217, 0.10469709281034417, 6
0.1752988047808765, 0.5887445887445888, 0.0, 0.0, 0.0, 0.10273974010133426, 0.0033499660790805136, 0.019261627263615647, 0.00025652316869140686, 0.11856882094551191, 0.09805511019493607, 0.15863603366466986, 0.09482071856002292, 0.6897959289904205, 0.3559950583882495, 0.43605871698113213, 0.15863603366466986, 0.45334122, 0.08711709953789043, 4
0.3147410358565737, 0.2554112554112554, 0.0, 0.0, 0.0, 0.050228337017580414, 0.0010120783278801727, 0.04173353873943945, 0.0011230547180062582, 0.4160355032005823, 0.37439221373089315, 0.4966641623672041, 0.36733067306233225, 0.453061238531445, 0.6390605375251541, 0.1991614339622642, 0.4966641623672041, 0.31460637, 0.08320744509146605, 4
0.12350597609561753, 0.6277056277056278, 0.0, 0.0, 0.0, 0.03881279298805383, 0.0008701689915201735, 0.024077046358813692, 0.0005878661039566701, 0.05615042913004438, 0.04619124956394854, 0.07931801349653067, 0.040637450299201607, 0.7857142900437317, 0.2546353475425567, 0.5094339811320755, 0.07931801349653067, 0.5205782, 0.10322883064903288, 4
0.15139442231075698, 0.42424242424242425, 0.0, 0.0, 0.0, 0.029680371326078266, 0.0003771979626474612, 0.02568218413104925, 0.0004132877709080779, 0.042569859765009044, 0.051053485016640886, 0.05114899776761306, 0.024701195687687517, 0.9285714300145773, 0.17799752363170213, 0.4926624962264151, 0.05263157929850571, 0.56291884, 0.2536984071838947, 1
0.896414342629482, 0.2424242424242424, 0.0, 0.0, 0.49999999999999994, 0.7853883130668922, 1.0, 0.5906902436818698, 1.0, 0.16792896539303862, 0.1401944816871514, 0.195700521899922, 0.16414343949461163, 0.6224489856455643, 0.3077873771965881, 0.5870021188679245, 0.195700521899922, 0.5089938, 0.008862540928050056, 3
0.7888446215139442, 0.5497835497835498, 0.0, 0.0, 0.0, 0.018264841680115298, 0.0002539550138426392, 0.014446230126684756, 0.0003740969089428717, 0.04230869524073718, 0.05429497799266595, 0.04595997074899947, 0.02629482179425727, 0.9551020463415243, 0.15327564448425554, 0.5073375471698114, 0.05040770733574716, 0.5138889, 0.3014558004279124, 1
0.7888446215139442, 0.8961038961038961, 0.0, 0.0, 0.0, 0.047945213417152514, 0.0008402918005756473, 0.025682182397501845, 0.0004560416099108376, 0.04674849638422839, 0.03889789456157127, 0.03335804274753119, 0.06852589461437116, 0.804081640232403, 0.06922125671791855, 0.8050314716981133, 0.06375092243327707, 0.5039001, 0.851548277154171, 7
0.6812749003984063, 0.5497835497835498, 0.0, 0.0, 0.0, 0.1232876881216011, 0.00042515720188311527, 0.019261635931352678, 0.00040559925113088397, 0.022721336881434535, 0.019448946916117885, 0.03335804274753119, 0.01434262993920733, 0.8448979654135775, 0.18294189990618526, 0.5702306283018869, 0.03335804274753119, 0.65608466, 0.127405208698797, 5
0.41434262948207173, 0.7792207792207793, 0.0, 0.0, 0.0, 0.13242010033152057, 0.0019210692269095745, 0.08346710926058137, 0.0020945070169444044, 0.42387043892873816, 0.38735817980030934, 0.5011119569969462, 0.37370518322566326, 0.489795931561849, 0.6242274253889726, 0.18658283018867927, 0.5011119569969462, 0.30846536, 0.09112284580648305, 6
0.7768924302788844, 1.0, 0.0, 0.0, 0.0, 0.05251143185088108, 0.0005564601806319214, 0.10433388007492393, 0.006687424293495743, 0.05458344198441319, 0.04862236546695596, 0.04670125984654366, 0.06852589461437116, 0.81632653484798, 0.09888751102736376, 0.7421383905660378, 0.06375092243327707, 0.3833719, 0.9092928809010661, 7
0.7888446215139442, 0.37662337662337664, 0.0, 0.0, 0.0, 0.0981735175580161, 0.0014527726822452828, 0.07062600419345119, 0.005800282201525905, 0.04283102640471567, 0.020259318883787025, 0.07709413953228955, 0.027888446466564035, 0.6938775574677216, 0.30655129564341826, 0.5157232962264151, 0.07709413953228955, 0.7738155, 0.05784666168918229, 3
0.06374501992031872, 0.48051948051948057, 0.0, 0.0, 0.0, 0.04794520930756292, 0.0006162144415188828, 0.04173355029642216, 0.0007553192717399838, 0.008096108714166828, 0.001620745539876382, 0.017790956354403583, 0.003984064190727147, 0.8244898028229903, 0.1742892378102651, 0.605870041509434, 0.017790956354403583, 0.9537037, 0.06848073012184785, 3
0.7689243027888446, 0.48051948051948057, 0.0, 0.0, 0.0, 0.06164383995121094, 0.00043695250587263485, 0.04012841541343228, 0.0008728920211693471, 0.01984852358871943, 0.007293355002377269, 0.037064490236734686, 0.013545816527356704, 0.7755102059933361, 0.21508033734669169, 0.5870021188679245, 0.037064490236734686, 0.8367725, 0.04696565181596196, 3
0.09163346613545817, 0.30303030303030304, 0.0, 0.0, 0.0, 0.11415525125414401, 0.004959591351738559, 0.10433385985020417, 0.0022837701993033846, 0.13214937620764883, 0.13938410971948226, 0.15492956816212328, 0.09960159759686368, 0.8959183728084131, 0.2731767599624741, 0.3647799056603774, 0.15567087060288456, 0.39992693, 0.20129968943734594, 1
0.7768924302788844, 0.5021645021645021, 0.0, 0.0, 0.0, 0.03424657660912008, 0.00043695200169725605, 0.019261638820598358, 0.0001710156446000003, 0.04465917948490856, 0.05753646805134901, 0.0489251304749805, 0.027091633771844904, 0.9612244890574762, 0.1569839258557545, 0.4947589339622642, 0.05485544659113827, 0.54012346, 0.29900174878167163, 1
0.41035856573705176, 0.5238095238095238, 0.0, 0.0, 0.0, 0.02054794802026685, 0.00018409881272748394, 0.024077046358813692, 0.000268278666888303, 0.012535909857658036, 0.000810372769938191, 0.025945143766159053, 0.00956175377089255, 0.7836734758050812, 0.19406674513316666, 0.6142557849056605, 0.025945143766159053, 0.9777778, 0.021255924963212325, 3
0.0199203187250996, 0.8831168831168832, 0.0, 0.0, 0.0, 0.08675799818602715, 0.0051388542352345185, 0.11396467781588052, 0.012031668213503502, 0.10263775675913138, 0.08346840019018152, 0.08895477843621365, 0.13545817961619697, 0.7040816470283213, 0.08281829063838377, 0.884696037735849, 0.12601928001468288, 0.39533988, 0.9136339044762269, 7
0.05976095617529881, 0.49783549783549785, 0.0, 0.0, 0.0, 0.02054794802026685, 7.842726927321305e-05, 0.019261640265221196, 0.00029927750791503325, 0.03917471601346037, 0.05024311304897174, 0.04447738921810682, 0.022310758320661622, 0.9489795944418992, 0.16069220722725347, 0.5010482358490567, 0.04744254894408785, 0.56150794, 0.2891151121487022, 1
0.8247011952191234, 0.9826839826839826, 0.0, 0.49999999999999994, 0.0, 0.043379007312192776, 0.0008701696570316736, 0.07062600419345119, 0.004816941287922514, 0.09976495404359009, 0.07941653305848083, 0.08673091114358109, 0.13306772934080413, 0.6959183717063723, 0.08529047933186759, 0.8888889056603774, 0.1237953993788332, 0.42162097, 0.9189692379016126, 7
0.8924302788844621, 0.03896103896103895, 0.0, 0.0, 0.0, 0.03424657866391489, 0.00025769314152081885, 0.020866750589622812, 0.00010332340972090755, 0.9728388753728279, 0.9700162153161768, 0.9807264567774169, 0.9601594011206185, 0.6020408248917116, 0.42521629285647766, 0.40880505660377364, 0.9807264567774169, 0.09518399, 0.07051405843493974, 2
0.20717131474103587, 0.5238095238095238, 0.0, 0.0, 0.0, 0.08904110945768622, 0.00030250522729032757, 0.008025679326667073, 1.7814111769350468e-05, 0.04909897992325485, 0.03403565910887892, 0.07487027223965699, 0.035856574848018324, 0.7489795970133277, 0.2657601927695381, 0.5283019056603774, 0.07487027223965699, 0.5872341, 0.07421398511505228, 5
0.6175298804780877, 0.08225108225108224, 0.0, 0.0, 0.0, 0.0319633013648358, 0.00016432505437027285, 0.07544136839298134, 0.0010011515661530555, 0.9610864365233479, 0.9465154938939668, 0.976278762221803, 0.9521913530578919, 0.516326553399, 0.45859082853742184, 0.44025160377358497, 0.976278762221803, 0.113055356, 0.04768408454305423, 2
0.00398406374501992, 0.367965367965368, 0.0, 0.0, 0.0, 0.0821917920810674, 0.0006722338720346421, 0.03049757722303619, 0.000530862088337466, 0.12326978238240545, 0.13371151323915328, 0.13862120801615116, 0.09561753053761055, 0.9224489836251561, 0.23362174976660907, 0.4046121698113208, 0.13862120801615116, 0.35672373, 0.21926938221832948, 1
0.9561752988047809, 0.5281385281385281, 0.0, 0.0, 0.0, 0.00913242248389349, 2.9877056833875424e-05, 0.004815409560687305, 7.481936254931024e-05, 0.0010446591548048363, 0.0, 0.0029651593924005975, 0.0, 0.8673469431611828, 0.1334981416112921, 0.6310272745283019, 0.0029651593924005975, 0.33333334, 0.08242923929843043, 5
0.33067729083665337, 0.21212121212121213, 0.0, 0.0, 0.0, 0.02968036146306321, 0.0004947505461227703, 0.02728729012158235, 0.0007428300361082509, 0.4303995661384332, 0.38978929570331683, 0.5085248146143453, 0.3832669341280298, 0.4571428486413997, 0.6304079110287387, 0.20964360377358499, 0.5085248146143453, 0.3031787, 0.08255068713110497, 4