@relation segment-10-9tst.dat
@attribute Region-centroid-col real [1.0, 254.0]
@attribute Region-centroid-row real [11.0, 251.0]
@attribute Region-pixel-count real [9.0, 10.0]
@attribute Short-line-density-5 real [0.0, 0.33333334]
@attribute Short-line-density-2 real [0.0, 0.22222222]
@attribute Vedge-mean real [0.0, 29.222221]
@attribute Vegde-sd real [0.0, 991.7184]
@attribute Hedge-mean real [0.0, 44.722225]
@attribute Hedge-sd real [-1.5894573e-08, 1386.3292]
@attribute Intensity-mean real [0.0, 143.44444]
@attribute Rawred-mean real [0.0, 137.11111]
@attribute Rawblue-mean real [0.0, 150.88889]
@attribute Rawgreen-mean real [0.0, 142.55556]
@attribute Exred-mean real [-49.666668, 9.888889]
@attribute Exblue-mean real [-12.444445, 82.0]
@attribute Exgreen-mean real [-33.88889, 24.666666]
@attribute Value-mean real [0.0, 150.88889]
@attribute Saturatoin-mean real [0.0, 1.0]
@attribute Hue-mean real [-3.0441751, 2.9124804]
@attribute Class integer [1, 7]
@inputs Region-centroid-col, Region-centroid-row, Region-pixel-count, Short-line-density-5, Short-line-density-2, Vedge-mean, Vegde-sd, Hedge-mean, Hedge-sd, Intensity-mean, Rawred-mean, Rawblue-mean, Rawgreen-mean, Exred-mean, Exblue-mean, Exgreen-mean, Value-mean, Saturatoin-mean, Hue-mean
@outputs Class
@data
0.10714285714285714, 0.4102564102564103, 0.0, 0.0, 0.0, 0.017632240041114362, 0.0006426666406831459, 0.02044609757466044, 0.0003111529163949534, 0.03841094584748714, 0.05128204956416627, 0.04219097107469261, 0.02175664768930985, 0.971943891653849, 0.14214464214557135, 0.4506437800650225, 0.04589193298217567, 0.56415343, 0.314776657444391, 1
0.8650793650793651, 0.8760683760683762, 0.0, 0.49999999999999994, 0.0, 0.10327457187089603, 0.0030155922480835373, 0.0762081806525616, 0.008507378904667186, 0.04577743133734822, 0.042183619494609456, 0.035529238975049886, 0.06043513730511574, 0.8496993954831507, 0.07356608815181506, 0.6995708255217451, 0.05551443860484411, 0.42735383, 0.8574238691572772, 7
0.41666666666666663, 0.55982905982906, 0.0, 0.0, 0.0, 0.08564232457537342, 0.0026893149533738178, 0.07063197100648144, 0.002701714598341597, 0.15180216308299244, 0.12489661166766194, 0.19763138118157944, 0.1281224905066681, 0.6432865598451409, 0.39027433717607535, 0.37553648499696085, 0.19763138118157944, 0.43278608, 0.07621276062970034, 4
0.753968253968254, 0.6068376068376069, 0.0, 0.0, 0.0, 0.047858958888134996, 0.0013545447847336492, 0.026022312908473306, 0.00033391990959567527, 0.13022889906552718, 0.10339122811954203, 0.11472983578630522, 0.17324738780622573, 0.651302602138144, 0.07356608815181506, 0.9120171750907184, 0.1591413853378341, 0.41818407, 0.942947124259731, 7
0.46031746031746035, 0.2991452991452992, 0.0, 0.0, 0.0, 0.14861460978878113, 0.011795417681536717, 0.07620819068973696, 0.01397152243280251, 0.058142595951051076, 0.026468154517709452, 0.09918578977931747, 0.04431909633908867, 0.6412825537809081, 0.33665835086846474, 0.4699570854491703, 0.09918578977931747, 0.7741213, 0.045312878018381186, 3
0.21428571428571427, 0.3931623931623932, 0.0, 0.0, 0.0, 0.05037781638231276, 0.0005536815890382289, 0.15799260106272942, 0.041383335749511176, 0.3538542768506704, 0.3440859878865515, 0.3886010302635161, 0.3255439216313947, 0.6973947776876395, 0.39775561540817544, 0.3047210254839837, 0.3886010302635161, 0.23045462, 0.10888313189611432, 4
0.20634920634920634, 0.5341880341880343, 0.0, 0.49999999999999994, 0.0, 0.03274558948981334, 0.001182748152411502, 0.05947955506004622, 0.002145446665905101, 0.05919494960035238, 0.02812241324454525, 0.09326424939499814, 0.052377115371659025, 0.6452905659093735, 0.30174564430569484, 0.5257510809270757, 0.09326424939499814, 0.73447025, 0.023994547592308235, 3
0.4206349206349206, 0.48290598290598297, 0.0, 0.0, 0.0, 0.31989924080350735, 0.011662307753091058, 0.055762063003550445, 0.002159893735986382, 0.37832152050710843, 0.34491312432192933, 0.4470762690383143, 0.33601932686527536, 0.5170340335099047, 0.5773067643002849, 0.1888411738657914, 0.4470762690383143, 0.31292745, 0.08996502815163193, 4
0.2658730158730158, 0.25641025641025644, 0.0, 0.49999999999999994, 0.0, 0.09571788150422877, 0.003757130607768788, 0.05018589016044658, 0.004530686909968091, 0.16153644144242374, 0.16377170403118094, 0.19541081269734134, 0.1224818765311694, 0.8517034015473832, 0.33291772858533275, 0.25107296999392176, 0.19541081269734134, 0.4235012, 0.17469666746055423, 1
0.7698412698412698, 0.34188034188034194, 0.0, 0.0, 0.0, 0.07808563420870615, 0.003000072878436632, 0.04460967382291618, 0.0025918727290703074, 0.05419626692481348, 0.050454918339706285, 0.07179866966542317, 0.03867848598969793, 0.8456913779438636, 0.2169576186062279, 0.4570815478826282, 0.07179866966542317, 0.51256585, 0.15448045389034748, 5
0.24206349206349206, 0.01709401709401709, 0.0, 0.0, 0.0, 0.11083124863554783, 0.003166982651194726, 0.048327149150786376, 0.0018156807038915148, 0.3209681755862449, 0.28287839787203983, 0.39156182377173815, 0.2812248325445219, 0.503006009096349, 0.5685785932705651, 0.21888414056254557, 0.39156182377173815, 0.35522667, 0.08210461807258518, 4
0.7341269841269841, 0.3162393162393163, 0.0, 0.0, 0.0, 0.13602015455970162, 0.004286068419237345, 0.03717471982145069, 0.0021885032623523465, 0.059984221940722594, 0.047146400886034695, 0.08660251729535542, 0.0435132953786197, 0.7775551014192712, 0.2643391633696311, 0.44849785552782334, 0.08660251729535542, 0.548545, 0.09901009429690583, 5
0.2698412698412699, 0.09829059829059829, 0.0, 0.0, 0.0, 0.05541564018679195, 0.0007265585040326069, 0.03345727125938145, 0.001557520499518728, 0.4119968656983272, 0.37220841825268397, 0.49518877050472815, 0.3601933991926398, 0.4589178215750134, 0.6608478972021323, 0.10729613029342938, 0.49518877050472815, 0.33601543, 0.09249222664770124, 4
0.9047619047619048, 0.41880341880341887, 0.0, 0.0, 0.0, 0.050377829984328215, 0.0013397050799206828, 0.01858737663935094, 0.001115364893226284, 0.1533806935569444, 0.13482215211800735, 0.18578831373640498, 0.13618050736357365, 0.7034067958803374, 0.3229426647579933, 0.4270386198124848, 0.18578831373640498, 0.3500821, 0.07646453911057599, 5
0.36904761904761907, 0.17948717948717952, 0.0, 0.0, 0.0, 0.08312339907111836, 0.009106095520405429, 0.07063196096930607, 0.0035213375823912375, 0.18679296454262628, 0.18362281470854516, 0.22945967823434252, 0.14343272326001028, 0.8036072073084042, 0.385286799651433, 0.2124463592256261, 0.22945967823434252, 0.42569095, 0.15640856532581238, 1
0.7817460317460317, 0.4487179487179488, 0.0, 0.0, 0.0, 0.1586901712516416, 0.010885785341236595, 0.2788104153895058, 0.11055797315634959, 0.2794001638184779, 0.26385443107422174, 0.3182827706756682, 0.2522159689587754, 0.6813627111377059, 0.39526186347877235, 0.32618025154266955, 0.3182827706756682, 0.2727516, 0.09847012519262749, 4
0.5476190476190477, 0.4700854700854702, 0.0, 0.0, 0.0, 0.030226696630395383, 0.0005932311949607631, 0.08921933760865701, 0.0077408766576217945, 0.027887400120061568, 0.011579817787602094, 0.05181347136797536, 0.017727638535635467, 0.7635270499516065, 0.24064837976598408, 0.5042918471430677, 0.05181347136797536, 0.85319865, 0.06317100057141084, 3
0.33333333333333337, 0.7606837606837608, 0.0, 0.0, 0.0, 0.14861468233286354, 0.004410505012861843, 0.07434943964290137, 0.003707642208287507, 0.43620101383904575, 0.3995037121834386, 0.5099926314581246, 0.3916196584075773, 0.472945900096787, 0.6209476306708293, 0.1609442244101021, 0.5099926314581246, 0.29957896, 0.08667999017211042, 6
0.40476190476190477, 0.22649572649572652, 0.0, 0.0, 0.0, 0.045340051519900545, 0.0015424077754084128, 0.029739792585786146, 0.0016999562014405885, 0.7513812727677104, 0.7080231534479825, 0.8319762940930888, 0.7058823665924063, 0.31462924066168363, 0.754364093931319, 0.1008583489565098, 0.8319762940930888, 0.23914346, 0.07526596961450005, 2
0.4642857142857143, 0.5897435897435899, 0.0, 0.0, 0.0, 0.22921913776370625, 0.014787704847136813, 0.00185873445203898, 0.00027884084935395846, 0.02394106967314513, 0.022332505095161038, 0.025906735350901076, 0.023368251785912553, 0.8717434820293893, 0.12842893246901463, 0.5815450735079853, 0.025906735350901076, 0.08501683, 0.06552901627908941, 5
0.123015873015873, 0.3632478632478633, 0.0, 0.0, 0.0, 0.03274559493061952, 0.0014256075605638496, 0.02230483691145809, 0.0007482088950519923, 0.008681926130808863, 0.0008271298100679995, 0.01850481086976174, 0.005640612525055499, 0.8316633228689844, 0.16334164913153534, 0.5643776897640408, 0.01850481086976174, 0.9777778, 0.04380612322704969, 3
0.9365079365079365, 0.4401709401709403, 0.0, 0.0, 0.0, 0.01511334672829589, 0.0004745847530835854, 0.026022304878733016, 0.00015178195591559736, 0.035516971180890276, 0.04631927040599155, 0.04145077802702279, 0.018533440946547613, 0.9579158311681479, 0.15211970597291075, 0.44849785552782334, 0.04441154622066281, 0.61706346, 0.2866600708097559, 1
0.8492063492063492, 0.5811965811965812, 0.0, 0.0, 0.0, 0.007556675404450262, 0.0007444991462811709, 0.003717472985862605, 0.0003527092559418765, 0.0007892660183493459, 0.0, 0.0022205774109591223, 0.0, 0.8857715399900402, 0.11845386976386975, 0.583690996306987, 0.0022205774109591223, 0.22222222, 0.08950025558161051, 5
0.7103174603174603, 0.6282051282051283, 0.0, 0.0, 0.0, 0.12090674208833105, 0.01910202820956101, 0.44795538890424386, 0.019799897444776678, 0.2996579928777107, 0.271298569662602, 0.34196890556601706, 0.2812248325445219, 0.5811623357817843, 0.418952635860474, 0.3927038697065706, 0.34196890556601706, 0.28552282, 0.04561609288673546, 6
0.047619047619047616, 0.55982905982906, 0.0, 0.49999999999999994, 0.0, 0.040302273055472876, 0.0012655588788359953, 0.03717472651290093, 0.0015178187395338094, 0.07524335695898578, 0.059553346920429434, 0.10436713844831338, 0.0588235353841778, 0.75150300094096, 0.281795516651016, 0.4463519309906242, 0.10436713844831338, 0.48786426, 0.08676734919037582, 4
0.4365079365079365, 0.09829059829059829, 0.0, 0.0, 0.0, 0.5012593879410426, 0.029563362061141005, 0.03717475327870188, 0.0021885022378246408, 0.45908974122832036, 0.4334160082671956, 0.5225758439864977, 0.41498789351339327, 0.5450901905534519, 0.5760598490587745, 0.1609442244101021, 0.5225758439864977, 0.27165923, 0.09996289124461183, 4
0.06349206349206349, 0.8076923076923078, 0.0, 0.0, 0.0, 0.1158690089639549, 0.00321660245533593, 0.09293679620790161, 0.0023528645538514817, 0.4112076075647455, 0.3829610951384072, 0.4796447111742762, 0.364222382238337, 0.543086148417074, 0.586034912886114, 0.14592274106172498, 0.4796447111742762, 0.30252522, 0.10001566437568898, 6
0.873015873015873, 0.7435897435897437, 0.0, 0.0, 0.0, 0.03778336115323328, 0.0026843298547450005, 0.03345727125938145, 0.0024436413968615643, 0.12286241641702378, 0.1083540020667989, 0.09400444111032154, 0.1684125602867642, 0.7434869712732077, 0.0037406559489681773, 0.9334764397760151, 0.1547002150606974, 0.41042024, 0.8717471521242455, 7
0.6984126984126984, 0.11965811965811966, 0.0, 0.0, 0.0, 0.05289666934248538, 0.0029364951184795156, 0.03717470978427534, 0.0015178109531232473, 0.8897659055119285, 0.8610421210400933, 0.934122930674485, 0.8694600776030614, 0.372745452596575, 0.6147132452363487, 0.2789699773895271, 0.934122930674485, 0.17494753, 0.05631544513091147, 2
0.6111111111111112, 0.14529914529914534, 0.0, 0.0, 0.0, 0.04785890448007317, 0.001532674499808327, 0.04089214830916922, 0.0011153655079429072, 0.2701920693870914, 0.2655086816124724, 0.2938563974378712, 0.24899276511689958, 0.7635270499516065, 0.3154613416381116, 0.37553648499696085, 0.2938563974378712, 0.22118697, 0.1167340906330987, 4
0.6150793650793651, 0.7222222222222223, 0.0, 0.0, 0.0, 0.05793450674898002, 0.0020664225283531824, 0.04460967047719106, 0.0017303141867888179, 0.13812155853868122, 0.11331678345822416, 0.12139155456248375, 0.18049960370266233, 0.6633266385235397, 0.06982543893601416, 0.9055794323804096, 0.1658031174374768, 0.3882103, 0.9393379165438964, 7
0.7936507936507936, 0.5341880341880343, 0.0, 0.0, 0.0, 0.03274558948981334, 0.0013098190212185703, 0.014869889601442835, 0.0007054186348270777, 0.007366482648503382, 0.005789908893801047, 0.012583271151615626, 0.003223207105373029, 0.8777555074365163, 0.1396508778720283, 0.5557939993405665, 0.012583271151615626, 0.8148148, 0.13760760550625395, 5
0.6388888888888888, 0.22649572649572652, 0.0, 0.0, 0.0, 0.08312345801318535, 0.005902646154634695, 0.05204462447865656, 0.0019731642794317355, 0.40331495519498567, 0.38709675498279134, 0.45447815288288784, 0.36341658853008385, 0.6332665295239778, 0.4962593496620046, 0.20386265721416846, 0.45447815288288784, 0.26505277, 0.11022682279580859, 4
0.3015873015873016, 0.06410256410256411, 0.0, 0.0, 0.0, 0.030226702524602078, 0.0017796902212621373, 0.03159850013819517, 0.001582283457104818, 0.8024204389656122, 0.7394540774464478, 0.8734270901067882, 0.7864624916481668, 0.15430857516234753, 0.7219451392979522, 0.328326191530513, 0.8734270901067882, 0.24233662, 0.03289223304900862, 2
0.23015873015873015, 0.7094017094017094, 0.0, 0.49999999999999994, 0.0, 0.07556674951049748, 0.003203449098816753, 0.08921933760865701, 0.004280246234988748, 0.13943700060030784, 0.12737798375295367, 0.11917099273997774, 0.17324738780622573, 0.7555110202838543, 0.05236907892146198, 0.8369098935419705, 0.1591413853378341, 0.28569087, 0.8959765900423897, 7
0.5793650793650793, 0.4316239316239317, 0.0, 0.0, 0.0, 0.022670021225945122, 0.0012754465873137063, 0.03903346752256114, 0.0012522000964080573, 0.04340963065404431, 0.05293630754658524, 0.05107327832030554, 0.02578565684298423, 0.9458917821575014, 0.16334164913153534, 0.4420600935042092, 0.05181347136797536, 0.54473305, 0.2648113355857149, 1
0.3134920634920635, 0.5555555555555556, 0.0, 0.0, 0.49999999999999994, 0.20654911200375597, 0.012105405444366255, 0.25092938388773056, 0.012525524724670986, 0.09550119312161287, 0.07361455465932731, 0.1339748270464458, 0.07493956909798898, 0.6993987837518721, 0.33541148051473585, 0.40987125441618044, 0.1339748270464458, 0.53272784, 0.09553926778457339, 3
0.5198412698412699, 0.7094017094017094, 0.0, 0.0, 0.0, 0.10831236393733916, 0.005778299791455551, 0.15985128519506264, 0.00587025012307139, 0.2930807896729718, 0.2812241547779576, 0.33012584478257473, 0.26430296886137816, 0.7034067958803374, 0.39027433717607535, 0.31115878750759784, 0.33012584478257473, 0.2656194, 0.10757963744124682, 6
0.996031746031746, 0.7564102564102565, 0.0, 0.0, 0.0, 0.0982367798044529, 0.005361278431933676, 0.0855018555893366, 0.0031645677338318005, 0.33754278107971164, 0.31513648063838806, 0.39452256398610336, 0.29734085175390124, 0.6112224447813464, 0.5049875319136697, 0.2124463592256261, 0.39452256398610336, 0.3074729, 0.10346286253286552, 6
0.7936507936507936, 0.20512820512820518, 0.0, 0.0, 0.0, 0.01763225046932621, 0.0008748906823450519, 0.014869896627465585, 0.000557682456858419, 0.04314654437273726, 0.029776673460214717, 0.07031827957304426, 0.02659145852867479, 0.7795591110907183, 0.26184540021828256, 0.4506437800650225, 0.07031827957304426, 0.65353537, 0.0988810326438434, 5
0.28968253968253965, 0.41880341880341887, 0.0, 0.0, 0.49999999999999994, 0.13350128799751357, 0.011005595088473888, 0.20631971006481437, 0.01275435073374113, 0.1981057804794038, 0.12737798375295367, 0.2945965824914625, 0.16196615985522836, 0.30861724050505834, 0.6608478972021323, 0.26824035470353147, 0.2945965824914625, 0.62207055, 0.051421080823095155, 3
0.8888888888888888, 0.2905982905982906, 0.0, 0.0, 0.0, 0.040302286657488334, 0.00138420604148892, 0.03531587174858669, 0.0010397037270781135, 0.6437779913689498, 0.5550041411908615, 0.778682437295947, 0.5834004465479415, 0.022044102778704056, 0.9950125185850848, 0.0, 0.778682437295947, 0.36206177, 0.062265027304400034, 2
0.1706349206349206, 0.7393162393162394, 0.0, 0.0, 0.0, 0.11083124863554783, 0.00731651719023461, 0.10408924226586289, 0.015451398198572936, 0.23677979840140953, 0.22084365653381358, 0.27535161121651824, 0.21031426099666187, 0.6933867655591743, 0.38029926212679055, 0.33905579490320326, 0.27535161121651824, 0.29986525, 0.09960579243007744, 6
0.746031746031746, 0.2820512820512821, 0.0, 0.0, 0.0, 0.055415581244724975, 0.00174014459295391, 0.061338296069706436, 0.0007057822806908801, 0.3049197753310057, 0.29363107475776307, 0.34344930898186016, 0.27397261664808525, 0.7034067958803374, 0.40149628257908904, 0.29184548212345, 0.34344930898186016, 0.26725134, 0.11284121086377169, 4
0.4484126984126984, 0.7692307692307693, 0.0, 0.0, 0.0, 0.17380356105298642, 0.007894097754276335, 0.13197027711336323, 0.0034938681504559916, 0.4056827295957309, 0.3821339661471977, 0.4670614653372425, 0.3618050011135778, 0.5791582936454065, 0.5486284431719957, 0.1716738277827924, 0.4670614653372425, 0.28835976, 0.10433626444177307, 6
0.2222222222222222, 0.18376068376068377, 0.0, 0.0, 0.0, 0.02518893766218987, 0.0010776559785411713, 0.029739834741922638, 0.0017635467919732354, 0.8737174910499008, 0.8378825390629013, 0.9156180378654184, 0.8630136916759573, 0.32665327704707936, 0.5972568582891276, 0.3583691002873511, 0.9156180378654184, 0.1809723, 0.038480028391680854, 2
0.373015873015873, 0.33760683760683763, 0.0, 0.0, 0.0, 0.03274560989283653, 0.0007613136965544784, 0.014869896627465585, 0.0008803360041063071, 0.14364640809411883, 0.11910669384085887, 0.1917098541207243, 0.1152296533825169, 0.6633266385235397, 0.3990024969838497, 0.33905579490320326, 0.1917098541207243, 0.45154575, 0.0912892703733374, 5
0.8174603174603174, 0.5940170940170941, 0.0, 0.0, 0.49999999999999994, 0.5289672828455235, 0.3360061655691299, 0.03159850816793546, 0.001403980474550988, 0.061825840826999885, 0.0438378811991126, 0.09252405767967475, 0.04593070188613455, 0.7394789411086699, 0.2855361613780388, 0.4527897065335521, 0.09252405767967475, 0.77151674, 0.09467390516463126, 5
0.7222222222222222, 0.7777777777777779, 0.0, 0.0, 0.0, 0.13853903472390516, 0.008689872887192723, 0.15241635795939806, 0.005626791809310806, 0.08497764242181134, 0.06617038629427364, 0.06365654747340153, 0.12651088133351426, 0.7254508986590414, 0.02992518811543464, 0.9077253530549478, 0.11621021921695204, 0.51518697, 0.8912936006695014, 7
0.3571428571428571, 0.20085470085470086, 0.0, 0.0, 0.0, 0.08564222482726008, 0.0034995635302421486, 0.06319696012768893, 0.0014754886151920044, 0.8771376333067359, 0.8362282661921456, 0.9282013836284336, 0.8614021042594512, 0.2885771618266595, 0.644638436718367, 0.31759656884451737, 0.9282013836284336, 0.19369136, 0.042618473608256935, 2
0.7976190476190476, 0.33333333333333337, 0.0, 0.0, 0.0, 0.12090680556440317, 0.017203698967742348, 0.1152416414836725, 0.023920828597027127, 0.04814522704827615, 0.023986765310830504, 0.0792005934803893, 0.03787268357878579, 0.6993987837518721, 0.28304239822669025, 0.5000000096566527, 0.0792005934803893, 0.7601911, 0.044621292066238494, 3
0.6785714285714286, 0.33333333333333337, 0.0, 0.0, 0.0, 0.0, 0.0, 0.0, 0.0, 0.0, 0.0, 0.0, 0.0, 0.8917835643150027, 0.11097257245446246, 0.590128764897125, 0.0, 0.0, 0.4838198860379013, 5
0.7817460317460317, 0.4316239316239317, 0.0, 0.0, 0.0, 0.025188914992164108, 0.0007909747664419627, 0.014869888597725301, 6.071278236623895e-05, 0.013943700060030784, 0.004962779158174732, 0.03256846878289022, 0.002417405347160311, 0.821643283529785, 0.20947631793023697, 0.4957081586509239, 0.03256846878289022, 0.94074076, 0.10370931286672197, 5
0.23015873015873015, 0.49572649572649574, 0.0, 0.0, 0.0, 0.015113350808900524, 0.00023729233382915586, 0.011152414273572648, 0.00018213822005728135, 0.03709550378586051, 0.053763438771045224, 0.036269432022719705, 0.02175664768930985, 1.0, 0.11845386976386975, 0.46137339888835704, 0.04811251012666551, 0.5813492, 0.36686000999733587, 1
0.4841269841269841, 0.05982905982905984, 0.0, 0.0, 0.0, 0.04534011046196752, 0.0018983300426806023, 0.035315915243013224, 0.0018593469762857695, 0.9123914947651179, 0.88751027853547, 0.9518875051953184, 0.8936341426782098, 0.392785567347119, 0.5972568582891276, 0.2875536407743739, 0.9518875051953184, 0.16561614, 0.056226109238310285, 2
0.7936507936507936, 0.4871794871794872, 0.0, 0.0, 0.0, 0.010075568263868219, 0.0014531136177496633, 0.11524165152084785, 0.007795592379358021, 0.01631149861231642, 0.018196855672612623, 0.017024426772941723, 0.013698629381961083, 0.8997995966881659, 0.11970075246173854, 0.56652361430124, 0.017764619154438336, 0.09656084, 0.27645638685736285, 5
0.3650793650793651, 0.5128205128205129, 0.0, 0.0, 0.0, 0.10327457187089603, 0.003371528130008724, 0.018587359910725344, 0.0007892656543991427, 0.01552223195466159, 0.005789908893801047, 0.03256846878289022, 0.006446414210746058, 0.8156312563190508, 0.20199501725424607, 0.5150214678977327, 0.03256846878289022, 0.88800704, 0.08637884631496501, 5
0.123015873015873, 0.5000000000000001, 0.0, 0.49999999999999994, 0.0, 0.04785894075211439, 0.0026645918914330194, 0.05762082074183625, 0.0020452571999965167, 0.013943700060030784, 0.004962779158174732, 0.028127313827737338, 0.007252215896436616, 0.821643283529785, 0.18703242375762602, 0.5343347732818806, 0.028127313827737338, 0.6768879, 0.07857350630669974, 3
0.7063492063492063, 0.6282051282051283, 0.0, 0.0, 0.0, 0.14105786501405201, 0.01538445911386228, 0.4330855812730664, 0.019253449200586643, 0.2946593059401353, 0.2655086816124724, 0.33678757688221744, 0.2771957914810976, 0.5771542875811738, 0.41645885026523466, 0.4012875524047228, 0.33678757688221744, 0.29110643, 0.04413078247510316, 6
0.2936507936507936, 0.7820512820512822, 0.0, 0.0, 0.0, 0.08060453704293545, 0.003216603790105831, 0.05018588012327123, 0.0014163366884908143, 0.10339384549137268, 0.09015714937185362, 0.07846040176506588, 0.14343272326001028, 0.759519028805105, 0.01745636450333035, 0.892703889019876, 0.1317542652239398, 0.4115727, 0.8708490298724538, 7
0.20634920634920634, 0.5042735042735044, 0.0, 0.0, 0.0, 0.07052897558007495, 0.0026893141525118768, 0.01672862759995044, 0.0007057854567267672, 0.038147858145501236, 0.02729528425333577, 0.059955588896784526, 0.024979854432072082, 0.7995991951799389, 0.23316709031193858, 0.47854077973530573, 0.059955588896784526, 0.6304714, 0.09823519721204232, 5
0.75, 0.13675213675213677, 0.0, 0.0, 0.0, 0.020151171892976622, 0.001028274030396448, 0.03717466628984879, 0.0007892753054501288, 0.9642199901305439, 0.9602977190919246, 0.9748335083259326, 0.9564867046213803, 0.5270541179392856, 0.4675810734214968, 0.36695280229880867, 0.9748335083259326, 0.11839892, 0.057840255374509375, 2
0.8015873015873016, 0.764957264957265, 0.0, 0.0, 0.0, 0.11838792540019964, 0.005140099317558845, 0.1710037145243983, 0.007001075856543582, 0.2915022520956256, 0.27543422950698615, 0.3316062348749536, 0.2634971969097728, 0.6733466868807755, 0.40523690486222097, 0.31759656884451737, 0.3316062348749536, 0.27541482, 0.09876226956470169, 6
0.45238095238095233, 0.8034188034188036, 0.0, 0.0, 0.0, 0.13853903472390516, 0.005201353777025086, 0.09851299247108129, 0.0035991033333521165, 0.13864772825993762, 0.11497104888481147, 0.11769060930933095, 0.18452860850500719, 0.6713426808165428, 0.04862843419443923, 0.9334764397760151, 0.16950407601409384, 0.39386794, 0.9206868979358607, 7
0.26190476190476186, 0.3760683760683761, 0.0, 0.0, 0.0, 0.030226704791604657, 0.001542400674432536, 0.03717471982145069, 0.001973165242487779, 0.015259142121657417, 0.0008271298100679995, 0.03774981412102009, 0.0048348108393649405, 0.7815631225657728, 0.22942643436297042, 0.5042918471430677, 0.03774981412102009, 0.9876543, 0.07235405254531985, 3
0.39682539682539686, 0.1495726495726496, 0.0, 0.0, 0.0, 0.07304790108433001, 0.0028372950193861985, 0.04460969055154178, 0.0017810951074191687, 0.43225469475756007, 0.394540923347845, 0.5048112694656646, 0.3900080709910711, 0.46693386386801655, 0.6134663748826199, 0.18025752979424992, 0.5048112694656646, 0.30477422, 0.08289482181301966, 4
0.7420634920634921, 0.10256410256410257, 0.0, 0.0, 0.0, 0.04785890448007317, 0.0015326779969054697, 0.02602224900512354, 0.001196091898086131, 0.8821363628646767, 0.8478080348482365, 0.9348631157280763, 0.8581789004175753, 0.33466930130400985, 0.6546134668798702, 0.25107296999392176, 0.9348631157280763, 0.18839076, 0.056793754583289, 2
0.9087301587301587, 0.46153846153846156, 0.0, 0.0, 0.0, 0.030226704791604657, 0.00023729253671418094, 0.013011154614087838, 0.00031115293688550747, 0.0413049233554417, 0.05293630754658524, 0.04589193298217567, 0.024979854432072082, 0.9619238451002204, 0.1471321751814356, 0.4527897065335521, 0.048852703174335335, 0.53174603, 0.2977276488468703, 1
0.25396825396825395, 0.6196581196581197, 0.0, 0.0, 0.0, 0.1360201862977377, 0.010796812249129997, 0.09293681628225232, 0.0008803346517297358, 0.16232571378279398, 0.13564928110921684, 0.21021465366554146, 0.13618050736357365, 0.6412825537809081, 0.4039900232865467, 0.35407725893827496, 0.21021465366554146, 0.4260139, 0.0811539674455865, 4
0.6666666666666666, 0.6153846153846154, 0.0, 0.49999999999999994, 0.0, 0.10327455826888057, 0.0037927379974820904, 0.05390334541396606, 0.0024212661215837765, 0.1457511224961157, 0.1513647617188704, 0.14877868799984226, 0.13698630832404263, 0.8817635231721961, 0.1720698336275896, 0.4957081586509239, 0.14877868799984226, 0.15127982, 0.18320711147594376, 4
0.33333333333333337, 0.5341880341880343, 0.0, 0.0, 0.0, 0.2468513714572134, 0.01273030466923868, 0.10223049121902732, 0.005488285908799618, 0.0705077655371299, 0.044665010190322076, 0.10066617320996427, 0.06285254018652264, 0.6793587050734733, 0.2855361613780388, 0.5171673905036014, 0.10066617320996427, 0.627944, 0.028608233399197713, 3
0.2222222222222222, 0.48290598290598297, 0.0, 0.49999999999999994, 0.0, 0.1335012743954981, 0.004688966578429478, 0.08178439029864176, 0.0034468187646347383, 0.11707446424247236, 0.07526881264174627, 0.17246484953711955, 0.09750201774776777, 0.5470941966176845, 0.42768079566824835, 0.4141630957652565, 0.17246484953711955, 0.6133847, 0.04772136991743248, 3
0.7222222222222222, 0.32478632478632485, 0.0, 0.0, 0.0, 0.05541560844875588, 0.0010282683709720648, 0.013011166993270776, 0.0002200840624982391, 0.17100763849292397, 0.13234078003271563, 0.2324204384339041, 0.14182110683464053, 0.5511021726740045, 0.4750623404316515, 0.328326191530513, 0.2324204384339041, 0.48999, 0.0691611180824695, 5
0.0992063492063492, 0.5085470085470086, 0.0, 0.0, 0.0, 0.050377829984328215, 0.0026196372949659954, 0.053903355451141416, 0.0021778184629113284, 0.061825840826999885, 0.02729528425333577, 0.1058475218789602, 0.04754230235662931, 0.6192384690382768, 0.35286783379612074, 0.46566523637477203, 0.1058475218789602, 0.772831, 0.042693839588885396, 3
0.27380952380952384, 0.41880341880341887, 0.0, 0.0, 0.0, 0.03274558722281076, 0.0006426669343325243, 0.02416356621108039, 0.00031115295737606165, 0.038937124803156066, 0.05293630754658524, 0.04219097107469261, 0.02175664768930985, 0.9799599213216013, 0.1396508778720283, 0.4463519309906242, 0.047372316412822475, 0.58002645, 0.3235608778451693, 1
0.123015873015873, 0.5726495726495727, 0.0, 0.0, 0.0, 0.02518891952616926, 0.0006723280042200085, 0.024163571898813095, 0.0003111525680555335, 0.038674037101170164, 0.0306038024514242, 0.057735013750814315, 0.02578565684298423, 0.8196392738583378, 0.2194513817575764, 0.48068670427250487, 0.057735013750814315, 0.5783389, 0.10996418091977367, 1
0.16666666666666666, 0.7350427350427351, 0.0, 0.0, 0.0, 0.06549120164965244, 0.0009190288534540107, 0.027881048230400815, 0.0021052044470649587, 0.10812944401662279, 0.09842844672811679, 0.08512213386470861, 0.14262692229954133, 0.7835671286300054, 0.028678304295371312, 0.8476394969146608, 0.1310140735086164, 0.35552603, 0.8676127171384649, 7
0.2936507936507936, 0.5256410256410257, 0.0, 0.0, 0.9999999999999999, 0.14609573869258788, 0.010356937760213392, 0.18401488151766907, 0.004977136742176066, 0.11733754555140345, 0.07361455465932731, 0.1650629257221534, 0.10797743748608028, 0.5330661000598382, 0.3890274556004011, 0.4957081586509239, 0.1650629257221534, 0.60921985, 0.024518833493522907, 3
0.6666666666666666, 0.20085470085470086, 0.0, 0.0, 0.0, 0.0, 0.0, 0.0, 0.0, 0.0, 0.0, 0.0, 0.0, 0.8917835643150027, 0.11097257245446246, 0.590128764897125, 0.0, 0.0, 0.4838198860379013, 5
0.876984126984127, 0.623931623931624, 0.0, 0.0, 0.0, 0.0629723124174386, 0.008117365783547305, 0.3011152272080255, 0.0635662764411391, 0.29860564633180364, 0.26799006114193247, 0.3478904392886043, 0.2747784103563384, 0.5651302692318507, 0.4538653424232438, 0.3497853982758935, 0.3478904392886043, 0.30841646, 0.05412365631380711, 6
0.6587301587301587, 0.8290598290598291, 0.0, 0.0, 0.0, 0.060453405049204156, 0.0017796927573249504, 0.024163552828179915, 0.0014595948300282922, 0.15995791096847178, 0.13151365104150617, 0.13915618903890592, 0.21031426099666187, 0.6292585173955125, 0.05610972701506836, 0.9656652692073913, 0.19319023088963902, 0.39033788, 0.933679518546376, 7
0.18650793650793648, 0.4145299145299146, 0.0, 0.49999999999999994, 0.0, 0.060453405049204156, 0.0036780321433948645, 0.05204461109575609, 0.0035213394265411076, 0.02709813346240674, 0.008271298845096833, 0.04811251012666551, 0.022562450100221995, 0.7454909773374403, 0.22568578963594765, 0.5493562295916302, 0.04811251012666551, 0.86766475, 0.025238208650613825, 3
0.9246031746031745, 1.0000000000000002, 0.0, 0.0, 0.49999999999999994, 0.07304786934629394, 0.0064761447253630835, 0.08921934764583236, 0.00308494492395187, 0.16232571378279398, 0.147229116762823, 0.14137675086141194, 0.19983883400613348, 0.7254508986590414, 0.05610972701506836, 0.8626609609497325, 0.18356772526697057, 0.28660962, 0.91357909333012, 7
0.7341269841269841, 0.2777777777777778, 0.0, 0.0, 0.0, 0.060453373311168096, 0.001898340186931855, 0.04460967047719106, 0.0014571009246874807, 0.28781902142646526, 0.2812241547779576, 0.3175425722986127, 0.2618855659799712, 0.7434869712732077, 0.35162096344239196, 0.33476395355412714, 0.3175425722986127, 0.24472968, 0.11806085572300412, 4
0.09523809523809523, 0.32051282051282054, 0.0, 0.0, 0.0, 0.02770784684402637, 0.0009986113053942858, 0.042751003073483465, 0.0005843606255561265, 0.8034728423386731, 0.7866004373895564, 0.8549223305323637, 0.7639000937638993, 0.48897793057457534, 0.6234414274880139, 0.13948495972480546, 0.8549223305323637, 0.18178941, 0.09250828639825731, 2
0.6190476190476191, 0.8717948717948719, 0.0, 0.49999999999999994, 0.0, 0.10327457187089603, 0.009422490712671025, 0.07063197769793167, 0.008348005423849673, 0.10576164830569486, 0.08519437542459675, 0.09030347587197243, 0.14262692229954133, 0.7054108199806426, 0.06608479084240779, 0.8669528022988087, 0.1310140735086164, 0.42601216, 0.9279003241132541, 7
0.35317460317460314, 0.16666666666666669, 0.0, 0.0, 0.0, 0.03778337475524874, 0.0010898350865091069, 0.02788108503337712, 0.0013488589578811538, 0.7813733659795861, 0.7287013410073776, 0.8467801950168778, 0.7614826691258447, 0.23647295004839353, 0.687032421513237, 0.3004291841349076, 0.8467801950168778, 0.22967392, 0.04217787538725559, 2
0.4007936507936508, 0.7692307692307693, 0.0, 0.49999999999999994, 0.0, 0.09319899680602008, 0.004202051327775708, 0.06877324003399657, 0.00777882004119626, 0.06051039166197902, 0.047146400886034695, 0.04589193298217567, 0.0894439936386463, 0.7735470928980205, 0.05610972701506836, 0.8111588261342086, 0.0821613603416829, 0.5016835, 0.8955787864439136, 7
0.6825396825396826, 0.1495726495726496, 0.0, 0.0, 0.0, 0.04534011046196752, 0.002029158048502335, 0.03159854363262172, 0.0019518875642314838, 0.7632202158053789, 0.704714585373966, 0.8378978744478007, 0.7389201914672023, 0.20040080482006106, 0.7281795696202144, 0.26824035470353147, 0.8378978744478007, 0.2473368, 0.043768506132546514, 2
0.08333333333333333, 0.5427350427350428, 0.0, 0.0, 0.0, 0.017632244121718998, 0.0002867283294767382, 0.03159851352109565, 0.0007664981899156763, 0.035780059593215605, 0.04880065737961998, 0.03849000716868991, 0.02014504359270714, 0.9739478905036525, 0.13591022977842193, 0.4592274743511579, 0.04367135317299299, 0.57473546, 0.3276069559618293, 1
0.4484126984126984, 0.7179487179487181, 0.0, 0.0, 0.0, 0.04785891808208862, 0.0020614237082897755, 0.15799256760547825, 0.0020903809655046647, 0.1410155310742598, 0.1083540020667989, 0.12657290989321177, 0.18855761330735202, 0.6052104085525758, 0.08229426703689662, 0.9463519638232434, 0.17320503459071085, 0.44994184, 0.955785755773179, 7
0.7738095238095238, 0.3846153846153847, 0.0, 0.0, 0.0, 0.1687657508505227, 0.041812897828169195, 0.12267657541078729, 0.029506399968444546, 0.029465930594013527, 0.012406946778811575, 0.05551443860484411, 0.017727638535635467, 0.7575150191336578, 0.25187032516899777, 0.49141631730184776, 0.05551443860484411, 0.88604844, 0.06859392459448183, 3
0.6984126984126984, 0.7264957264957266, 0.0, 0.0, 0.0, 0.1183879480702254, 0.0048221702077222315, 0.10408923557441264, 0.004665905715788843, 0.34832940598505, 0.3275434080623619, 0.4041450895939681, 0.30781626423999786, 0.6192384690382768, 0.5024937912062121, 0.20815447924993924, 0.4041450895939681, 0.30003616, 0.1061077321203483, 6
0.7857142857142857, 0.8547008547008548, 0.0, 0.0, 0.0, 0.07052898464808527, 0.0025584710637902553, 0.15799256760547825, 0.005419857088630356, 0.1636411558444206, 0.12737798375295367, 0.15025906476875694, 0.21353747209075366, 0.5711422513524034, 0.09476309625997362, 0.9613733892317043, 0.19615100441266473, 0.42076695, 0.9659981191452748, 7
0.7222222222222222, 0.12393162393162395, 0.0, 0.0, 0.0, 0.02267008243501467, 0.0003262766807155648, 0.03345725118503074, 0.0015481779543152852, 0.7032360293816274, 0.6327543110295627, 0.8090303242711349, 0.6567284717427198, 0.13426851452002142, 0.8665835928492374, 0.1008583489565098, 0.8090303242711349, 0.30001867, 0.05934893055805279, 2
0.4126984126984127, 0.5170940170940171, 0.0, 0.0, 0.0, 0.015113348995298464, 0.00047458485986517755, 0.013011152606652766, 0.00022008371415881923, 0.0049986848065571715, 0.0008271298100679995, 0.012583271151615626, 0.0008058017582127174, 0.85971943482235, 0.15087282327504198, 0.5557939993405665, 0.012583271151615626, 0.962963, 0.08950025558161051, 3
0.4642857142857143, 0.7521367521367522, 0.0, 0.0, 0.0, 0.1410578876840778, 0.007872335665799245, 0.17472123669242012, 0.0070276818165286034, 0.42330968873849895, 0.3895781345122514, 0.501110277580387, 0.37147459813477357, 0.4989979608957385, 0.6371571360423761, 0.10515022893219667, 0.501110277580387, 0.31901047, 0.09841354893187593, 6
0.1746031746031746, 0.49572649572649574, 0.0, 0.0, 0.0, 0.012594457949482569, 0.00016808218124893885, 0.05947955506004622, 0.003794547770909458, 0.009997369613114343, 0.005789908893801047, 0.01850481086976174, 0.0048348108393649405, 0.8577154287581175, 0.1571072356421914, 0.5472103069857616, 0.01850481086976174, 0.77037036, 0.09760559097716892, 5
0.623015873015873, 0.7051282051282052, 0.0, 0.49999999999999994, 0.0, 0.07052897558007495, 0.0023333754408744987, 0.10966544187476769, 0.0069592011552574405, 0.1510129049494107, 0.13482215211800735, 0.12065136284716035, 0.19983883400613348, 0.7214428684945036, 0.004987526302697026, 0.954935665834701, 0.18356772526697057, 0.3588616, 0.8818152036698317, 7
0.3134920634920635, 0.47435897435897445, 0.0, 0.0, 0.49999999999999994, 0.08816120473957695, 0.0030155922480835373, 0.03531598550324072, 0.0005843601337828278, 0.021047093585869415, 0.004135649422548416, 0.04367135317299299, 0.012892828421492116, 0.7615230384765521, 0.23192020873626432, 0.521459233784008, 0.04367135317299299, 0.93570626, 0.052842961809611955, 3
0.28174603174603174, 0.764957264957265, 0.0, 0.0, 0.0, 0.14609571148855696, 0.006233162411598189, 0.15427513242630947, 0.006876702086296993, 0.43172853213969786, 0.39784943186851457, 0.5070318579350989, 0.3827558550946345, 0.49498996680334584, 0.6271820609930913, 0.1266094356775772, 0.5070318579350989, 0.30925295, 0.0958726441070788, 6
0.8690476190476191, 0.7692307692307693, 0.0, 0.0, 0.0, 0.05541562205077134, 0.003761290818598363, 0.09851302592833248, 0.003127500116540027, 0.10470929465639355, 0.08684863340701572, 0.0829015587187384, 0.14585011163698539, 0.7254508986590414, 0.033665836209041025, 0.9012875524047228, 0.1339748270464458, 0.43448815, 0.8968481280412093, 7
0.9563492063492063, 0.14102564102564102, 0.0, 0.0, 0.0, 0.05541569459485377, 0.0005536798805327547, 0.04275104322218488, 0.0025878963321395877, 0.9579058540279478, 0.9495450645387065, 0.973353071601429, 0.9492344887249436, 0.4969939548315059, 0.49002497544946955, 0.36051502096188914, 0.973353071601429, 0.1269675, 0.054851748545349965, 2
0.12698412698412698, 0.33333333333333337, 0.0, 0.0, 0.0, 0.02518892133977132, 0.0007265561014467838, 0.013011146918920063, 0.0007984793345077836, 0.10523547148104419, 0.07775020705954308, 0.15618061181480838, 0.076551163766711, 0.6553106142666092, 0.40149628257908904, 0.3433476362522794, 0.15618061181480838, 0.55917877, 0.08793536185743345, 5
0.06349206349206349, 0.5555555555555556, 0.0, 0.0, 0.0, 0.017632245481920543, 4.943586217059213e-05, 0.02044609757466044, 0.0007664985587456503, 0.027887400120061568, 0.0413564890145663, 0.0266469283985709, 0.016116035889475938, 0.9799599213216013, 0.11346633807463895, 0.49141631730184776, 0.03700962107335027, 0.6005291, 0.37632687334730947, 1
0.8690476190476191, 0.06410256410256411, 0.0, 0.0, 0.0, 0.04785894528611953, 0.002280277386541889, 0.05576208307790116, 0.003346094167414999, 0.06024731035304792, 0.045492139181531555, 0.08734270901067882, 0.045124899475222406, 0.7635270499516065, 0.26683292652097956, 0.4592274743511579, 0.08734270901067882, 0.5185864, 0.095981616951415, 5
0.1349206349206349, 0.8205128205128206, 0.0, 0.0, 0.0, 0.1234256857286067, 0.008487039651208608, 0.21561338165586424, 0.005741688288470119, 0.40357803650391677, 0.3755169267733535, 0.4670614653372425, 0.3618050011135778, 0.5470941966176845, 0.5586035182212805, 0.1888411738657914, 0.4670614653372425, 0.2906682, 0.09546303574471204, 6
1.0, 0.6153846153846154, 0.0, 0.0, 0.0, 0.16120906048385544, 0.020130305576882213, 0.49628254809220557, 0.31289076127018894, 0.2601947026153348, 0.23325061373446088, 0.30792004669074796, 0.23448833332402633, 0.6052104085525758, 0.4339152372124558, 0.34120171557774126, 0.30792004669074796, 0.29484537, 0.047613714989320155, 6
0.05555555555555555, 0.15384615384615385, 0.0, 0.0, 0.0, 0.03274560989283653, 0.001182750421520335, 0.02788108503337712, 0.0014807484584700012, 0.8734543813273927, 0.8238212792148248, 0.9378239225597627, 0.8517324347160964, 0.22645286561901246, 0.7107231938949385, 0.2703862753780696, 0.9378239225597627, 0.21381323, 0.04505454761113559, 2
0.10714285714285714, 0.4102564102564103, 0.0, 0.0, 0.0, 0.017632240041114362, 0.0006426666406831459, 0.02044609757466044, 0.0003111529163949534, 0.03841094584748714, 0.05128204956416627, 0.04219097107469261, 0.02175664768930985, 0.971943891653849, 0.14214464214557135, 0.4506437800650225, 0.04589193298217567, 0.56415343, 0.314776657444391, 1
0.8412698412698413, 0.764957264957265, 0.0, 0.0, 0.0, 0.05541560844875588, 0.0027378760180290043, 0.10780671090228283, 0.00347378392403332, 0.32017891745266314, 0.2994209776962294, 0.3693560256799114, 0.28686543926780467, 0.6292585173955125, 0.4600997503016151, 0.2703862753780696, 0.3693560256799114, 0.29197225, 0.09842384750579647, 6
0.25396825396825395, 0.4017094017094018, 0.0, 0.0, 0.0, 0.03778331853358485, 0.002161434439839785, 0.03345729467945729, 0.0017279184312021963, 0.7279663543469966, 0.6658394706779419, 0.814211686263595, 0.694601138641409, 0.18637274433436013, 0.7755610919397267, 0.2017167558529358, 0.814211686263595, 0.26811782, 0.05125221810007313, 2
0.36111111111111105, 0.4786324786324787, 0.0, 0.0, 0.0, 0.05037783905233852, 0.002227580003438367, 0.03345725118503074, 0.00161631662823834, 0.02709813346240674, 0.009925558316349463, 0.04515173926833264, 0.024174052746381524, 0.7575150191336578, 0.21072319950591123, 0.5622317690895028, 0.04515173926833264, 0.8272487, 0.01792488442345397, 3
0.4920634920634921, 0.5384615384615385, 0.0, 0.0, 0.0, 0.0629722852134077, 0.003608824590946416, 0.029739777195450602, 0.0016999568161572118, 0.0231518030154903, 0.0033085193147136815, 0.05107327832030554, 0.012087026010579968, 0.7394789411086699, 0.25935162584498866, 0.49785408511945356, 0.05107327832030554, 0.95308644, 0.058862977191577015, 3
0.5198412698412699, 0.37179487179487186, 0.0, 0.0, 0.49999999999999994, 1.0, 1.0, 0.9999999999999999, 1.0, 0.31281243480415977, 0.2787427380276557, 0.3508512327968263, 0.3045930676503379, 0.535070106124071, 0.40149628257908904, 0.4721030119177, 0.3508512327968263, 0.3978916, 0.028796657764456335, 3
0.5079365079365079, 0.7435897435897437, 0.0, 0.0, 0.0, 0.040302273055472876, 0.0009096216087501109, 0.03903346752256114, 0.001889684266174347, 0.08524073083413666, 0.0703060386944894, 0.06735751271175064, 0.11925866543707764, 0.7535070106124071, 0.0473815503743759, 0.8476394969146608, 0.10954848711730931, 0.43944263, 0.896919408481544, 7
0.5238095238095238, 0.764957264957265, 0.0, 0.0, 0.0, 0.11838789366216357, 0.0032533201066534544, 0.17472119319799362, 0.009088679532344084, 0.41883717152218, 0.3937138018008039, 0.47668397095991094, 0.380338423204364, 0.5631262631676182, 0.5349127570615242, 0.2124463592256261, 0.47668397095991094, 0.27344358, 0.09185441167749081, 6
0.9246031746031745, 0.7692307692307693, 0.0, 0.0, 0.0, 0.08564231097335796, 0.005590236318341554, 0.10037171340639081, 0.003562187346160762, 0.3433307119440803, 0.318444996603226, 0.3974833574943254, 0.3086220869571145, 0.5911823661029474, 0.4925187161569272, 0.2553647920296924, 0.3974833574943254, 0.29058507, 0.09200423992476581, 6
0.5119047619047619, 0.5512820512820513, 0.0, 0.0, 0.0, 0.0, 0.0, 0.0, 0.0, 0.0, 0.0, 0.0, 0.0, 0.8917835643150027, 0.11097257245446246, 0.590128764897125, 0.0, 0.0, 0.4838198860379013, 5
0.14285714285714285, 0.4145299145299146, 0.0, 0.0, 0.0, 0.02518892133977132, 0.0010282672230699495, 0.03345725453075586, 0.0001821380766234026, 0.044198898022038566, 0.05210917855537575, 0.0540340551741973, 0.02578565684298423, 0.9338677331468548, 0.174563594534549, 0.43562232182394234, 0.0540340551741973, 0.5591711, 0.24396062066323188, 1
0.3293650793650793, 0.2350427350427351, 0.0, 0.0, 0.0, 0.05793450674898002, 0.0019477768606425477, 0.061338296069706436, 0.0023450254825653563, 0.16811365885395116, 0.17121587239623462, 0.20059214804287304, 0.12973409242760603, 0.8557114190866703, 0.3279301910606903, 0.2553647920296924, 0.20059214804287304, 0.40601462, 0.17324287407404615, 1
0.2261904761904762, 0.4102564102564103, 0.0, 0.0, 0.0, 0.012594453868877932, 0.0004053745577907316, 0.016728622246790253, 0.0002504399987910573, 0.038674037101170164, 0.04797353136607785, 0.04663212469749907, 0.0209508452783977, 0.9458917821575014, 0.16334164913153534, 0.4420600935042092, 0.04811251012666551, 0.60119045, 0.26139556031678934, 1
0.9007936507936508, 0.4658119658119658, 0.0, 0.0, 0.0, 0.040302273055472876, 0.00019774345135190833, 0.02973977920288567, 0.0006981965751063332, 0.041831100180092354, 0.05293630754658524, 0.047372316412822475, 0.024979854432072082, 0.9579158311681479, 0.15211970597291075, 0.44849785552782334, 0.05033308527263572, 0.5458554, 0.2884552609803602, 1
0.4007936507936508, 0.6794871794871795, 0.0, 0.49999999999999994, 0.0, 0.06549119711564728, 0.003116581472753075, 0.05576208307790116, 0.00259187313888139, 0.16469350239032768, 0.1538461561366672, 0.13249445693926318, 0.21031426099666187, 0.7555110202838543, 0.0, 0.9270386584390955, 0.19319023088963902, 0.32797024, 0.866711789607854, 7
0.46825396825396826, 0.2521367521367522, 0.0, 0.0, 0.0, 0.01511340793736544, 0.0002372933108807239, 0.01672866741407935, 0.00015937134979988413, 0.7234938442340718, 0.6633581432576604, 0.8208734183632377, 0.6760676657851113, 0.20240482892036626, 0.8304240047107931, 0.09012872627051416, 0.8208734183632377, 0.2767844, 0.06574801630074095, 2
0.6746031746031746, 0.8675213675213677, 0.0, 0.0, 0.0, 0.11586902256597034, 0.006485993992467626, 0.05390333872251583, 0.004955677394667027, 0.10602473671802018, 0.08850289138943468, 0.09178386596435134, 0.1385978957405488, 0.7274549047232741, 0.07231920545394628, 0.8326180328795891, 0.12731309494680307, 0.38645566, 0.9285499626747298, 7
0.6785714285714286, 0.747863247863248, 0.0, 0.49999999999999994, 0.0, 0.1057934293650738, 0.006846617319333555, 0.05204462447865656, 0.0024689664923091266, 0.3583267656534124, 0.3341604548803745, 0.415247958662087, 0.31990329315146415, 0.5911823661029474, 0.5112219734578772, 0.2231759625983163, 0.415247958662087, 0.2921254, 0.09810402689302183, 6
0.7063492063492063, 0.46153846153846156, 0.0, 0.49999999999999994, 0.0, 0.07808560700467525, 0.005625805266681687, 0.03717472985862604, 0.0010624727283531383, 0.40831361371898417, 0.39123241482717547, 0.4566987746609828, 0.3722804063474584, 0.6252504872309746, 0.48379051146137125, 0.23390556597100653, 0.4566987746609828, 0.2511938, 0.10322413142260584, 4
0.9841269841269841, 0.670940170940171, 0.0, 0.0, 0.0, 0.04282114868567125, 0.0013545434499637476, 0.04460967047719106, 0.0014571042031761385, 0.11418048460349954, 0.09181140735427258, 0.09992598149464087, 0.15149074011691588, 0.689378753430709, 0.07481296972748933, 0.8690987422866521, 0.13915618903890592, 0.40983546, 0.9390096424399146, 7
0.5436507936507936, 0.30341880341880345, 0.0, 0.49999999999999994, 0.0, 0.06549119711564728, 0.0034011920563037984, 0.04089218845787064, 0.0027017172621136318, 0.18810840660425293, 0.1803142912995389, 0.23316062348749536, 0.14665591259745436, 0.7695390735551262, 0.39775561540817544, 0.227467784634087, 0.23316062348749536, 0.4214949, 0.14401793119159395, 1
0.376984126984127, 0.25641025641025644, 0.0, 0.0, 0.49999999999999994, 0.0906801121078114, 0.005101781277129199, 0.1263940574301077, 0.016999564063461297, 0.17653250225515008, 0.1786600407612883, 0.21095484538086487, 0.13698630832404263, 0.8456913779438636, 0.3403990180393783, 0.24463516934369678, 0.21095484538086487, 0.40211964, 0.17264708180400135, 1
0.373015873015873, 0.4273504273504274, 0.0, 0.0, 0.0, 0.017632244121718998, 0.0004053745043999355, 0.011152417284725253, 0.00036427650158622505, 0.04814522704827615, 0.05789908670475996, 0.05699481537375881, 0.029008863585746465, 0.9458917821575014, 0.17082294980752627, 0.4291845598003282, 0.057735013750814315, 0.53858024, 0.25594134519708966, 1
0.376984126984127, 0.46153846153846156, 0.0, 0.0, 0.0, 0.07052895744405435, 0.0029265996683363747, 0.44237916922098836, 0.22281580170061355, 0.3751644595592045, 0.3573200815225766, 0.4270910727393862, 0.33601932686527536, 0.6312625054236725, 0.49127184580319844, 0.2145922605868587, 0.4270910727393862, 0.2805935, 0.1083822107668107, 4
0.6507936507936508, 0.7051282051282052, 0.0, 0.0, 0.0, 0.06549115177559577, 0.004231715787978742, 0.24535314747584944, 0.09416549503385808, 0.22336228937281788, 0.2133994881687599, 0.2516654496792409, 0.20225625139197217, 0.741482965208975, 0.3241895351117222, 0.38412016769511304, 0.2516654496792409, 0.25295278, 0.10331263891072334, 6
0.5357142857142857, 0.747863247863248, 0.0, 0.0, 0.0, 0.09319901494204069, 0.0019831148937896896, 0.07620819068973696, 0.00287895994045445, 0.429360708015193, 0.39784943186851457, 0.5033308993584819, 0.37953262224389506, 0.5130260394175121, 0.6197007490951549, 0.12017165434065763, 0.5033308993584819, 0.30879894, 0.09906049517878002, 6
0.2777777777777778, 0.7521367521367522, 0.0, 0.49999999999999994, 0.0, 0.05793450674898002, 0.001354544517779669, 0.10408923557441264, 0.009440831424723595, 0.10786635560429747, 0.09015714937185362, 0.09918578977931747, 0.13456889093820393, 0.7254508986590414, 0.10099750974931758, 0.7854077394131412, 0.12361213637018605, 0.3503698, 0.9630385123361664, 7
0.5912698412698413, 0.42307692307692313, 0.0, 0.0, 0.0, 0.027707808758383096, 0.0005240207060185309, 0.03345725453075586, 0.0010928289924948223, 0.044198898022038566, 0.05624482574467366, 0.049592896222005155, 0.02659145852867479, 0.9639278547716676, 0.15211970597291075, 0.4420600935042092, 0.05255366508181839, 0.53791887, 0.29351270800718826, 1
0.8968253968253967, 0.42307692307692313, 0.0, 0.0, 0.0, 0.017632235960509723, 0.0001680820744673467, 0.02788103986608802, 0.000250439937319395, 0.041831100180092354, 0.05210917855537575, 0.049592896222005155, 0.023368251785912553, 0.9519038057610211, 0.16334164913153534, 0.43562232182394234, 0.049592896222005155, 0.5674603, 0.2669592001378163, 1
0.8968253968253967, 0.7521367521367522, 0.0, 0.0, 0.0, 0.06549119711564728, 0.0016568031620165064, 0.0780669015878711, 0.0024436405772394, 0.3496448338398882, 0.3275434080623619, 0.4034048978786447, 0.31265107725502755, 0.609218420681041, 0.4925187161569272, 0.2360514866455446, 0.4034048978786447, 0.28958246, 0.0996444826849342, 6
0.38888888888888884, 0.4102564102564103, 0.0, 0.0, 0.0, 0.1687657508505227, 0.055931789520668115, 0.1375464733765429, 0.03994899081459686, 0.0347277059439143, 0.016542596945776825, 0.06069578061210792, 0.024174052746381524, 0.747494983401673, 0.2531172179666174, 0.5000000096566527, 0.06069578061210792, 0.8646644, 0.06651615435811359, 3
0.027777777777777776, 0.2777777777777778, 0.0, 0.0, 0.0, 0.13350126079348265, 0.036711118953625825, 0.5576208307790116, 0.1465302064064742, 0.16785057754502006, 0.12903225662370935, 0.21095484538086487, 0.15874295601335248, 0.5511021726740045, 0.3815461324805194, 0.48927039083331814, 0.21095484538086487, 0.5142537, 0.02602973030727218, 3
0.8531746031746031, 0.5555555555555556, 0.0, 0.0, 0.0, 0.02518891952616926, 0.0004350359747183902, 0.02416356788394295, 0.00012901463486600972, 0.03762167847949289, 0.047146400886034695, 0.04367135317299299, 0.02175664768930985, 0.9478957918289486, 0.153366587548585, 0.4570815478826282, 0.04663212469749907, 0.56415343, 0.28256129487151727, 1
0.2777777777777778, 0.9401709401709404, 0.0, 0.49999999999999994, 0.0, 0.12846345512502408, 0.004666394818530023, 0.17657994424482917, 0.006427877193962049, 0.10707709036732148, 0.08933002038064415, 0.09992598149464087, 0.13215148080458114, 0.7254508986590414, 0.10847880683428597, 0.772532215365913, 0.12139155456248375, 0.34748083, 0.970699145143055, 7
0.16666666666666666, 0.27350427350427353, 0.0, 0.0, 0.0, 0.020151115217912224, 0.0009190287466724187, 0.02602233398654155, 0.0008271758022948397, 0.7653249515175584, 0.698924667547163, 0.8430792364402608, 0.7453666499164654, 0.14228452074087927, 0.7443890301039796, 0.3025751048094456, 0.8430792364402608, 0.2580791, 0.03611146935421167, 2
0.4007936507936508, 0.4700854700854702, 0.0, 0.0, 0.0, 0.04282116228768671, 0.0022097359985306852, 0.027881045888393234, 0.0014163370163396802, 0.012628256577725303, 0.0033085193147136815, 0.025906735350901076, 0.007252215896436616, 0.8196392738583378, 0.18204489521053993, 0.5450643863112236, 0.025906735350901076, 0.9238095, 0.06254576228745068, 3
0.011904761904761904, 0.36752136752136755, 0.0, 0.0, 0.0, 0.10579345203509956, 0.006169604139281638, 0.05947955506004622, 0.0012446102927126882, 0.12023152519037629, 0.13647642498876303, 0.13249445693926318, 0.09105559555958424, 0.9679358723109547, 0.21072319950591123, 0.3369098742286652, 0.1347150187617692, 0.3768521, 0.25579970685777703, 1
0.24603174603174602, 0.42307692307692313, 0.0, 0.0, 0.0, 0.23425694796617, 0.016871926692301368, 0.29553904098202116, 0.017762421245835935, 0.21178639212710926, 0.13647642498876303, 0.3145817787903907, 0.17324738780622573, 0.2705410892124933, 0.697007474118631, 0.24678109001823484, 0.3145817787903907, 0.62924504, 0.05165998137972644, 3
0.6031746031746031, 0.7435897435897437, 0.0, 0.0, 0.0, 0.07052895744405435, 0.002795117358308836, 0.04832712907643566, 0.0017635457674455297, 0.4256774773460326, 0.39784943186851457, 0.49888968911095255, 0.3730862073079274, 0.5410821423528414, 0.6147132452363487, 0.09871242828197174, 0.49888968911095255, 0.3128917, 0.10615095977248995, 6
0.40476190476190477, 0.4145299145299146, 0.0, 0.0, 0.0, 0.027707790622362487, 0.0006698509382364593, 0.035315998886141196, 0.0014595937235383704, 0.42015261358380657, 0.3887509980768736, 0.48852703840508543, 0.37630943290645097, 0.5170340335099047, 0.5885287097032987, 0.16952786848164358, 0.48852703840508543, 0.29368052, 0.09249990821654869, 4
0.4087301587301587, 0.2136752136752137, 0.0, 0.0, 0.0, 0.04282108294259655, 0.001632738702240598, 0.050185920271972655, 0.0025095703694293227, 0.8737174910499008, 0.8312654475798785, 0.9326424939499814, 0.8509266845211387, 0.27855709543335117, 0.6832917880081596, 0.26180257336661195, 0.9326424939499814, 0.20236506, 0.05003881263279181, 2
0.7103174603174603, 0.05128205128205128, 0.0, 0.0, 0.0, 0.0327455554847747, 0.0012359005051837124, 0.01672862559251537, 0.0005236460072362393, 0.9807946240375878, 0.986765906363975, 0.9763138784331155, 0.9798549397271962, 0.5931863721671801, 0.3965087450544466, 0.41845493711433257, 0.9763138784331155, 0.09626316, 0.05746798169602635, 2
0.26190476190476186, 0.670940170940171, 0.0, 0.0, 0.0, 0.04785893168410407, 0.002837292616800375, 0.07806693169939716, 0.0034827225184530246, 0.21389108521892342, 0.18279568571733568, 0.20059214804287304, 0.25866237664252717, 0.5911823661029474, 0.11097257245446246, 0.9120171750907184, 0.2376017871029, 0.31229463, 0.9766831625847348, 7
0.6111111111111112, 0.5940170940170941, 0.0, 0.0, 0.0, 0.01259445976308463, 0.0008748901484370912, 0.026022304878733016, 0.001115364380962431, 0.012365168165399976, 0.007444168365053679, 0.023686158872584448, 0.0048348108393649405, 0.8517034015473832, 0.1720698336275896, 0.5278970016016138, 0.023686158872584448, 0.8388889, 0.10949366600049137, 5
0.11904761904761904, 0.311965811965812, 0.0, 0.0, 0.0, 0.03778331853358485, 0.0009332784831888401, 0.03717475327870188, 0.0014754867915326884, 0.4777690398136012, 0.4309346436260723, 0.5662472284696316, 0.4270749441815073, 0.3847695430901885, 0.7082294195216446, 0.10515022893219667, 0.5662472284696316, 0.32012162, 0.08241515678966899, 4
0.3055555555555556, 0.34188034188034194, 0.0, 0.0, 0.0, 0.07556674951049748, 0.009966283178375446, 0.08364310454250101, 0.014730427806911363, 0.1499605370933209, 0.15715465721316837, 0.17468541135962556, 0.11603545434298586, 0.8917835643150027, 0.28304239822669025, 0.2939914221112935, 0.17468541135962556, 0.38836312, 0.19095084831443215, 1
0.8690476190476191, 0.23076923076923078, 0.0, 0.0, 0.0, 0.07052895744405435, 0.002155312224036323, 0.024163582939705986, 0.0017502704087199602, 0.2625624983262627, 0.27295284997752606, 0.2679496540928916, 0.24657534047884494, 0.8757514995686764, 0.22069826333325065, 0.41845493711433257, 0.2679496540928916, 0.15409406, 0.17502578879639413, 4
0.07936507936507936, 0.4700854700854702, 0.0, 0.0, 0.0, 0.10327457187089603, 0.00482216913990631, 0.08178440033581712, 0.002754747225963172, 0.4135753819654907, 0.3738626613467662, 0.4914878052663791, 0.3674456150890764, 0.4589178215750134, 0.6346633728910276, 0.15236052239864456, 0.4914878052663791, 0.32390848, 0.08604953670537885, 4
0.9404761904761905, 0.5470085470085471, 0.0, 0.0, 0.0, 0.015113348088497434, 0.00011864622831399342, 0.02230483523859553, 0.00027320752474618604, 0.03209681755862449, 0.045492139181531555, 0.036269432022719705, 0.014504431792873232, 0.9779559098465468, 0.14214464214557135, 0.44420601804140836, 0.040710584313179754, 0.67407405, 0.3184608432969368, 1
0.01984126984126984, 0.5085470085470086, 0.0, 0.0, 0.0, 0.0025188920886370808, 4.9435936917706636e-05, 0.0018587361918160417, 3.794547361098376e-05, 0.0002630886751509134, 0.0, 0.0007401924481139337, 0.0, 0.8897795562668022, 0.11346633807463895, 0.5879828420981233, 0.0007401924481139337, 0.11111111, 0.08950025558161051, 3
0.08333333333333333, 0.4871794871794872, 0.0, 0.0, 0.0, 0.022670025759950273, 0.00020763091957103698, 0.013011152606652766, 0.0003111528754138452, 0.003683241324251691, 0.0, 0.010362694673298999, 0.0, 0.8637274505580298, 0.1458852924835668, 0.5600858445523037, 0.010362694673298999, 0.7777778, 0.08950025558161051, 3
0.15873015873015872, 0.17521367521367526, 0.0, 0.0, 0.0, 0.04785893168410407, 0.002541004798764751, 0.04460965709429059, 0.0032784882478988217, 0.16153644144242374, 0.15715465721316837, 0.20133233975819645, 0.1224818765311694, 0.8036072073084042, 0.3628429088454056, 0.25107296999392176, 0.20133233975819645, 0.44070765, 0.15256842103281326, 1
0.6785714285714286, 0.41880341880341887, 0.0, 0.0, 0.0, 0.022670025759950273, 0.0008008619410117128, 0.04460967047719106, 0.0021856591734417835, 0.9455406915452631, 0.9280396363255764, 0.9703923313870639, 0.9355358506403235, 0.4348697127320767, 0.5336658642639045, 0.3519313382637369, 0.9703923313870639, 0.14413407, 0.04899202943095199, 2
0.19444444444444445, 0.5384615384615385, 0.0, 0.0, 0.0, 0.02518891952616926, 0.0003163897197089988, 0.007434945637152698, 0.00015178188419865798, 0.0049986848065571715, 0.002481389504645682, 0.011843079436292224, 0.0, 0.8717434820293893, 0.1471321751814356, 0.5493562295916302, 0.011843079436292224, 0.8888889, 0.12210514523907467, 5
0.5555555555555556, 0.6324786324786326, 0.0, 0.0, 0.0, 0.06801005007581991, 0.002343264243863529, 0.5910780819640423, 0.006648157617440331, 0.2872928232916319, 0.2605458927768788, 0.323464112682932, 0.27397261664808525, 0.5971943662595727, 0.3840399180757587, 0.43562232182394234, 0.323464112682932, 0.2689782, 0.03332963061632349, 6
0.06746031746031746, 0.5555555555555556, 0.0, 0.0, 0.0, 0.040302265801064635, 0.004469007176790807, 0.07063197100648144, 0.008985488487126042, 0.014732965297006764, 0.004962779158174732, 0.023686158872584448, 0.014504431792873232, 0.8156312563190508, 0.16084788822457594, 0.5858369192991216, 0.023686158872584448, 0.45767197, 0.0, 3
0.9642857142857143, 0.03418803418803419, 0.0, 0.0, 0.0, 0.030226702524602078, 0.0009747781078515437, 0.03903341733668437, 0.0025095662713185006, 0.8737174910499008, 0.8263026885209585, 0.9311621904601199, 0.8573730631960268, 0.2424849502050187, 0.6758104761102233, 0.3133047274954413, 0.9311621904601199, 0.20590083, 0.04019753681457766, 2
0.9722222222222222, 0.39743589743589747, 0.0, 0.49999999999999994, 0.0, 0.03274558948981334, 0.0016327332563793994, 0.07063198438938191, 0.003998236378007693, 0.10313075707904734, 0.08436723898921891, 0.1369356005694715, 0.08460918787583249, 0.7194388804663436, 0.31421446006243736, 0.4248927184512521, 0.1369356005694715, 0.4560301, 0.08333140980322568, 5
0.9404761904761905, 0.5213675213675214, 0.0, 0.0, 0.0, 0.08060451437290968, 0.003632784511543624, 0.11524165152084785, 0.0022307306060747323, 0.290186810033999, 0.2969396130551061, 0.3019985129681607, 0.2707494128062094, 0.8396793561439512, 0.26184540021828256, 0.38626610768295644, 0.3019985129681607, 0.1760659, 0.15283656050223898, 4
0.06349206349206349, 0.5256410256410257, 0.0, 0.0, 0.0, 0.040302265801064635, 0.0015028518693719429, 0.02788103986608802, 0.0006147163364528495, 0.04077874653079105, 0.05459056925108838, 0.04367135317299299, 0.024174052746381524, 0.9779559098465468, 0.13840399405196496, 0.4506437800650225, 0.048852703174335335, 0.5438712, 0.3215076396779389, 1
0.5476190476190477, 0.3760683760683761, 0.0, 0.49999999999999994, 0.0, 0.09823674806641684, 0.009106103262070859, 0.061338296069706436, 0.0044396221746727535, 0.15522231954661592, 0.15798178620437786, 0.18652849878999628, 0.11845286447660866, 0.8577154287581175, 0.31795512723335095, 0.2703862753780696, 0.18652849878999628, 0.4162386, 0.17610610355244316, 1
0.2222222222222222, 0.55982905982906, 0.0, 0.49999999999999994, 0.0, 0.15869018938766222, 0.018835085708244926, 0.08364315138265269, 0.009539490574088979, 0.16153644144242374, 0.13482215211800735, 0.21021465366554146, 0.13456889093820393, 0.6412825537809081, 0.4077306904574603, 0.3476394969146608, 0.21021465366554146, 0.42982522, 0.08376246254529157, 4
0.01984126984126984, 0.5940170940170941, 0.0, 0.0, 0.49999999999999994, 0.1385390029858691, 0.010230012087676231, 0.1282527783654172, 0.004463203319059955, 0.3601684058498724, 0.331679067906746, 0.4263508543771344, 0.3158743028535511, 0.5591182149670075, 0.5586035182212805, 0.17596564981856305, 0.4263508543771344, 0.3213451, 0.10104486280962793, 4
0.3650793650793651, 0.9871794871794872, 0.0, 0.0, 0.0, 0.10579345203509956, 0.004322859215945482, 0.09107807527259211, 0.0015822849529152682, 0.16206263247386288, 0.1406120773889788, 0.1310140735086164, 0.2167606831848454, 0.6793587050734733, 0.004987526302697026, 1.0, 0.19911177793569043, 0.37479976, 0.8902868256387422, 7
0.29761904761904756, 0.6923076923076924, 0.0, 0.0, 0.0, 0.060453373311168096, 0.0035593892520056256, 0.07249072874476724, 0.004046561300822337, 0.343856888768731, 0.3291976511564441, 0.3952627623631589, 0.30217567202114687, 0.6653306626238449, 0.47880303004645586, 0.19957083517839774, 0.3952627623631589, 0.29743084, 0.11848915966837459, 6
0.21031746031746032, 0.2777777777777778, 0.0, 0.49999999999999994, 0.0, 0.08312341267313383, 0.011479021154501218, 0.061338296069706436, 0.0022539599276478538, 0.050249938608915315, 0.021505374615117888, 0.0829015587187384, 0.04270749441815073, 0.6653306626238449, 0.29177056925641004, 0.521459233784008, 0.0829015587187384, 0.77528197, 0.028664866142073253, 3
0.5119047619047619, 0.0, 0.0, 0.49999999999999994, 0.0, 0.040302343785953244, 0.0028079455648799614, 0.06319700027639034, 0.004432051529645478, 0.9244936185592368, 0.890818794500308, 0.9681717762262899, 0.9097501618875893, 0.3246492709828467, 0.6221945459123397, 0.31759656884451737, 0.9681717762262899, 0.1764939, 0.046089111846843056, 2
0.7222222222222222, 0.0, 0.0, 0.0, 0.0, 0.020151171892976622, 0.0006723243469504779, 0.026022165361995576, 0.0002428520392455583, 1.0, 1.0, 1.0, 1.0, 0.543086148417074, 0.4251870437388452, 0.4227467784634087, 1.0, 0.105074264, 0.045429720705311094, 2
0.2222222222222222, 0.14102564102564102, 0.0, 0.0, 0.0, 0.10327457187089603, 0.0006698542751612136, 0.009293666237889686, 0.0005141581430230432, 0.290186810033999, 0.26385443107422174, 0.3493708293809832, 0.25141016074609057, 0.5991984083959505, 0.5012469208524832, 0.23175966460977393, 0.3493708293809832, 0.33911672, 0.09809751262140126, 4
0.4722222222222222, 0.9487179487179489, 0.0, 0.0, 0.0, 0.060453391447188705, 0.0030848000674859664, 0.05204460440430585, 0.0016088875729399694, 0.05314391327551218, 0.045492139181531555, 0.034048852213537026, 0.08138597678174071, 0.8176352677941052, 0.031172073057692512, 0.8068669654718271, 0.07475943652671678, 0.55723476, 0.8487824619239881, 7
0.39682539682539686, 0.6111111111111112, 0.0, 0.9999999999999999, 0.0, 0.10327454466686511, 0.005667610260002499, 0.061338296069706436, 0.0021490644781388844, 0.2794001638184779, 0.2646815526212629, 0.31606216888276956, 0.25382755637528154, 0.6873747473664764, 0.3840399180757587, 0.33905579490320326, 0.31606216888276956, 0.26415184, 0.09801459686354763, 4
0.051587301587301584, 0.46153846153846156, 0.0, 0.0, 0.0, 0.020151134260733863, 0.0003163897997951929, 0.014869887928580277, 0.00024285119093661812, 0.03235990526061039, 0.044665010190322076, 0.035529238975049886, 0.016921838300388087, 0.9699398819824018, 0.13715711135409617, 0.46137339888835704, 0.03997039259785635, 0.6116402, 0.3231193326072242, 1
0.2579365079365079, 0.10683760683760683, 0.0, 0.0, 0.0, 0.030226643582535104, 0.0013785417051525321, 0.02230483523859553, 0.0014327077396408725, 0.7816364757020942, 0.7096774039862331, 0.8593634408539115, 0.7671232976057752, 0.09619238126352903, 0.7493765900725128, 0.3433476362522794, 0.8593634408539115, 0.2609661, 0.02829974686594816, 2
0.6111111111111112, 0.27350427350427353, 0.0, 0.0, 0.49999999999999994, 0.08816120473957695, 0.006549093637845959, 0.15985130861513844, 0.007146170494729062, 0.10076296136811941, 0.07857732860658419, 0.1369356005694715, 0.08299758595489455, 0.6953907716234069, 0.32543640546545105, 0.4313304804748663, 0.1369356005694715, 0.4850439, 0.07416573549609656, 5
0.49603174603174605, 0.17948717948717952, 0.0, 0.49999999999999994, 0.0, 0.04282113961766095, 0.0019015836777929527, 0.05390337887121725, 0.002261882805300292, 0.8826625112757503, 0.8411910252510657, 0.9348631157280763, 0.8662368665089696, 0.28256507148967125, 0.6521196925065763, 0.31115878750759784, 0.9348631157280763, 0.19475445, 0.04304028210938138, 2
0.9285714285714286, 0.4358974358974359, 0.0, 0.0, 0.0, 0.035264521795076116, 0.0010776586747763726, 0.042750939504706216, 0.0015221772238270311, 0.3259668767306088, 0.29445822608147765, 0.3893412219788395, 0.2876712402282737, 0.5490981846458445, 0.5336658642639045, 0.22961374393523587, 0.3893412219788395, 0.33047688, 0.08854288358187035, 4
0.19444444444444445, 0.17521367521367526, 0.0, 0.0, 0.0, 0.04030217104035695, 0.0004350361348907785, 0.02416354279100456, 0.00022008471819597066, 0.8981847062927619, 0.865177773440309, 0.9437454029884931, 0.8807412983018429, 0.33867734950462036, 0.6234414274880139, 0.3004291841349076, 0.9437454029884931, 0.17948268, 0.0493487516979938, 2
0.1984126984126984, 0.3162393162393163, 0.0, 0.0, 0.0, 0.23677582813037354, 0.007265566353547445, 0.024163582939705986, 0.0010053755124559518, 0.20547225602451294, 0.1877584596645926, 0.24574390263318954, 0.1788879872772926, 0.6913827594949417, 0.37905239177306166, 0.3433476362522794, 0.24574390263318954, 0.33112764, 0.09814838418764116, 4
0.6626984126984127, 0.7863247863247864, 0.0, 0.0, 0.0, 0.057934520350995486, 0.0011827486863194628, 0.042750939504706216, 0.002134546100929298, 0.10313075707904734, 0.08271298100679994, 0.09696520797161516, 0.12973409242760603, 0.7074148260448753, 0.11221945526455071, 0.7854077394131412, 0.11917099273997774, 0.37847343, 0.9797659757333967, 7
0.19444444444444445, 0.0, 0.0, 0.0, 0.0, 0.03274578399863436, 0.0007613118545720141, 0.04089216838351993, 0.0016088865484122639, 0.9392266264766091, 0.9156327089016025, 0.9681717762262899, 0.930701088390805, 0.392785567347119, 0.5523690766770729, 0.3648068623109652, 0.9681717762262899, 0.15361586, 0.04306336447067305, 2
0.6825396825396826, 0.4145299145299146, 0.0, 0.0, 0.0, 0.10831230952927733, 0.0026596495588318524, 0.022304821855695062, 0.0016392427715728396, 0.2246777314344445, 0.1803142912995389, 0.2908956439000418, 0.19580982920378864, 0.4909819727109532, 0.5162094773166834, 0.32188841019359343, 0.2908956439000418, 0.4450395, 0.06118821444003153, 5
0.06746031746031746, 0.37179487179487186, 0.0, 0.0, 0.0, 0.17632247295522602, 0.0040059549424393825, 0.03903345748538579, 0.0012778105023310568, 0.41462774982158046, 0.37717120708827756, 0.48926718348828413, 0.36986301071826744, 0.4749499061610196, 0.6184538562975354, 0.16309014508464015, 0.48926718348828413, 0.317014, 0.0880595472204676, 4
0.24206349206349206, 0.8034188034188036, 0.0, 0.0, 0.0, 0.1939546749106971, 0.01012106469789886, 0.11524165152084785, 0.008271761506342595, 0.4154170079551622, 0.3904052635034609, 0.47742415601350224, 0.3722804063474584, 0.5651302692318507, 0.5548628734942577, 0.17596564981856305, 0.47742415601350224, 0.28710723, 0.10075030853360162, 6
0.16666666666666666, 0.02136752136752136, 0.0, 0.0, 0.0, 0.027707790622362487, 0.00016808292872008378, 0.048327082236284, 0.001153542033042043, 0.8087345750682086, 0.7642679322943954, 0.8815692589309345, 0.7727639260857057, 0.286573101654209, 0.7331670847009659, 0.16738194780710547, 0.8815692589309345, 0.2241392, 0.06362558753175945, 2
0.6785714285714286, 0.5854700854700855, 0.0, 0.0, 0.0, 0.010075566450266159, 7.909743927063902e-05, 0.02788104153895058, 0.0003415096108382737, 0.02551960085743651, 0.01985111588828209, 0.03849000716868991, 0.016921838300388087, 0.8416833640117911, 0.18453865611749937, 0.5171673905036014, 0.03849000716868991, 0.59973544, 0.10768734885148307, 5
0.28174603174603174, 0.7948717948717949, 0.0, 0.0, 0.49999999999999994, 0.03274560989283653, 0.0017270053849956913, 0.14869887928580275, 0.005031518262974747, 0.41699555973929686, 0.3937138018008039, 0.48112508128145876, 0.36986301071826744, 0.5771542875811738, 0.5660848188972714, 0.14377683970049232, 0.48112508128145876, 0.29418743, 0.10769860762150946, 6
0.32539682539682535, 0.10683760683760683, 0.0, 0.0, 0.0, 0.0528966104004184, 0.0004449229624203543, 0.04089216838351993, 0.0043409497064471995, 0.9050250618403743, 0.8742761848994449, 0.9474463948737705, 0.8887993804286914, 0.35270537391817613, 0.6097256852678155, 0.3090128861463652, 0.9474463948737705, 0.17420864, 0.04913978666701807, 2
0.27380952380952384, 0.4700854700854702, 0.0, 0.0, 0.0, 0.030226702524602078, 0.0012584332097158434, 0.024163572902530628, 0.0010053763525686703, 0.11654828741782171, 0.09263854378965043, 0.15766098858372307, 0.09508460761414497, 0.6773546990092407, 0.3553616193913601, 0.39914163173018474, 0.16876388429877043, 0.56104016, 0.14616924115325197, 3
0.2261904761904762, 0.52991452991453, 0.0, 0.0, 0.0, 0.3123425957768916, 0.018587876712109354, 0.05576208307790116, 0.0016392448411188048, 0.11628519190210215, 0.09263854378965043, 0.15766098858372307, 0.09427880665367601, 0.6793587050734733, 0.35660850096703434, 0.3948497903811087, 0.15766098858372307, 0.48272505, 0.08501406875568934, 4
0.8888888888888888, 0.29487179487179493, 0.0, 0.0, 0.0, 0.13853906646194125, 0.01060894658891543, 0.05947955840577134, 0.0055248613429816525, 0.03235990526061039, 0.011579817787602094, 0.059955588896784526, 0.022562450100221995, 0.7294589107875067, 0.26059850742066293, 0.5064377716802668, 0.059955588896784526, 0.84772927, 0.04971161168916377, 3
0.4087301587301587, 0.7435897435897437, 0.0, 0.0, 0.0, 0.09319898320400462, 0.0040354971377194225, 0.1486989027058786, 0.007080586378186986, 0.43620101383904575, 0.4094292600779524, 0.5025906476875696, 0.3900080709910711, 0.5450901905534519, 0.5835411497347653, 0.1480686424229577, 0.5025906476875696, 0.28551513, 0.10051455214853289, 6
0.5634920634920635, 0.08547008547008549, 0.0, 0.0, 0.0, 0.1057934293650738, 0.005427333524828323, 0.06877325341689705, 0.003546876599223716, 0.26703501554258174, 0.2406947969878513, 0.31606216888276956, 0.23932312458240834, 0.6072144146168084, 0.44264339702023014, 0.32403433086813155, 0.31606216888276956, 0.3197136, 0.08114715193597188, 4
0.1626984126984127, 0.5384615384615385, 0.0, 0.0, 0.0, 0.020151132900532318, 0.0004595150140257621, 0.005576208642362627, 0.000374104611450429, 0.005524862341547248, 0.0, 0.015544042676121708, 0.0, 0.8496993954831507, 0.16334164913153534, 0.5450643863112236, 0.015544042676121708, 1.0, 0.08950025558161051, 5
0.7738095238095238, 0.7136752136752138, 0.0, 0.0, 0.0, 0.10075565996865643, 0.0033610638009334845, 0.11524162810077201, 0.005790236763230111, 0.3967377235766698, 0.37303553979972504, 0.4603997332375998, 0.35052375865814855, 0.5811623357817843, 0.5573566478675516, 0.15450644307318262, 0.4603997332375998, 0.30064347, 0.10697913832754546, 6
0.373015873015873, 0.3290598290598291, 0.0, 0.49999999999999994, 0.0, 0.1511335216910207, 0.007949297430514549, 0.05947956509722158, 0.001335679638382701, 0.16258880929851352, 0.16211745349293033, 0.19837158622036702, 0.12409346394767555, 0.8316633228689844, 0.3428927699687814, 0.2553647920296924, 0.19837158622036702, 0.422223, 0.16702093509921556, 1
0.10317460317460317, 0.8076923076923078, 0.0, 0.0, 0.0, 0.09068013477783717, 0.004708624535633551, 0.10780669082793212, 0.004269093431291842, 0.3970008190923894, 0.37055417515860173, 0.46113988498253056, 0.35294118329620316, 0.5611222210312402, 0.5598503885750092, 0.1716738277827924, 0.46113988498253056, 0.29685017, 0.10023656596217767, 6
0.6785714285714286, 0.32051282051282054, 0.0, 0.0, 0.0, 0.030226702524602078, 0.0007118765690220196, 0.027881021464599868, 0.0007057856616323083, 0.16706130520464985, 0.12903225662370935, 0.22945967823434252, 0.13618050736357365, 0.5571142269388476, 0.47880303004645586, 0.3154506481699793, 0.22945967823434252, 0.4967188, 0.07292335469926564, 5
0.007936507936507936, 0.7393162393162394, 0.0, 0.0, 0.0, 0.07052896651206465, 0.0018380597357582722, 0.07806690827932133, 0.0015575202126509708, 0.1118126888925716, 0.09925557571932626, 0.09326424939499814, 0.14423852422047925, 0.7615230384765521, 0.05236907892146198, 0.8304721315183564, 0.13249445693926318, 0.3424082, 0.8989012720715666, 7
0.0, 0.982905982905983, 0.0, 0.0, 0.0, 0.08564231550736312, 0.005774115821721725, 0.10594796320117239, 0.00671634895208745, 0.04551434008366519, 0.04631927040599155, 0.03997039259785635, 0.05076551127505631, 0.8817635231721961, 0.09725686165571121, 0.6244635304536834, 0.04811251012666551, 0.19104938, 0.8145500398669656, 7
0.7896825396825397, 0.30341880341880345, 0.0, 0.0, 0.49999999999999994, 0.4307304894390552, 0.5945065942972223, 0.29368035684968796, 0.21625882438519375, 0.09523810470928755, 0.06534325730306415, 0.13249445693926318, 0.08380337966314762, 0.6412825537809081, 0.32917707263636464, 0.482832628809704, 0.13249445693926318, 0.6309454, 0.03882038967017265, 3
0.32539682539682535, 0.5085470085470086, 0.0, 0.0, 0.0, 0.020151132900532318, 0.0003163897570825561, 0.02416356788394295, 0.00031115295737606165, 0.014996055130010937, 0.007444168365053679, 0.031088085352243416, 0.0048348108393649405, 0.8316633228689844, 0.19700748534057635, 0.5064377716802668, 0.031088085352243416, 0.8740741, 0.1047978175307333, 5
0.2698412698412699, 0.4572649572649573, 0.0, 0.0, 0.0, 0.16624685708430373, 0.010766777256802255, 0.1375464733765429, 0.0077475676431610985, 0.14127862658997936, 0.1331679090239251, 0.1672834875446594, 0.12087027461023148, 0.7835671286300054, 0.2867830541756584, 0.40343347307926086, 0.17616580811373656, 0.40249237, 0.19383806386810287, 3
0.9523809523809523, 0.3162393162393163, 0.0, 0.0, 0.0, 0.022670025759950273, 0.0012754470411354727, 0.03159851686682077, 0.0011307751218035376, 0.012891344990050629, 0.005789908893801047, 0.0273871201138943, 0.004029009153674382, 0.8356713368010569, 0.1882793086998839, 0.5171673905036014, 0.0273871201138943, 0.8962963, 0.09931609561670474, 5
0.21825396825396823, 0.3162393162393163, 0.0, 0.0, 0.0, 0.07808564327671647, 0.0034882297320529506, 0.20631971006481437, 0.009637581315483328, 0.12075770201502695, 0.09677418874569783, 0.1635825289680424, 0.09750201774776777, 0.675350692945008, 0.3653366607748087, 0.38412016769511304, 0.1635825289680424, 0.47748852, 0.0828445527227678, 5
0.2222222222222222, 0.41880341880341887, 0.0, 0.0, 0.0, 0.1561713001554484, 0.003265465978850838, 0.024163572902530628, 0.0007984796418660954, 0.14811892531043785, 0.12572374065887143, 0.189489272313022, 0.12489927941257631, 0.6773546990092407, 0.36658356479437376, 0.3798283263460369, 0.189489272313022, 0.4148072, 0.08360777683536308, 5
0.29761904761904756, 0.7264957264957266, 0.0, 0.0, 0.0, 0.13350128799751357, 0.02045657299429466, 0.20817842430867362, 0.06581263334868419, 0.23125495594936615, 0.2175351331248073, 0.2642487155014709, 0.20870266632793982, 0.7114228381733405, 0.3503740818667177, 0.3712446436478848, 0.2642487155014709, 0.27036038, 0.09121798993300279, 6
0.5833333333333334, 0.4358974358974359, 0.0, 0.9999999999999999, 0.0, 0.03778336115323328, 0.0006822158461747096, 0.033457241147855386, 0.0009106914896069349, 0.1507498023302969, 0.15715465721316837, 0.17542561639841314, 0.11764706351613968, 0.8857715399900402, 0.28304239822669025, 0.3004291841349076, 0.17542561639841314, 0.38262922, 0.18738724049994204, 1
0.8293650793650793, 0.5940170940170941, 0.0, 0.0, 0.0, 0.005037784358634367, 7.909747931373606e-05, 0.013011154614087838, 0.00012901460208112313, 0.0018416206621258454, 0.0, 0.005181347336649499, 0.0, 0.8777555074365163, 0.12842893246901463, 0.5751073047247143, 0.005181347336649499, 0.5555556, 0.08950025558161051, 5
0.7261904761904762, 0.7307692307692308, 0.0, 0.0, 0.0, 0.0982367798044529, 0.0049624414436444135, 0.1003717301350164, 0.002766014571857556, 0.34254143960371014, 0.3275434080623619, 0.39230200882532945, 0.30298148023383176, 0.6633266385235397, 0.4700748253508999, 0.21673818126139677, 0.39230200882532945, 0.29042712, 0.11555212688144306, 6
0.9761904761904762, 0.5726495726495727, 0.0, 0.0, 0.0, 0.0528967418865678, 0.002105971840626338, 0.03531597881179048, 0.0013129129935213991, 0.13496449048738304, 0.1075268805197578, 0.1317542652239398, 0.16518937094932012, 0.6452905659093735, 0.13715711135409617, 0.8090128861463651, 0.15173946152286796, 0.36371678, 0.9999999999999998, 7
0.5992063492063492, 0.8247863247863249, 0.0, 0.0, 0.0, 0.11083123503353239, 0.006485988653388021, 0.06505575801467615, 0.006321716657642286, 0.11970534836572563, 0.09677418874569783, 0.1065877135942836, 0.15632553862751378, 0.6833667352380112, 0.08229426703689662, 0.8626609609497325, 0.14359733266911423, 0.3969092, 0.9513584609750885, 7
0.26190476190476186, 0.4358974358974359, 0.0, 0.0, 0.0, 0.02015112881992768, 0.0005536824165955679, 0.05390334541396606, 0.004409262345174653, 0.14127862658997936, 0.1538461561366672, 0.1606217554450167, 0.10797743748608028, 0.9338677331468548, 0.2531172179666174, 0.3004291841349076, 0.1606217554450167, 0.38127685, 0.2164546923936465, 1
0.4841269841269841, 0.7948717948717949, 0.0, 0.0, 0.0, 0.08816123647761301, 0.005231712050623017, 0.06877324003399657, 0.0026774556264244137, 0.12707183811762324, 0.1042183571107515, 0.09918578977931747, 0.17969380274219335, 0.6813627111377059, 0.009975063827339425, 0.9892703966273098, 0.1650629257221534, 0.43971756, 0.8936904572510338, 7
0.01984126984126984, 0.14102564102564102, 0.0, 0.0, 0.0, 0.027707790622362487, 0.0002867281159135539, 0.04460958348833798, 0.0007285555030200516, 0.822415215129491, 0.7998345012489081, 0.8823093773672048, 0.7792102757517302, 0.4408817489608472, 0.6720698426051459, 0.10729613029342938, 0.8823093773672048, 0.1971141, 0.09022296318401024, 2
0.45238095238095233, 0.7222222222222223, 0.0, 0.0, 0.0, 0.10075568717268733, 0.005655470794700643, 0.3550186060792427, 0.09238203613611672, 0.22520390115570094, 0.2142266320483061, 0.25314581978642353, 0.20547945523384806, 0.733466922915972, 0.3229426647579933, 0.3948497903811087, 0.25536641491759005, 0.25072145, 0.06670619787759002, 6
0.7817460317460317, 0.4487179487179488, 0.0, 0.0, 0.0, 0.26196470685049644, 0.013218536803877454, 0.03159850013819517, 0.0009078383028903464, 0.3627992828697315, 0.35897432461665885, 0.39452256398610336, 0.3319903438195782, 0.7374749530805098, 0.385286799651433, 0.28326179942529783, 0.39452256398610336, 0.2246171, 0.12677290326589047, 4
0.28968253968253965, 0.32051282051282054, 0.0, 0.49999999999999994, 0.0, 0.1889169191162952, 0.00801355966047725, 0.09479554390901206, 0.005677685632894306, 0.34254143960371014, 0.30686514606128307, 0.4093264182777677, 0.3045930676503379, 0.5130260394175121, 0.5561097550699319, 0.22961374393523587, 0.4093264182777677, 0.32763156, 0.08244635374942455, 4
0.34523809523809523, 0.8803418803418804, 0.0, 0.0, 0.0, 0.06297228974741284, 0.003964759938963642, 0.048327142459336135, 0.003248134360661415, 0.09997369613114343, 0.07940446504196204, 0.0829015587187384, 0.1385978957405488, 0.7074148260448753, 0.05610972701506836, 0.8819742663338803, 0.12731309494680307, 0.44601154, 0.9200900513328368, 7
0.04365079365079365, 0.5726495726495727, 0.0, 0.0, 0.0, 0.040302268521467725, 0.0020960828774649197, 0.03345724917759567, 0.002549935531594129, 0.03920021179480254, 0.0306038024514242, 0.058475205466137714, 0.02659145852867479, 0.8156312563190508, 0.22069826333325065, 0.482832628809704, 0.058475205466137714, 0.5881634, 0.10555767154327045, 1
0.8888888888888888, 0.40598290598290604, 0.0, 0.0, 0.0, 0.015113350808900524, 0.0002372923765417927, 0.016728624588797834, 0.0004325783417916633, 0.011838989920070478, 0.0008271298100679995, 0.02960769992307698, 0.003223207105373029, 0.8076152284549057, 0.20448878040559457, 0.5193133111781394, 0.02960769992307698, 0.9777778, 0.07790475795997859, 3
0.5912698412698413, 0.17948717948717952, 0.0, 0.0, 0.0, 0.047858958888134996, 0.0020664122773203374, 0.05390329188236416, 0.0008575636013992999, 0.7134964561521325, 0.6418527224886986, 0.814211686263595, 0.6736502483992728, 0.12224444206248042, 0.84413970204321, 0.15236052239864456, 0.814211686263595, 0.29451475, 0.05302479659375137, 2
0.9523809523809523, 0.17948717948717952, 0.0, 0.0, 0.0, 0.05541569459485377, 0.002096076817609566, 0.03345729467945729, 0.0006374833091630172, 0.6600895155534854, 0.569065281932244, 0.7949667149886508, 0.6019339194042391, 0.0, 1.0, 0.015021425408460964, 0.7949667149886508, 0.35934293, 0.05941164454293246, 2