@relation segment-10-8tst.dat
@attribute Region-centroid-col real [1.0, 254.0]
@attribute Region-centroid-row real [11.0, 251.0]
@attribute Region-pixel-count real [9.0, 10.0]
@attribute Short-line-density-5 real [0.0, 0.33333334]
@attribute Short-line-density-2 real [0.0, 0.22222222]
@attribute Vedge-mean real [0.0, 29.222221]
@attribute Vegde-sd real [0.0, 991.7184]
@attribute Hedge-mean real [0.0, 44.722225]
@attribute Hedge-sd real [-1.5894573e-08, 1386.3292]
@attribute Intensity-mean real [0.0, 143.44444]
@attribute Rawred-mean real [0.0, 137.11111]
@attribute Rawblue-mean real [0.0, 150.88889]
@attribute Rawgreen-mean real [0.0, 142.55556]
@attribute Exred-mean real [-49.666668, 9.888889]
@attribute Exblue-mean real [-12.444445, 82.0]
@attribute Exgreen-mean real [-33.88889, 24.666666]
@attribute Value-mean real [0.0, 150.88889]
@attribute Saturatoin-mean real [0.0, 1.0]
@attribute Hue-mean real [-3.0441751, 2.9124804]
@attribute Class integer [1, 7]
@inputs Region-centroid-col, Region-centroid-row, Region-pixel-count, Short-line-density-5, Short-line-density-2, Vedge-mean, Vegde-sd, Hedge-mean, Hedge-sd, Intensity-mean, Rawred-mean, Rawblue-mean, Rawgreen-mean, Exred-mean, Exblue-mean, Exgreen-mean, Value-mean, Saturatoin-mean, Hue-mean
@outputs Class
@data
0.236, 0.774468085106383, 0.0, 0.0, 0.0, 0.0887371735419187, 0.004630384244205814, 0.11633662283354503, 0.012396575634390962, 0.36795826195966885, 0.34488731010215623, 0.42225612999842155, 0.32796610447428903, 0.5906183660562547, 0.5359801873141287, 0.21041211781894426, 0.42225612999842155, 0.30292457, 0.10782177988874642, 6
0.048, 0.44680851063829785, 0.0, 0.0, 0.0, 0.02047781211429397, 0.00040741948287030457, 0.019801980383295767, 0.001907623250250125, 0.011816433822877465, 0.0, 0.02667683008184307, 0.006779661159149671, 0.808102349793827, 0.2121588197252005, 0.55531453429167, 0.02667683008184307, 1.0, 0.054768164869568925, 3
0.864, 0.425531914893617, 0.0, 0.0, 0.0, 0.05802044615546138, 0.0016317981224701346, 0.017326737847760357, 0.002508861836878437, 0.17037648716105036, 0.15164644227447924, 0.2019817219045126, 0.15254237417408792, 0.6972281610653703, 0.3523573429859195, 0.4229934894857449, 0.2019817219045126, 0.33914888, 0.08497014290621313, 5
0.192, 0.7829787234042553, 0.0, 0.0, 0.0, 0.19795222677491814, 0.009102586522392068, 0.2500000111386146, 0.02971883285196836, 0.4130255901993333, 0.3830155660215861, 0.47865857736745465, 0.36694914717753513, 0.5223880818986089, 0.6079404614461029, 0.15401302102851028, 0.47865857736745465, 0.31241447, 0.10363514977976201, 6
0.156, 0.374468085106383, 0.0, 0.0, 0.0, 0.15017069589162013, 0.009461193241630729, 0.07920793579060972, 0.00963348510386796, 0.4545205043828815, 0.43674174127216475, 0.5038109720021098, 0.41440677300344725, 0.5970149288101072, 0.5434243601493781, 0.19088934078043984, 0.5038109720021098, 0.25960675, 0.11132090143370488, 4
0.352, 0.36595744680851067, 0.0, 0.49999999999999994, 0.0, 0.05460752968817184, 0.0011769886461642756, 0.07673268167091515, 0.012137264344697666, 0.1489420250832166, 0.158578851732652, 0.171493911588852, 0.1135593238437231, 0.914712154397825, 0.3002481554716804, 0.29284165557756664, 0.171493911588852, 0.40403765, 0.19860780374560277, 1
0.336, 0.31063829787234043, 0.0, 0.49999999999999994, 0.0, 0.12627988130321713, 0.005760458630562449, 0.07673266830457766, 0.021866123451766712, 0.1569112473073267, 0.167244361605628, 0.1806402581134284, 0.11949152897874178, 0.9168443502980074, 0.3089330107521755, 0.2754880542958104, 0.1806402581134284, 0.40511805, 0.19997638457710754, 1
0.876, 0.39148936170212767, 0.0, 0.0, 0.0, 0.07167234547170104, 0.0006450812323801864, 0.037128711547887376, 0.002217612163618594, 0.0164880476951058, 0.0025996532738511878, 0.0365853689489145, 0.007627118708704396, 0.7910447825923685, 0.23945410151069252, 0.5249457710941507, 0.0365853689489145, 0.94708997, 0.07092511331000628, 3
0.792, 1.0, 0.0, 0.0, 0.0, 0.13993172532935852, 0.004341297764302512, 0.06435644226056311, 0.006603040647119343, 0.06842539389099553, 0.05112651137014229, 0.05030488187602266, 0.10508474834817583, 0.746268661012634, 0.07196030204760842, 0.8633405802532459, 0.0945122016889132, 0.5633903, 0.8699099900199436, 7
0.252, 0.5446808510638298, 0.0, 0.0, 0.0, 0.02047781825763822, 0.00040741957453970423, 0.01980198394765243, 0.0004769059091359767, 0.03737290652605396, 0.05112651137014229, 0.04039634438090252, 0.020338983477449012, 0.9872068169230002, 0.16377171974521157, 0.4577006530037032, 0.045731708613734455, 0.5952381, 0.30938238654296224, 1
0.060000000000000005, 0.20851063829787236, 0.0, 0.0, 0.0, 0.08873718582860722, 0.004164729972352203, 0.07425741864032892, 0.009156592554058594, 0.14014840874722886, 0.13691506535177245, 0.17225609912951748, 0.10677966192186154, 0.8230277210951031, 0.34367246537291696, 0.31019521781376874, 0.17225609912951748, 0.44109204, 0.1560522403817186, 1
0.464, 0.6468085106382979, 0.0, 0.49999999999999994, 0.0, 0.05460749037076865, 0.0015844084040427795, 0.0915841529237326, 0.0064143835845745165, 0.10827150501154603, 0.10051992544506519, 0.0945122016889132, 0.13050846720769887, 0.80170576209328, 0.10794045139647458, 0.7440347090767501, 0.11737804742108485, 0.24844901, 0.8903025097344013, 7
0.452, 0.4085106382978724, 0.0, 0.0, 0.0, 0.034129695457838574, 0.0012335243733808318, 0.0866336357734518, 0.006706847443572135, 0.13382798216649527, 0.07538994603353881, 0.20655488144728787, 0.1093220322823901, 0.4179104808706991, 0.5397022346498656, 0.37960954484968545, 0.20655488144728787, 0.67951304, 0.051586645632029915, 3
0.128, 0.6553191489361703, 0.0, 0.0, 0.0, 0.05119453335740706, 0.0015447060814732566, 0.07178218679786351, 0.005664451701044667, 0.09508107308794321, 0.08318890569911318, 0.06707317583469688, 0.1372881367566791, 0.7761194016962099, 0.03349876100924219, 0.9002169195279526, 0.12347561634397343, 0.46356925, 0.8337957492998131, 7
0.56, 0.7106382978723405, 0.0, 0.0, 0.0, 0.15358354478212294, 0.00336120673842201, 0.10148512039260675, 0.02329685003174047, 0.25611434289200663, 0.24610050066981362, 0.2896341465506023, 0.22711865531456488, 0.7292110899732225, 0.39330025449790373, 0.31887201845464686, 0.2896341465506023, 0.29320765, 0.12214720421289599, 6
0.384, 0.39148936170212767, 0.0, 0.0, 0.0, 0.2866893880301484, 0.011407747414869454, 0.17574259695373148, 0.11028449249366798, 0.06457818674400088, 0.038128248120470214, 0.0998475624918669, 0.050847456786842854, 0.6801705708361938, 0.33126551809167026, 0.4772234300422077, 0.0998475624918669, 0.69722587, 0.061199887306956025, 3
0.24, 0.7957446808510639, 0.0, 0.0, 0.0, 0.15699660254633022, 0.005220165605659571, 0.06683166073669104, 0.007277696942227189, 0.44874967140352595, 0.41854417911777075, 0.5137195129271082, 0.40338984240160886, 0.5074626856506381, 0.6178660103380973, 0.15184378670343096, 0.5137195129271082, 0.2978795, 0.1008902320178236, 6
0.984, 0.16170212765957448, 0.0, 0.0, 0.0, 0.04436901373338464, 0.0008714349808656934, 0.03712871377561029, 0.0045068132565724665, 1.0, 1.0, 1.0, 0.9940678558819309, 0.5223880818986089, 0.5037221087501321, 0.3362256002136261, 1.0, 0.12111875, 0.0725281850578447, 2
0.188, 0.5276595744680851, 0.0, 0.0, 0.0, 0.010238908514484687, 0.00023766144394521627, 0.014851487737967033, 0.000572287155345469, 0.0032976094648249485, 0.0, 0.009146342408722537, 0.0, 0.8742004265374317, 0.16501241447333623, 0.5704989168665685, 0.009146342408722537, 0.7777778, 0.0947826928202804, 3
0.8, 0.7574468085106383, 0.0, 0.0, 0.0, 0.06825943514775573, 0.0022926746035458884, 0.15099007357856908, 0.01602627312773061, 0.30942569386628077, 0.2954939248833841, 0.34756100329974865, 0.27881357270180995, 0.6801705708361938, 0.43548390428640216, 0.2950108313343149, 0.34756100329974865, 0.27838665, 0.11311487446030705, 6
0.08399999999999999, 0.29787234042553196, 0.0, 0.0, 0.0, 0.0887371981152957, 0.0032140895745094533, 0.07920793579060972, 0.006199776142753579, 0.133278381145496, 0.14731369123747107, 0.15015245465752425, 0.09999999999999999, 0.9530916825200831, 0.26674939446243817, 0.31236443261607105, 0.15015245465752425, 0.39975148, 0.22270014536448068, 1
0.18, 0.6808510638297872, 0.0, 0.0, 0.0, 0.08191121774045465, 0.002410326869550808, 0.05198017166209025, 0.005718396726288965, 0.17614729788154232, 0.1455805908226678, 0.16310977318421044, 0.2194915366058605, 0.6076759179059013, 0.13647643248825525, 0.8915401384098515, 0.19740855550198086, 0.35148725, 0.9489573841415547, 7
0.572, 0.5957446808510639, 0.0, 0.0, 0.9999999999999999, 0.30375421610036607, 0.108837620706064, 0.44306936019753307, 0.7815771731278593, 0.0838142373182165, 0.06065857457010379, 0.12042683188252913, 0.06525423360384944, 0.6972281610653703, 0.3449131813169236, 0.4360086806856735, 0.12042683188252913, 0.74729437, 0.08644152368762326, 5
0.256, 0.5957446808510639, 0.0, 0.0, 0.0, 0.22866891115796573, 0.06660178204701864, 0.34405946273650007, 0.4608102769597649, 0.06128057319838427, 0.04592720778604459, 0.08689025082493716, 0.0474576281140477, 0.7633262320520455, 0.2828784225781828, 0.4772234300422077, 0.08689025082493716, 0.3006237, 0.08515957974671762, 5
0.244, 0.4553191489361702, 0.0, 0.0, 0.0, 0.0, 0.0, 0.0, 0.0, 0.002473207117167764, 0.0, 0.0068597564635540795, 0.0, 0.8805970161569551, 0.15756824498796285, 0.5770065105142551, 0.0068597564635540795, 1.0, 0.0947826928202804, 3
0.748, 0.7191489361702128, 0.0, 0.0, 0.9999999999999999, 0.10238902985474863, 0.002576747195076791, 0.12376236737084542, 0.01292406236841868, 0.3753778831627797, 0.3578856022079791, 0.42759147708186235, 0.3322034036627407, 0.6289978769077244, 0.5285359809801181, 0.1843817939874181, 0.42759147708186235, 0.30094525, 0.11827074574312652, 6
0.552, 0.2468085106382979, 0.0, 0.0, 0.0, 0.10580198932544792, 0.002529341465060957, 0.03465345074502405, 0.0064620234583337086, 0.3435009720074757, 0.3561525017931758, 0.35060976718192355, 0.32118643492530874, 0.8635394489554966, 0.2965260746371825, 0.35140998669308, 0.35060976718192355, 0.1761556, 0.16941594459766102, 4
0.364, 0.7659574468085106, 0.0, 0.0, 0.0, 0.11262801884704297, 0.003686526465245976, 0.18069306954955397, 0.013668781410513114, 0.45699371639699926, 0.4263431387833451, 0.5259146850716676, 0.40762711108158567, 0.5010660845172556, 0.6401985176775922, 0.11930583798777489, 0.5259146850716676, 0.30559286, 0.1051385493285451, 6
0.584, 0.4, 0.0, 0.0, 0.0, 0.06143340194015413, 0.0037005705228428383, 0.054455439148122314, 0.00422001362329403, 0.3665842371483072, 0.33188907258905104, 0.43140246966324153, 0.32627120615484073, 0.5053305108591973, 0.5868486477181074, 0.208242922539419, 0.43140246966324153, 0.32513812, 0.09277897969187526, 4
0.932, 0.1319148936170213, 0.0, 0.0, 0.0, 0.07167227175157005, 0.0019055304057162348, 0.059405889466715656, 0.003838998996923814, 0.8505084332527538, 0.7868283448197712, 0.9115854221120271, 0.8398305452528012, 0.1087420657493815, 0.7468983245940836, 0.3318872096545755, 0.9115854221120271, 0.24072178, 0.040429831793355964, 2
0.828, 0.3361702127659575, 0.0, 0.0, 0.0, 0.06143345477291466, 0.0023226483582911932, 0.027227724029506992, 0.0031589389024878605, 0.06760099235949667, 0.04592720778604459, 0.10442073575415511, 0.0474576281140477, 0.7142857129150169, 0.3399503957046728, 0.4273318800447954, 0.10442073575415511, 0.6197129, 0.08846481689793967, 5
0.07200000000000001, 0.5063829787234043, 0.0, 0.0, 0.0, 0.04095563037193219, 0.0002716133603505462, 0.02722772670277449, 0.001549944051783969, 0.02198406235687087, 0.008665511432767939, 0.04420732118484183, 0.01016949212008044, 0.7931769804115273, 0.25186105995819286, 0.5010845976397627, 0.04420732118484183, 0.8292328, 0.08778596840707681, 5
0.632, 0.7319148936170213, 0.0, 0.49999999999999994, 0.0, 0.16040959273375074, 0.005918694070398493, 0.22772276861582175, 0.02277942753836863, 0.3671338381693064, 0.34835354212760145, 0.41768295673613337, 0.3271186553145649, 0.622601275774342, 0.5173697273103708, 0.21041211781894426, 0.41768295673613337, 0.2973408, 0.1135435028831625, 6
0.492, 0.5702127659574469, 0.0, 0.0, 0.0, 0.0, 0.0, 0.0, 0.0, 0.0, 0.0, 0.0, 0.0, 0.8997867811775724, 0.13523573764846805, 0.5965292875527596, 0.0, 0.0, 0.4734385521977593, 5
0.9, 0.12340425531914893, 0.0, 0.49999999999999994, 0.0, 0.034129677027805824, 0.0012335248317278304, 0.07178210659983854, 0.006426295532769945, 0.3547678226164448, 0.334488723211256, 0.3978658748861366, 0.32457628495403634, 0.6162046938307245, 0.4764268157983864, 0.2885032454957391, 0.3978658748861366, 0.27198678, 0.09910904118689212, 4
0.656, 0.21276595744680854, 0.0, 0.0, 0.0, 0.04778154316998652, 0.002399255864481093, 0.032178183258991994, 0.0021222297907189055, 0.7221764835551144, 0.6455805674257888, 0.8307927539294914, 0.6720339336613045, 0.06183368302426351, 0.9317618625337921, 0.0563991358359881, 0.8307927539294914, 0.316474, 0.06861289185497699, 2
0.76, 0.15319148936170213, 0.0, 0.0, 0.0, 0.04436870288016566, 0.001190732639259492, 0.04207913513380573, 0.004971618545191865, 0.8068151001459661, 0.742634253046449, 0.8711890708713681, 0.7932203457052571, 0.12153517206732123, 0.7468983245940836, 0.31887201845464686, 0.8711890708713681, 0.25013667, 0.04252531638601004, 2
0.8240000000000001, 0.3191489361702128, 0.0, 0.0, 0.0, 0.17747437165721444, 0.007831518182457368, 0.032178216674835725, 0.0004053701273868127, 0.038197308057552816, 0.021663776242231945, 0.0685975646355408, 0.020338983477449012, 0.7633262320520455, 0.2977667570824281, 0.4511930534991835, 0.0685975646355408, 0.79721206, 0.09857327373780744, 5
0.716, 0.7276595744680852, 0.0, 0.49999999999999994, 0.0, 0.18088741713473322, 0.008285167735292509, 0.0915841529237326, 0.010808784578122121, 0.3621874438195557, 0.3440207676937142, 0.41463415855517616, 0.3194915366058605, 0.6289978769077244, 0.5248139336443813, 0.19088934078043984, 0.41463415855517616, 0.30702683, 0.11754192555660087, 6
0.464, 0.7106382978723405, 0.0, 0.49999999999999994, 0.0, 0.1092150225162782, 0.00395358203832227, 0.11138623489119333, 0.0091805936305306, 0.3338829541399891, 0.32495666313087834, 0.3727134253734297, 0.2974576296394714, 0.7078891309713994, 0.44789084040139515, 0.24511930085967965, 0.3727134253734297, 0.28187475, 0.1279979785689766, 6
0.852, 0.8680851063829788, 0.0, 0.0, 0.0, 0.15699657797295322, 0.006837693247115614, 0.14356436914028117, 0.01604063681817538, 0.09810387870343901, 0.08058925507690827, 0.0701219534363847, 0.14576270462510768, 0.7334754779356341, 0.03473945462074149, 0.9414316688844866, 0.131097560348193, 0.49459508, 0.8505947364002997, 7
0.524, 0.39574468085106385, 0.0, 0.0, 0.0, 0.047781518596609535, 0.0022634398875008683, 1.0, 0.6754901746176657, 0.33827977714722535, 0.3214904311054331, 0.38033537623740576, 0.30593219750789996, 0.6481876419283417, 0.465260562128639, 0.2754880542958104, 0.38033537623740576, 0.27598566, 0.10903673933890301, 4
0.972, 0.3319148936170213, 0.0, 0.49999999999999994, 0.0, 0.17747448838075516, 0.011905741734238983, 0.08663365359523513, 0.03159502440732877, 0.6402858201319105, 0.5511265090304543, 0.7690549457575047, 0.5805085091568518, 0.0, 1.0, 0.0, 0.7690549457575047, 0.36963773, 0.06998443772196972, 2
0.144, 0.5063829787234043, 0.0, 0.0, 0.0, 0.010238907285815836, 0.0005578822743068059, 0.014851486401333281, 0.0013572985703267143, 0.007694421713610486, 0.0, 0.02134146516303549, 0.0, 0.8400852882965617, 0.20471465023982716, 0.5357917572531656, 0.02134146516303549, 1.0, 0.0947826928202804, 5
0.26, 0.23829787234042554, 0.0, 0.0, 0.0, 0.10238906671481413, 0.002716137117499117, 0.0668316295485702, 0.0019314589929836173, 0.9345974488226062, 0.9012131515728591, 0.9664634738204597, 0.9262711603921285, 0.3006396967657895, 0.6352357878966096, 0.3318872096545755, 0.9664634738204597, 0.17967218, 0.05042236297743874, 2
0.704, 0.004255319148936176, 0.0, 0.0, 0.0, 0.020477891977769204, 0.0009110196610389497, 0.0668316295485702, 0.007767478827881655, 0.8381423731821649, 0.7764297969236691, 0.8986280967255844, 0.8262712137819594, 0.1279318307699988, 0.739454118260073, 0.32537960429322266, 0.8986280967255844, 0.23989888, 0.04224271596093604, 2
0.060000000000000005, 0.39574468085106385, 0.0, 0.0, 0.0, 0.07849828898647661, 0.001976789491337807, 0.05198019839476525, 0.005877271632773679, 0.013740038880299028, 0.004332755716383969, 0.02286585464985505, 0.012711864006032747, 0.825159918914262, 0.1848635345898324, 0.585683299441467, 0.02286585464985505, 0.8759259, 0.027986807255391155, 3
0.036, 0.2, 0.0, 0.0, 0.0, 0.05460760709430937, 0.0015334729132354939, 0.03217829642731611, 0.002508858360234403, 0.49546583238467296, 0.44800689396838594, 0.5807927367801002, 0.44406778342430325, 0.362473360600288, 0.7344913661465832, 0.09544468991299693, 0.5807927367801002, 0.3227603, 0.08934731270426766, 4
0.856, 0.008510638297872353, 0.0, 0.0, 0.0, 0.04095555050845696, 0.0015779351388273473, 0.05693073336682937, 0.006568068183427738, 0.9359714884732103, 0.8968803615410526, 0.9733232302840138, 0.9271186858230397, 0.2579957787621433, 0.6625310250170869, 0.32754879957274796, 0.9733232302840138, 0.18946369, 0.048857203908979796, 2
0.024, 0.2723404255319149, 0.0, 0.0, 0.0, 0.07849828898647661, 0.0069827166819392975, 0.09405940704342719, 0.003338341653672173, 0.12475956532000788, 0.13518197273592886, 0.14405488573463568, 0.0923728812912956, 0.9296375276180777, 0.2754342497429333, 0.32104121373417216, 0.14405488573463568, 0.42233688, 0.21072295682884823, 1
0.992, 0.4936170212765958, 0.0, 0.0, 0.0, 0.0, 0.0, 0.0, 0.0, 0.0, 0.0, 0.0, 0.0, 0.8997867811775724, 0.13523573764846805, 0.5965292875527596, 0.0, 0.0, 0.4734385521977593, 5
0.764, 0.21702127659574472, 0.0, 0.49999999999999994, 0.0, 0.08532433079476016, 0.0044023966414532024, 0.03960392601411405, 0.003910648638765096, 0.7056884455055162, 0.629116105686198, 0.8147866440816045, 0.6550847216532604, 0.06823032253717609, 0.9280397482005331, 0.0563991358359881, 0.8147866440816045, 0.32066384, 0.06923536851259948, 2
0.968, 0.3829787234042554, 0.0, 0.0, 0.0, 0.36518770159000197, 0.015044441477751056, 0.06683166964758269, 0.005212800552657636, 0.16845287616793184, 0.149046776054355, 0.2027439094451781, 0.14830509023987365, 0.6929637539131936, 0.36476427910091247, 0.4056399077267657, 0.2027439094451781, 0.36449948, 0.08915049943401265, 5
0.46, 0.4042553191489362, 0.0, 0.0, 0.0, 0.14334469708674633, 0.008879502621393432, 0.10148512039260675, 0.012247063201525603, 0.1277823560962613, 0.0719237374049726, 0.1989329374430683, 0.10254237798764727, 0.43923242068275714, 0.5297766857578712, 0.37527115429063496, 0.1989329374430683, 0.6807869, 0.05377285307882146, 3
0.316, 0.2723404255319149, 0.0, 0.0, 0.0, 0.027303765458420344, 0.0002263439704162069, 0.03960395274678904, 0.0041967812714473526, 0.3399285802102231, 0.334488723211256, 0.3696646614912548, 0.3101695043234704, 0.7313432839544283, 0.40570720177915054, 0.2950108313343149, 0.3696646614912548, 0.245206, 0.12651343592271747, 4
0.4, 0.6978723404255319, 0.0, 0.49999999999999994, 0.0, 0.11262798198697747, 0.004678678434043423, 0.10891090948436546, 0.012114718951959216, 0.36493543408530943, 0.35008664254240474, 0.4100610127319138, 0.3271186553145649, 0.6524520298907532, 0.49007447902363976, 0.22776569957792342, 0.4100610127319138, 0.28268683, 0.11720074760115518, 6
0.744, 0.31063829787234043, 0.0, 0.0, 0.0, 0.04095563037193219, 0.001440445584173486, 0.014851482391432035, 0.0019195094455267824, 0.05441055672608324, 0.03986134853527348, 0.08384146636349288, 0.03559322318299342, 0.7718550175717512, 0.2990074618601811, 0.44034707124472405, 0.08384146636349288, 0.61790985, 0.10538209806670462, 5
0.064, 0.4595744680851064, 0.0, 0.0, 0.0, 0.04436860028631671, 0.002636909516527336, 0.027227724029506992, 0.002694518104945719, 0.007969222224110104, 0.000866551065287197, 0.018292684131469426, 0.0033898305795748355, 0.8443496839348793, 0.18858561542433033, 0.5596529326598314, 0.018292684131469426, 0.9814815, 0.08125661675240342, 3
0.484, 0.5829787234042554, 0.0, 0.0, 0.0, 0.0, 0.0, 0.0, 0.0, 0.0, 0.0, 0.0, 0.0, 0.8997867811775724, 0.13523573764846805, 0.5965292875527596, 0.0, 0.0, 0.4734385521977593, 5
0.13999999999999999, 0.2680851063829787, 0.0, 0.0, 0.0, 0.061433479346291654, 0.0005432247650872324, 0.11386143554553792, 0.018503940840394997, 0.32508933780400134, 0.3206238886969911, 0.35594514856414666, 0.29322033045101975, 0.7441364670314282, 0.40570720177915054, 0.2819956791799403, 0.35594514856414666, 0.25891644, 0.13244639961616528, 4
0.26, 0.4382978723404256, 0.0, 0.0, 0.0, 0.06825937371431325, 0.0011769923740531964, 0.10148515158072757, 0.027589001443451097, 0.1566364393772059, 0.15771228592733103, 0.18750001457698248, 0.12033898576558462, 0.8486140738162674, 0.34367246537291696, 0.2841648549366885, 0.18750001457698248, 0.41688403, 0.1804154849990809, 1
0.092, 0.8212765957446809, 0.0, 0.0, 0.0, 0.3515358759938933, 0.014794108847695173, 0.2821782835065232, 0.022873599524086057, 0.41275078226921247, 0.3760831487644537, 0.48246955622932086, 0.36864406075122086, 0.47334758195134513, 0.6277915815625991, 0.16919736846241012, 0.48246955622932086, 0.32059526, 0.0947484321968069, 6
0.188, 0.34042553191489366, 0.0, 0.0, 0.0, 0.10238906057146988, 0.018062266561963913, 0.13366337493873204, 0.0211746195971986, 0.03847210856805243, 0.017331022085639906, 0.064786592633431, 0.02966101652255099, 0.7292110899732225, 0.2779156481321856, 0.5206073785828225, 0.064786592633431, 0.79410774, 0.0528274045068286, 3
1.0, 0.2851063829787234, 0.0, 0.0, 0.0, 0.06484635895351572, 0.0012788487802332174, 0.034653476141065294, 0.0030521942774439197, 0.28854083280944626, 0.2694973952644561, 0.33231708099252716, 0.2567796733625396, 0.6503198359095475, 0.4553350020703909, 0.29067244077526433, 0.33231708099252716, 0.3038762, 0.1067788286558603, 4
0.712, 0.4297872340425532, 0.0, 0.0, 0.0, 0.1808874294214217, 0.004923572624180487, 0.05940592956572814, 0.005256793491207309, 0.24622149483553554, 0.22703637271009872, 0.28582319512776194, 0.2194915366058605, 0.6652452129677532, 0.4193548650044039, 0.3383947954931513, 0.28582319512776194, 0.30946052, 0.09953437914353541, 4
0.628, 0.4297872340425532, 0.0, 0.49999999999999994, 0.0, 0.027303706482315556, 0.0010519530517002886, 0.0915841529237326, 0.007106939639021336, 0.22121464096044918, 0.20017329288376906, 0.2545731766921664, 0.20338982714737142, 0.6609808058155765, 0.37965263593766513, 0.4121474935653415, 0.2545731766921664, 0.31028613, 0.07975647151086329, 5
0.16799999999999998, 0.2723404255319149, 0.0, 0.0, 0.0, 0.027303726755351577, 0.001051951768328693, 0.03465350421037403, 0.0025990257670828764, 0.7993954789428553, 0.7322356271607505, 0.8681403207087062, 0.7838983286771045, 0.10234540704670392, 0.7655087064340658, 0.30585682725471824, 0.8681403207087062, 0.2580791, 0.04351469810578168, 2
0.44, 0.7914893617021277, 0.0, 0.0, 0.0, 0.17406139989982666, 0.003957950696346733, 0.13861386535633788, 0.011490365833087606, 0.15801045676894637, 0.12998267149151907, 0.13948171933210393, 0.20508475597529455, 0.633262264870136, 0.10297767248397591, 0.9240781261710616, 0.18445123697529464, 0.3819119, 0.9196289706458052, 7
0.86, 0.8212765957446809, 0.0, 0.0, 0.0, 0.15358361850225394, 0.0066205644958853725, 0.11881189031957709, 0.01573790353214157, 0.11926354027077313, 0.09878682503026191, 0.0990853749512014, 0.16101694204251646, 0.7036247430089877, 0.08064516291123038, 0.8915401384098515, 0.14481707327530116, 0.40212956, 0.8912432214814073, 7
0.904, 0.32340425531914896, 0.0, 0.0, 0.0, 0.04436860028631671, 0.0005998121327322795, 0.049504957641408165, 0.002479910276831, 0.019510855536487952, 0.003466204339138385, 0.04268292964009533, 0.009322033807813846, 0.77398721539091, 0.2555831407926908, 0.5140997829828582, 0.04268292964009533, 0.9398148, 0.07103709763813043, 3
0.188, 0.5659574468085107, 0.0, 0.0, 0.0, 0.04778156160001927, 0.0007695677271400427, 0.2970297146603281, 0.21517996783460444, 0.11843913873927428, 0.09358751598689244, 0.11585367233975385, 0.14491525546538353, 0.6716417949113705, 0.16625310808483554, 0.7744034761788248, 0.13338415726897182, 0.4037081, 1.0, 7
0.252, 0.23404255319148937, 0.0, 0.0, 0.0, 0.04095555050845696, 0.0005432220761181749, 0.04950482397803323, 0.003624482527288436, 0.8348447967346543, 0.8110918052197345, 0.8765244522535912, 0.8067796848032177, 0.40938168575611084, 0.646402041566357, 0.20173537574639727, 0.8765244522535912, 0.18609881, 0.08081361513922525, 2
0.636, 0.6851063829787234, 0.0, 0.0, 0.0, 0.02389078878635716, 0.0004640056893696222, 0.05198019839476525, 0.0025037554193798437, 0.0964550756404413, 0.07885614686314533, 0.08079268876180504, 0.13050846720769887, 0.7334754779356341, 0.09429280715385248, 0.8373101978533887, 0.11737804742108485, 0.40773422, 0.8966102430658351, 7
0.0, 0.12340425531914893, 0.0, 0.0, 0.0, 0.13310582481799269, 0.007299596407133993, 0.10643568209734589, 0.00984809962774156, 0.13904919186598796, 0.13518197273592886, 0.17301829352993944, 0.10423729156133299, 0.8187633273757621, 0.3523573429859195, 0.29934924141614244, 0.17301829352993944, 0.45768142, 0.15637401905009984, 1
0.9480000000000001, 0.6170212765957447, 0.0, 0.0, 0.0, 0.11262798198697747, 0.002817981209423113, 0.2648514378369737, 0.029592017754062196, 0.33498215618198757, 0.2954939248833841, 0.40015245122764603, 0.2991525279589197, 0.4818763194966384, 0.5769231211586203, 0.24945767189595314, 0.40015245122764603, 0.35212588, 0.08237940698964807, 6
0.388, 0.39148936170212767, 0.0, 0.49999999999999994, 0.0, 0.09556314163007129, 0.006201829678438718, 0.14851485955788699, 0.01459330797529265, 0.1382247977541103, 0.15164644227447924, 0.15777439866174384, 0.10254237798764727, 0.9466950948195362, 0.2816377289666835, 0.29284165557756664, 0.15853658620240932, 0.41378537, 0.22568288066793424, 1
0.28, 0.4085106382978724, 0.0, 0.0, 0.0, 0.030716721243113084, 0.0009166939968796347, 0.04207920864866194, 0.008989674367218594, 0.009618026771032047, 0.0, 0.024390245508625903, 0.0025423729537489234, 0.825159918914262, 0.2109181227638251, 0.5401301556213269, 0.024390245508625903, 1.0, 0.08662902602326666, 3
0.088, 0.3319148936170213, 0.0, 0.0, 0.0, 0.09897599666391835, 0.0023595804316021455, 0.0915841529237326, 0.011144450696680835, 0.46633693375398627, 0.42720969678970644, 0.5434451357021032, 0.41610170945848907, 0.43496805191011056, 0.683622849911336, 0.11062903734689677, 0.5434451357021032, 0.3155379, 0.096713581784384, 4
0.632, 0.11063829787234043, 0.0, 0.0, 0.0, 0.05119453335740706, 0.0024740464831691776, 0.009900991973826215, 0.0011082290876642232, 0.00522121489322757, 0.004332755716383969, 0.008384146636349288, 0.0025423729537489234, 0.8912579966173548, 0.15260546607546416, 0.5748373113301745, 0.008384146636349288, 0.537037, 0.13985027402442152, 5
0.44, 0.2638297872340426, 0.0, 0.0, 0.0, 0.05802060342507415, 0.0017543535402126309, 0.051980144929415266, 0.005212821670051029, 0.7985710848309777, 0.7322356271607505, 0.8589939330255909, 0.791525447385809, 0.1087420657493815, 0.7245658172545888, 0.3709327637315844, 0.8589939330255909, 0.2501428, 0.035068939154235534, 2
0.13999999999999999, 0.3787234042553192, 0.0, 0.0, 0.0, 0.48122858161423626, 0.02967981987085187, 0.9851484841927242, 0.1391853836734221, 0.1382247977541103, 0.11611784477621392, 0.16082318312318813, 0.133898301982189, 0.6844349779883705, 0.2965260746371825, 0.5336225600213627, 0.16082318312318813, 0.6076133, 0.03499842916397328, 3
1.0, 0.7914893617021277, 0.0, 0.0, 0.0, 0.2832764039860721, 0.016791129775544113, 0.24752475701892, 0.03731130514504687, 0.2989832447888105, 0.2790294631437934, 0.3361280667141499, 0.27542372267308235, 0.6396588660035185, 0.42679901550714594, 0.35140998669308, 0.3361280667141499, 0.2753682, 0.08006049612528615, 6
0.572, 0.36595744680851067, 0.0, 0.49999999999999994, 0.0, 0.034129677027805824, 0.0003621508904597425, 0.07178217788697185, 0.0038390867499945277, 0.16652928001405573, 0.16811090401406992, 0.20045731938415576, 0.1262711832734846, 0.8486140738162674, 0.36228290304416755, 0.2516269062210325, 0.20045731938415576, 0.43281928, 0.17073052200841882, 1
0.8200000000000001, 0.34893617021276596, 0.0, 0.0, 0.0, 0.05460750142878829, 0.0019918292313976125, 0.034653464111361554, 0.003052199234880783, 0.019510855536487952, 0.004332755716383969, 0.04039634438090252, 0.011016948906923297, 0.7803837973345275, 0.2444168871229434, 0.5271149683259537, 0.04039634438090252, 0.91534394, 0.06321094070614236, 3
0.964, 0.44680851063829785, 0.0, 0.0, 0.0, 0.2730375378606627, 0.013321852454006635, 0.06930689703460229, 0.011806674770251773, 0.35504261570732326, 0.3492201001339627, 0.3864329383005379, 0.32372880528583736, 0.7228145080296051, 0.4193548650044039, 0.27982648390041504, 0.3864329383005379, 0.2453213, 0.12798752862683005, 4
0.6, 0.5829787234042554, 0.0, 0.0, 0.0, 0.010238908514484687, 0.00010185491808009932, 0.09405941595431884, 0.027946687595205324, 0.01044242978645514, 0.00779895966557437, 0.016768293272698576, 0.005932203609594945, 0.8763326243565904, 0.16997519450246026, 0.5596529326598314, 0.016768293272698576, 0.43915343, 0.11179968234707005, 5
0.18, 0.4765957446808511, 0.0, 0.0, 0.0, 0.07167237004507802, 0.0029344105139667955, 0.04702972134349692, 0.0031589365847251713, 0.13053036862087863, 0.07019063699016934, 0.20655488144728787, 0.10423729156133299, 0.4051172594141692, 0.5545906138191256, 0.36659435364975684, 0.20655488144728787, 0.70147634, 0.052860019897196076, 3
0.74, 0.08936170212765958, 0.0, 0.0, 0.0, 0.02389078018567521, 0.0007667359982707483, 0.02227722470100951, 0.0017955372767060984, 0.0557845585366192, 0.03726169557338068, 0.08917683402620304, 0.03644067768170066, 0.7420042730502223, 0.31885858197667727, 0.4360086806856735, 0.08917683402620304, 0.6486569, 0.0942588397516016, 5
0.632, 0.6510638297872341, 0.0, 0.0, 0.0, 0.09215016372933925, 0.003513623615895193, 0.029702955871972407, 0.0030350073588965385, 0.18631492418964937, 0.1629116105686198, 0.15777439866174384, 0.2398305147443264, 0.6567164178531649, 0.06451612921235893, 0.9674620512843439, 0.21570123483162076, 0.33538613, 0.8896507081526237, 7
0.612, 0.5106382978723405, 0.0, 0.0, 0.0, 0.14675753369056063, 0.009970447618928594, 0.03712865852808198, 0.0007869073062318201, 0.5188239128752463, 0.4965337757735145, 0.5754573210990949, 0.47457625825912086, 0.5394456145584903, 0.6029777093326131, 0.14533623991040923, 0.5754573210990949, 0.25830337, 0.10733896725029707, 4
0.11199999999999999, 0.32340425531914896, 0.0, 0.0, 0.0, 0.20819109290032753, 0.019748527308176663, 0.14603962325997574, 0.05820635427517766, 0.04644133079216253, 0.019064123280339143, 0.08307927196307091, 0.032203390696638905, 0.6801705708361938, 0.33126551809167026, 0.4772234300422077, 0.08307927196307091, 0.82302064, 0.06073012805644762, 3
0.124, 0.3787234042553192, 0.0, 0.49999999999999994, 0.0, 0.09556315391675979, 0.0029424733571292833, 0.1361386557911016, 0.03245346125666518, 0.14976641919509426, 0.15771228592733103, 0.17073172404818648, 0.11779661540505607, 0.9019189772696523, 0.2928039826364309, 0.31887201845464686, 0.17073172404818648, 0.38036656, 0.1922346046001332, 1
0.704, 0.5063829787234043, 0.0, 0.0, 0.0, 0.006825936142762475, 0.0005259762508419452, 0.009900990637192466, 0.0017522640034714934, 0.013740038880299028, 0.00779895966557437, 0.02667683008184307, 0.00508474606004022, 0.8507462697164497, 0.20347395327845175, 0.5271149683259537, 0.02667683008184307, 0.8333333, 0.11224733038781165, 5
0.396, 0.451063829787234, 0.0, 0.49999999999999994, 0.0, 0.04095563037193219, 0.00257674737841559, 0.06683168746936602, 0.005718396726288965, 0.025281672934639, 0.008665511432767939, 0.04115853878132448, 0.02372881443837978, 0.7675906200144571, 0.2220843764335725, 0.5791757077460581, 0.04115853878132448, 0.8435185, 0.017986538051864287, 3
0.776, 0.3617021276595745, 0.0, 0.0, 0.0, 0.44709889475707965, 0.254693786467806, 0.25742576904225245, 0.4434270181596706, 0.06045617908650662, 0.03639514770566695, 0.09146341722746891, 0.04915254473858089, 0.6993603358568111, 0.3089330107521755, 0.4967462070807121, 0.09146341722746891, 0.7380342, 0.05944116927548504, 3
0.9440000000000001, 0.35319148936170214, 0.0, 0.0, 0.0, 0.08191129760392989, 0.003938384779677334, 0.056930675446033564, 0.0038390983388079743, 0.39214072172287756, 0.3708838709169229, 0.44359760750901867, 0.3533898233338121, 0.5948827348289014, 0.5310173793693704, 0.21475054742354888, 0.44359760750901867, 0.28510964, 0.10718923295815569, 4
0.96, 0.5659574468085107, 0.0, 0.0, 0.0, 0.0, 0.0, 0.0, 0.0, 0.0, 0.0, 0.0, 0.0, 0.8997867811775724, 0.13523573764846805, 0.5965292875527596, 0.0, 0.0, 0.4734385521977593, 5
0.736, 0.672340425531915, 0.0, 0.0, 0.0, 0.0887371981152957, 0.002535057816043165, 0.0940594248652105, 0.012781078944284846, 0.12723276249488324, 0.10571922668947498, 0.10670731895542097, 0.17033898957914398, 0.6929637539131936, 0.08188585987260578, 0.9002169195279526, 0.1532012322592121, 0.39643326, 0.895185742388207, 7
0.74, 0.30212765957446813, 0.0, 0.0, 0.0, 0.06484641424361395, 0.003247664103274501, 0.13613861123664328, 0.016367503164389893, 0.049738944337779145, 0.03639514770566695, 0.07469512669867293, 0.034745761057167465, 0.7825159970726627, 0.2754342497429333, 0.47071583053768795, 0.07469512669867293, 0.5942257, 0.10200009542352012, 5
0.152, 0.34042553191489366, 0.0, 0.0, 0.9999999999999999, 0.07849828898647661, 0.004809814260379046, 0.07178218679786351, 0.007845101344173594, 0.03435009794270969, 0.00779895966557437, 0.06326219697283063, 0.02796610218615341, 0.6908315599319879, 0.289081901801933, 0.5401301556213269, 0.06326219697283063, 0.90709877, 0.03420676468869083, 3
0.16, 0.17872340425531918, 0.0, 0.0, 0.0, 0.08532433079476016, 0.0029811730303614856, 0.04455440261983779, 0.0023509090780326316, 0.4874966027409416, 0.46360481329953473, 0.5449695107834343, 0.44406778342430325, 0.5394456145584903, 0.5955335029986025, 0.15835139206478377, 0.5449695107834343, 0.26677614, 0.10629795052227203, 4
0.336, 0.5148936170212767, 0.0, 0.0, 0.0, 0.2389078387168176, 0.012813759528002818, 0.09405940704342719, 0.015396012933115807, 0.09040945698982851, 0.05199306313733586, 0.14329269819397017, 0.06864406837833956, 0.5820895709416666, 0.42679901550714594, 0.4099783178085933, 0.14329269819397017, 0.6957549, 0.06321667190278668, 3
0.13999999999999999, 0.04255319148936171, 0.0, 0.0, 0.0, 0.08191118088038916, 0.0022315287611060913, 0.04455428900596909, 0.0048938062942708764, 0.9351470943613327, 0.8916810758945621, 0.9756098615035749, 0.9271186858230397, 0.22601283066452615, 0.6774194041863469, 0.33405638541132376, 0.9756098615035749, 0.19609308, 0.045826196381423656, 2
0.904, 0.5446808510638298, 0.0, 0.0, 0.0, 0.030716724929119633, 0.0010525000735646932, 0.029702978149201562, 0.002003003691680906, 0.039296510099551284, 0.05199306313733586, 0.04268292964009533, 0.022881356126113188, 0.9786780352412474, 0.16625310808483554, 0.46203904356275377, 0.046493904386107704, 0.5564374, 0.3080451663855879, 1
0.896, 0.24255319148936172, 0.0, 0.0, 0.0, 0.07849828898647661, 0.0025011031953905446, 0.061881188140868536, 0.009275818266802812, 0.033525694927286596, 0.012131715381958338, 0.064786592633431, 0.01949152592789429, 0.7292110899732225, 0.3002481554716804, 0.4815618206012582, 0.064786592633431, 0.84168977, 0.0726668908643297, 3
1.0, 0.7617021276595745, 0.0, 0.0, 0.0, 0.13310579410127144, 0.002388709605611658, 0.09158418411185344, 0.01304819143689698, 0.13767518931348988, 0.11698439498361556, 0.10518293015457707, 0.19322034570525717, 0.6950959478943994, 0.027295281785491995, 0.9934924336842013, 0.17378050164987432, 0.42249063, 0.8579016143732336, 7
0.996, 0.851063829787234, 0.0, 0.49999999999999994, 0.0, 0.0921501698726835, 0.006213146571394864, 0.12376239410352041, 0.016214790931367185, 0.09205826747244741, 0.0719237374049726, 0.07926829310120466, 0.12542373411376048, 0.7164179260859876, 0.10669975555172455, 0.8329718072943382, 0.11280488787830957, 0.4410489, 0.9141836648927016, 7
0.576, 0.46382978723404256, 0.0, 0.0, 0.0, 0.030716715099768834, 0.0005092743612269973, 0.017326727600234945, 0.0006915133573951437, 0.04479252772916483, 0.05805892394789889, 0.05030488187602266, 0.025423728774777363, 0.9808102349793827, 0.1786600564827076, 0.4381778759651988, 0.052591465077288534, 0.56349206, 0.28817263073008703, 1
0.452, 0.28085106382978725, 0.0, 0.0, 0.0, 0.04436870288016566, 0.001976796335986317, 0.03217829642731611, 0.002508867180609082, 0.7859302761872377, 0.7166377078296018, 0.8567073361048121, 0.770338989579144, 0.09168447552020509, 0.770471514378824, 0.3080260225342435, 0.8567073361048121, 0.26421982, 0.042737985364331654, 2
0.528, 0.059574468085106386, 0.0, 0.0, 0.0, 0.04778154316998652, 0.0012335242817114321, 0.019801905977350383, 0.0025990259602297673, 0.8315471460909317, 0.7686308372580948, 0.8955793465629225, 0.816949189126688, 0.12153517206732123, 0.7543424527643183, 0.30585682725471824, 0.8955793465629225, 0.24509327, 0.04437506462285806, 2
0.456, 0.9489361702127659, 0.0, 0.0, 0.0, 0.07167233932835679, 0.0026821777605941792, 0.04702970797715942, 0.01471254012626656, 0.06320417677188159, 0.05805892394789889, 0.03887195215018037, 0.09491525927894287, 0.8379530923963794, 0.039702240232992375, 0.8264642214557623, 0.08536586202409324, 0.54054004, 0.8069554525655702, 7
0.672, 0.31063829787234043, 0.0, 0.0, 0.0, 0.044368585542290506, 0.001190728666918839, 0.03712871377561029, 0.0029581598766950244, 0.16570487848255688, 0.14211436659618226, 0.20121952750409064, 0.14830509023987365, 0.6631130189865473, 0.36972706471316336, 0.4273318800447954, 0.20121952750409064, 0.3786151, 0.07419111797946715, 5
0.088, 0.0, 0.0, 0.0, 0.0, 0.05119461322088229, 0.002112106053428532, 0.049504935364179006, 0.0035045200235381676, 0.5199230555602753, 0.4757365396000366, 0.5998475624918669, 0.47118646162022426, 0.37739875684825863, 0.7171216109205782, 0.11062903734689677, 0.5998475624918669, 0.30227023, 0.08925286547628569, 4
0.748, 0.5361702127659574, 0.0, 0.0, 0.0, 0.0, 0.0, 0.0, 0.0, 0.0, 0.0, 0.0, 0.0, 0.8997867811775724, 0.13523573764846805, 0.5965292875527596, 0.0, 0.0, 0.4734385521977593, 5
0.456, 0.7191489361702128, 0.0, 0.0, 0.0, 0.13651878428869196, 0.006473445498584823, 0.47277230270316795, 0.2902687574602987, 0.23522946699592967, 0.22443673768581313, 0.26067074561505504, 0.21610170183137037, 0.7313432839544283, 0.346153874928423, 0.3991323218881899, 0.2629573493955903, 0.25072145, 0.07289409574833616, 6
0.744, 0.0851063829787234, 0.0, 0.0, 0.0, 0.07508534794581007, 0.0032140822409574784, 0.049505046750324785, 0.003624484008081266, 0.924155073941348, 0.8925475715092461, 0.9611280924382366, 0.9084746136311408, 0.3176972294256709, 0.6563275904583514, 0.27765724957533566, 0.9611280924382366, 0.183109, 0.06069789233525852, 2
0.9440000000000001, 0.30212765957446813, 0.0, 0.0, 0.0, 0.027303726755351577, 9.053752705354963e-05, 0.014851472143906622, 0.0002861429724791433, 0.08903545443733042, 0.05892547103571666, 0.1402439137325259, 0.06101694966963517, 0.6439232539659301, 0.4181141713929045, 0.3622559630907063, 0.1402439137325259, 0.6295031, 0.08864172465555908, 5
0.8, 0.23829787234042554, 0.0, 0.0, 0.0, 0.05802044615546138, 0.001754350942912973, 0.03465345074502405, 0.0029320967640169915, 0.2846936108232092, 0.2954939248833841, 0.2888719590099368, 0.267796603964378, 0.8720682325562258, 0.260545915238688, 0.4056399077267657, 0.2888719590099368, 0.16604693, 0.1704410875381348, 4
0.628, 0.8297872340425533, 0.0, 0.0, 0.0, 0.092150157585995, 0.004176047170873013, 0.06930693267816894, 0.013925653898798756, 0.09618027512994168, 0.07365684561873553, 0.08231707756264896, 0.13305085282246487, 0.6972281610653703, 0.10297767248397591, 0.8590021896941954, 0.11966464434186366, 0.4604365, 0.9125439641088964, 7
0.764, 0.46808510638297873, 0.0, 0.0, 0.0, 0.3105802087618956, 0.007794838505560223, 0.08663368032791012, 0.01209570428438433, 0.2778235832214763, 0.25216638331746377, 0.32621953950866445, 0.2474576487072682, 0.6055437239246955, 0.4739454397416415, 0.303687631975193, 0.32621953950866445, 0.3218254, 0.09364507740559613, 4
0.328, 0.21276595744680854, 0.0, 0.0, 0.0, 0.04436854683922174, 0.0011430305420744669, 0.08910891662582136, 0.004578282434835458, 0.9323990447386092, 0.8994800355601364, 0.9717988552026828, 0.9152542450445276, 0.3049040655384361, 0.671215913796343, 0.26464207789818406, 0.9717988552026828, 0.18565786, 0.06235742631376062, 2
0.024, 0.897872340425532, 0.0, 0.0, 0.0, 0.17747437165721444, 0.006065856152316897, 0.0495049487305165, 0.0029321004981902135, 0.13355318165599564, 0.10918543531804119, 0.10823171461602135, 0.18474575495547252, 0.6695096009301648, 0.060794048377861024, 0.9609544459229911, 0.16615853706638536, 0.424404, 0.8843907532764863, 7
0.952, 0.2723404255319149, 0.0, 0.0, 0.0, 1.0, 0.12486275792216883, 0.6311881742843874, 1.0, 0.24319871147890337, 0.18977469039494946, 0.31402442224215665, 0.2152542297902901, 0.4136460545287574, 0.5707196307686165, 0.3297179948522732, 0.31402442224215665, 0.48906165, 0.0600881255553678, 3
0.912, 0.7021276595744681, 0.0, 0.49999999999999994, 0.0, 0.06825938600100175, 0.001584408709607445, 0.0866336625061268, 0.008131241380819998, 0.10277548738193248, 0.07538994603353881, 0.08993902842662499, 0.14322034951881651, 0.6588486310241357, 0.11042183973609855, 0.8850325525712757, 0.12881099086644004, 0.48688295, 0.9232411974469381, 7
0.776, 0.6212765957446809, 0.0, 0.0, 0.0, 0.17064842814243888, 0.01693052837600294, 0.5247524298107998, 0.6050984340937741, 0.3113492900201569, 0.28509531459560483, 0.35137195472258903, 0.2906779600904912, 0.5884861720750489, 0.44540946434465023, 0.3709327637315844, 0.3521341559827674, 0.28212494, 0.04164802747127072, 6
0.268, 0.32765957446808514, 0.0, 0.49999999999999994, 0.0, 0.11604095374436527, 0.013806991362328588, 0.08910891217037553, 0.00658129938926953, 0.1437208079641027, 0.15771228592733103, 0.16006098872276617, 0.11101694585607581, 0.948827292638695, 0.26799008807393754, 0.3145336083728193, 0.16006098872276617, 0.37657413, 0.21883567359305583, 1
0.54, 0.21702127659574472, 0.0, 0.0, 0.0, 0.1604095374436525, 0.009291430069219259, 0.1311881252744833, 0.025013712141599847, 0.21077220672222133, 0.19757365006052383, 0.262195120696386, 0.16525423360384944, 0.7228145080296051, 0.4640198796833934, 0.20173537574639727, 0.262195120696386, 0.4305578, 0.13987334344687652, 1
0.552, 0.7063829787234043, 0.0, 0.49999999999999994, 0.0, 0.05119453335740706, 0.0014599199842255297, 0.056930693267816884, 0.010992673938432496, 0.14317121436272465, 0.12045060361218175, 0.12652440080541774, 0.1830508490089055, 0.678038396044753, 0.10669975555172455, 0.872017361371347, 0.16463415512529792, 0.3576681, 0.9179174943078099, 7
0.172, 0.8085106382978724, 0.0, 0.0, 0.0, 0.11945396850516278, 0.00670748603179883, 0.1485148907460078, 0.016287580268628695, 0.37290467114866194, 0.35008664254240474, 0.42378052565902197, 0.3364406723427175, 0.5906183660562547, 0.5210918528098833, 0.23644250021880153, 0.42378052565902197, 0.28757253, 0.10377591664750085, 6
0.048, 0.4042553191489362, 0.0, 0.0, 0.0, 0.10580205075889039, 0.016353364085157574, 0.11881189031957709, 0.006581305827499224, 0.1330035806349964, 0.14731369123747107, 0.14710367019607998, 0.10254237798764727, 0.9552238784202655, 0.2531017424034385, 0.33405638541132376, 0.14710367019607998, 0.36884832, 0.2302521992291956, 1
0.952, 0.7531914893617022, 0.0, 0.0, 0.0, 0.1467576196973801, 0.001976791019161135, 0.19554458535682973, 0.015321050049509986, 0.3410277748326004, 0.3162911532579023, 0.3986280624268021, 0.2991525279589197, 0.5884861720750489, 0.5421836330391179, 0.20173537574639727, 0.3986280624268021, 0.32560807, 0.10885156925678358, 6
0.024, 0.7829787234042553, 0.0, 0.0, 0.0, 0.10238909743153536, 0.002410326869550808, 0.061881210418097694, 0.0045861140905807405, 0.11129431804666304, 0.10398612627467171, 0.08079268876180504, 0.15169492501436377, 0.8038379560744859, 0.027295281785491995, 0.8828633572917504, 0.1364329417304161, 0.40888458, 0.8179074439222748, 7
0.288, 0.4553191489361702, 0.0, 0.0, 0.0, 0.07508531722908882, 0.003792869691306658, 0.059405934021173966, 0.004501648186801372, 0.11981314129177237, 0.06239167732459496, 0.19435977104053656, 0.0923728812912956, 0.4307036255681689, 0.5434243601493781, 0.36008676781118104, 0.19435977104053656, 0.71822083, 0.05652762415991186, 3
0.988, 0.672340425531915, 0.0, 0.49999999999999994, 0.0, 0.10238899299468314, 0.005031255751299941, 0.1608910811464557, 0.01360122184723111, 0.4094531613039747, 0.3786828305824973, 0.4771342022861236, 0.36186439882935933, 0.5181236555566672, 0.6166253278928516, 0.14316704463088392, 0.4771342022861236, 0.32108474, 0.10430606137684928, 6
0.636, 0.2468085106382979, 0.0, 0.0, 0.0, 0.05119453335740706, 0.0015447021091326036, 0.027227676356236595, 0.0025088602917033107, 0.32536413089487976, 0.3353552656196979, 0.3346036916328189, 0.30338985002872754, 0.8507462697164497, 0.3002481554716804, 0.35791757253165574, 0.3346036916328189, 0.18437627, 0.1623916308908317, 4
0.060000000000000005, 0.4042553191489362, 0.0, 0.49999999999999994, 0.0, 0.07849828898647661, 0.003859168362372315, 0.12128713998382583, 0.01929083672520734, 0.029403683559981738, 0.011265163614764772, 0.04420732118484183, 0.030508474834817584, 0.7547974503702928, 0.2183622955990746, 0.5986984849797903, 0.04420732118484183, 0.80665785, 0.0, 3
1.0, 0.5191489361702128, 0.0, 0.0, 0.0, 0.05460750142878829, 0.0016632832000516283, 0.027227724029506992, 0.0045861140905807405, 0.005496015403727187, 0.0025996532738511878, 0.012195122754312952, 0.0008474576258259121, 0.8763326243565904, 0.16997519450246026, 0.5596529326598314, 0.012195122754312952, 0.75, 0.11047367870199276, 5
0.2, 0.21702127659574472, 0.0, 0.49999999999999994, 0.0, 0.07167227175157005, 0.0007808903647119013, 0.08168323000931678, 0.01366339132461425, 0.8474856053783942, 0.8336221028132174, 0.8833842773147099, 0.8161017018313703, 0.47761195072399176, 0.6228288294491092, 0.17353579806701475, 0.8833842773147099, 0.17412825, 0.0939519404991142, 2
0.612, 0.22553191489361707, 0.0, 0.0, 0.0, 0.21160409537443656, 0.011571480268604785, 0.007425743200666641, 0.0017955363109716446, 0.01703764945806716, 0.016464471098342308, 0.01981707361828899, 0.014406779105142195, 0.8891257997576844, 0.1550868555317135, 0.5726681160506492, 0.01981707361828899, 0.11574074, 0.13695148176834931, 5
0.284, 0.6340425531914894, 0.0, 0.0, 0.0, 0.05802046827150068, 0.0017543472761369853, 0.08415842620821555, 0.00674108852437063, 0.17175048971354845, 0.16984402002679252, 0.131097560348193, 0.21779660777793736, 0.8208955271138973, 0.0, 0.9132320912051042, 0.195884152981624, 0.330345, 0.7985623772323892, 7
0.588, 0.6297872340425532, 0.0, 0.0, 0.0, 0.16040951901361974, 0.037131747597352674, 0.6237624163807496, 0.3147579676311564, 0.30915089335578116, 0.27642981252158844, 0.3521341559827674, 0.29152540925021536, 0.5415778469192261, 0.4590570940711425, 0.39479393132913937, 0.3521341559827674, 0.29754734, 0.04234390683670469, 6
0.34, 0.7702127659574468, 0.0, 0.49999999999999994, 0.0, 0.08191118088038916, 0.0026560530206029727, 0.099009897461033, 0.01074467719360143, 0.45699371639699926, 0.4289427816065904, 0.5190549286081135, 0.4127118594297615, 0.5202558495378731, 0.60669975666835, 0.15835139206478377, 0.5190549286081135, 0.28752622, 0.10303758665203216, 6
0.392, 0.4085106382978724, 0.0, 0.0, 0.0, 0.09897607652739358, 0.002772716387680525, 0.07178216452063435, 0.005269807149267779, 0.14784282304121815, 0.1542461006956438, 0.17073172404818648, 0.11525423741740878, 0.8912579966173548, 0.3014888490831797, 0.3145336083728193, 0.17073172404818648, 0.39170122, 0.1875223315534864, 1
0.256, 0.36595744680851067, 0.0, 0.49999999999999994, 0.0, 0.04436862055935273, 0.0010072307600215203, 0.09900991082737048, 0.004196775477040629, 0.14124760336960612, 0.15337955048824217, 0.16158537066385362, 0.10593220513501869, 0.9360341133996481, 0.28660050341268073, 0.2950108313343149, 0.16158537066385362, 0.41026655, 0.20991352022012277, 1
0.748, 0.7319148936170213, 0.0, 0.0, 0.0, 0.07508534794581007, 0.003066944604212325, 0.13613861123664328, 0.01538105499407039, 0.3599890397355588, 0.3440207676937142, 0.4108232002725793, 0.3169491662453319, 0.6460554479471359, 0.5161290448651251, 0.18872014550091454, 0.4108232002725793, 0.30575457, 0.1213457406569155, 6
0.784, 0.723404255319149, 0.0, 0.0, 0.0, 0.08191133446399537, 0.003756219959746744, 0.11138614578227671, 0.010665809523686889, 0.37262984837929874, 0.35441937798149353, 0.42073172061830827, 0.3347457740232693, 0.6247334889453128, 0.5074441784183763, 0.22559652382117523, 0.42073172061830827, 0.28555444, 0.11055161936045954, 6
0.224, 0.8595744680851064, 0.0, 0.0, 0.0, 0.08532422021456368, 0.00324766349214517, 0.07425742309577475, 0.008690947591522653, 0.0884858534163312, 0.07625649624094043, 0.061737808171986715, 0.12966101804797472, 0.7761194016962099, 0.037220841843740096, 0.8937093336893767, 0.11661585988041935, 0.48659843, 0.8362290671432466, 7
0.488, 0.059574468085106386, 0.0, 0.0, 0.0, 0.061433522349701404, 0.0021728935601849483, 0.047029609957351136, 0.00584215675544127, 0.9530090904457017, 0.929809285020234, 0.9801829867475679, 0.9398304994900889, 0.3688699617336705, 0.6191067151158502, 0.29067244077526433, 0.9801829867475679, 0.16561614, 0.06283031331511918, 2
0.876, 0.14893617021276595, 0.0, 0.0, 0.0, 0.027303803547154684, 0.0016632865612629501, 0.06435642443877979, 0.004432931029820592, 0.9057433581220404, 0.8570189818099404, 0.9588415984138049, 0.8889830922795178, 0.19829423214979047, 0.7282878645903257, 0.2733188785390622, 0.9588415984138049, 0.21380861, 0.05296780978487381, 2
0.832, 0.13617021276595748, 0.0, 0.0, 0.0, 0.030716721243113084, 0.0006450860603019033, 0.02970297369375573, 0.0031475809639575024, 0.7205276879117379, 0.6438474826089049, 0.8330792822527056, 0.6661017208991672, 0.06183368302426351, 0.9503722555400279, 0.023861148074777905, 0.8330792822527056, 0.32009703, 0.07149228482398468, 2
0.852, 0.3148936170212766, 0.0, 0.9999999999999999, 0.0, 0.11604095374436527, 0.0048492620475821015, 0.10396037896774715, 0.011109964319331042, 0.13382798216649527, 0.11265164394660739, 0.17225609912951748, 0.11101694585607581, 0.6929637539131936, 0.37220844076990833, 0.39262471652683706, 0.17225609912951748, 0.43137968, 0.09335444968932305, 5
0.376, 0.7702127659574468, 0.0, 0.0, 0.0, 0.2150169749816606, 0.0038516780557238113, 0.32920796029556176, 0.02368150914679292, 0.4712833577822218, 0.43674174127216475, 0.5426829824602201, 0.4228813484989945, 0.46695098081796277, 0.6575682952361044, 0.12364426759237951, 0.5426829824602201, 0.30158615, 0.09911352489909336, 6
0.736, 0.8638297872340426, 0.0, 0.0, 0.0, 0.07167234547170104, 0.0022747585832885403, 0.051980193939319415, 0.0042206141169774825, 0.10167629275955523, 0.08318890569911318, 0.08689025082493716, 0.13559323081011213, 0.7249467020108109, 0.10049628079447584, 0.8351410025738635, 0.12195123440288597, 0.40134683, 0.904215450615517, 7
0.632, 0.2468085106382979, 0.0, 0.49999999999999994, 0.0, 0.05802044615546138, 0.0010072328684177132, 0.03465345074502405, 0.004196770970279844, 0.43638365585066435, 0.421143821941016, 0.48094517428823336, 0.3991525355860384, 0.622601275774342, 0.5136476799746339, 0.21691972318029706, 0.48094517428823336, 0.25336418, 0.11240798468870133, 4
0.476, 0.17021276595744683, 0.0, 0.0, 0.0, 0.09215024359281448, 0.008793453167035671, 0.06435653582492556, 0.007630488107945933, 0.7647705552629339, 0.7019063699016933, 0.8513720233201536, 0.7254237646222353, 0.14712159579061612, 0.8399504012877996, 0.13015181438540124, 0.8513720233201536, 0.27479535, 0.06646721861284388, 2
0.448, 0.37021276595744684, 0.0, 0.0, 0.0, 0.06825938600100175, 0.0037573141868143534, 0.051980193939319415, 0.005651336383337346, 0.029953285322943092, 0.00779895966557437, 0.05792683616987693, 0.020338983477449012, 0.7249467020108109, 0.2828784225781828, 0.5162689841192165, 0.05792683616987693, 0.8912177, 0.05469751024342917, 3
0.552, 0.4297872340425532, 0.0, 0.0, 0.0, 0.058020504517231744, 0.0008714257222563248, 0.03960398126164236, 0.0004769057159890859, 0.16405606058031677, 0.16637781139822636, 0.1928353685201797, 0.12881356888825057, 0.8550106634357908, 0.3362283037039212, 0.29067244077526433, 0.1928353685201797, 0.39844838, 0.1714543341776874, 1
0.248, 0.25106382978723407, 0.0, 0.0, 0.0, 0.0819112361704874, 0.001765482663681748, 0.061881210418097694, 0.00584209533473, 0.1569112473073267, 0.16377815297706177, 0.18445123697529464, 0.11864406456478022, 0.8912579966173548, 0.3275434260909187, 0.2689804489344576, 0.18445123697529464, 0.41920358, 0.19244107231520868, 1
0.748, 0.2, 0.0, 0.0, 0.0, 0.023890785714685035, 0.0007667353871414171, 0.019801980383295767, 0.0022164577890346647, 0.0566089615520423, 0.03899479832787185, 0.08993902842662499, 0.03644067768170066, 0.7484008549938398, 0.31885858197667727, 0.42950109484709775, 0.08993902842662499, 0.6359381, 0.09974406500688437, 5
0.352, 0.08936170212765958, 0.0, 0.0, 0.0, 0.05802036936365828, 0.001001431448232594, 0.049504877443383194, 0.007875435063371494, 0.4924430045103135, 0.44107450790709224, 0.5815549243207658, 0.44067798678540665, 0.3347548004650823, 0.7518610543750661, 0.09327545558791761, 0.5815549243207658, 0.33281505, 0.08679420019532708, 4
0.404, 0.8553191489361702, 0.0, 0.0, 0.0, 0.092150157585995, 0.0017315330848461101, 0.03712870932016446, 0.007654339173666095, 0.05248695166866168, 0.03986134853527348, 0.0342987823177704, 0.0847457625825912, 0.7867803850350744, 0.06575682505710896, 0.8329718072943382, 0.07621951549951683, 0.59312356, 0.8493644093881629, 7
0.668, 0.4936170212765958, 0.0, 0.0, 0.0, 0.14675765041410135, 0.00570448101720766, 0.4108911056514078, 0.013618183363356942, 0.2649079666476155, 0.2391680912116409, 0.31402442224215665, 0.233898301982189, 0.609808111887107, 0.47270472379763484, 0.3015184366956677, 0.31402442224215665, 0.33861881, 0.09572457973379073, 4
0.244, 0.6085106382978723, 0.0, 0.49999999999999994, 0.0, 0.06143340194015413, 0.0032209354452781506, 0.08415842620821555, 0.008330167870401011, 0.16460566160131598, 0.12824956327775613, 0.1524390241392772, 0.21271187468399894, 0.5692964070544316, 0.13647643248825525, 0.9305856729640833, 0.19131099343884872, 0.41181073, 0.947971997987898, 7
0.07200000000000001, 0.9914893617021276, 0.0, 0.0, 0.0, 0.11262798813032172, 0.0025463715005703213, 0.07425744091755808, 0.010301162357988749, 0.09975268918605791, 0.08232234769275187, 0.08307927196307091, 0.1347457740232693, 0.7334754779356341, 0.09057072296947846, 0.8438178032147415, 0.12118904000246403, 0.40343738, 0.896801596331716, 7
0.26, 0.0723404255319149, 0.0, 0.0, 0.0, 0.05802044615546138, 0.003247669909003148, 0.07920796252328471, 0.008440013726305704, 0.9365210598157248, 0.8977469429442928, 0.9756098615035749, 0.9254237569951166, 0.2601279727433491, 0.671215913796343, 0.31019521781376874, 0.9756098615035749, 0.19062504, 0.051509301596557644, 2
0.412, 0.5276595744680851, 0.0, 0.0, 0.0, 0.017064847728919287, 0.0003281991726714452, 0.037128711547887376, 0.003362186216780344, 0.045342128750164065, 0.05892547103571666, 0.04954268610364941, 0.027118644636598684, 0.9829424327985415, 0.17245658284208426, 0.4468546668446884, 0.051829269304915285, 0.5326279, 0.2988005220125771, 1
0.472, 0.5148936170212767, 0.0, 0.0, 0.0, 0.03754266230055096, 0.0012788452662395628, 0.04455446276835651, 0.0028614351329043753, 0.04644133079216253, 0.06065857457010379, 0.04954268610364941, 0.028813558972996263, 0.9872068169230002, 0.1674938028129602, 0.4511930534991835, 0.054878051708432636, 0.52954143, 0.3062744508080816, 1
0.876, 0.7914893617021277, 0.0, 0.49999999999999994, 0.0, 0.08873718582860722, 0.003449056579789641, 0.10891090948436546, 0.005372339562535168, 0.14207200490110497, 0.11438474436141065, 0.12118904000246403, 0.19152541687733404, 0.6417910407949592, 0.08560794070710369, 0.9457700984890913, 0.17225609912951748, 0.41676173, 0.9054924950160737, 7
0.028000000000000004, 0.4893617021276596, 0.0, 0.0, 0.0, 0.0034129706515858217, 5.658609955168468e-05, 0.11633663619988253, 0.04017934976455394, 0.012915637348800177, 0.00779895966557437, 0.022103660249433093, 0.007627118708704396, 0.8571428574169967, 0.1848635345898324, 0.553145337059867, 0.022103660249433093, 0.5509259, 0.0947826928202804, 5
0.704, 0.7148936170212766, 0.0, 0.49999999999999994, 0.0, 0.16723543181167408, 0.007328363487014739, 0.20792079803450678, 0.0238204879920578, 0.41357517638109015, 0.3873483404554733, 0.47789638982678906, 0.3652542488580869, 0.5501066420338143, 0.6017370268873674, 0.1366594392695311, 0.47789638982678906, 0.31236586, 0.11090952083923666, 6
0.832, 0.2468085106382979, 0.0, 0.0, 0.0, 0.08191121774045465, 0.002952031939330013, 0.04455445831291068, 0.00525678467083263, 0.313547701523775, 0.3162911532579023, 0.3246951301285511, 0.2966101804797473, 0.80170576209328, 0.3052109299176776, 0.3991323218881899, 0.3246951301285511, 0.17822558, 0.13110446794508268, 4
0.028000000000000004, 0.24255319148936172, 0.0, 0.0, 0.0, 0.04778154316998652, 0.0017202098972578536, 0.0668316295485702, 0.004792918204867044, 0.9307502268363692, 0.8899479832787185, 0.9679878489017907, 0.9237288510485496, 0.24733477047658414, 0.6600496601265957, 0.3427331860522018, 0.9679878489017907, 0.19128962, 0.045642400340140166, 2
0.404, 0.723404255319149, 0.0, 0.0, 0.0, 0.11262792055353499, 0.014225740235749861, 0.4405940481570427, 0.6111073626307121, 0.22918386318455927, 0.21663777802023876, 0.25381098915150097, 0.21271187468399894, 0.7206823140483992, 0.3399503957046728, 0.4208242942062196, 0.25762197487312366, 0.25044397, 0.03038624414452945, 6
0.42, 0.02553191489361703, 0.0, 0.0, 0.0, 0.04095531460403781, 0.0015779293025422337, 0.05198019839476525, 0.0026283963271187248, 0.940643104571325, 0.902946236389743, 0.9733232302840138, 0.935593207928756, 0.26652453549720145, 0.6414392224553451, 0.3557483772521305, 0.9733232302840138, 0.18402189, 0.044887545695671494, 2
0.796, 0.7148936170212766, 0.0, 0.0, 0.0, 0.11604089231092277, 0.005857027759663734, 0.10396043243309712, 0.011517063883977949, 0.39049191865987987, 0.37001729731264227, 0.44664639197046296, 0.34576270462510766, 0.6012793359622839, 0.5533498867088652, 0.16919736846241012, 0.44664639197046296, 0.3037197, 0.11511929268861476, 6
0.208, 0.4723404255319149, 0.0, 0.49999999999999994, 0.0, 0.17064842814243888, 0.008241227841940075, 0.15099009585579826, 0.01464477196434251, 0.17284969917516813, 0.16377815297706177, 0.1981707499024028, 0.15254237417408792, 0.7675906200144571, 0.32258067397742884, 0.4034707124472404, 0.1981707499024028, 0.3057855, 0.11750045121873892, 4
0.924, 0.774468085106383, 0.0, 0.0, 0.9999999999999999, 0.23890774042330964, 0.008513673270153357, 0.08910891662582136, 0.0081437952848981, 0.36905744916242494, 0.3457538681085175, 0.42149391501873024, 0.3313559239945417, 0.5884861720750489, 0.5272952985348724, 0.22776569957792342, 0.42149391501873024, 0.29465598, 0.10400261530593619, 6
0.008, 0.9914893617021276, 0.0, 0.0, 0.0, 0.2047781825763822, 0.00554150474158442, 0.14356438250661865, 0.008105993863079456, 0.14509481051660075, 0.12131714602062373, 0.11432928353890995, 0.20169492120080443, 0.6695096009301648, 0.03846153545523939, 1.0, 0.18140245251385037, 0.42215064, 0.8721090881393139, 7
0.04, 0.174468085106383, 0.0, 0.9999999999999999, 0.0, 0.07508532337243307, 0.0006337629032701133, 0.059405956298403124, 0.00658129938926953, 0.1472932220202189, 0.15164644227447924, 0.1745426960502963, 0.11186441027003738, 0.8763326243565904, 0.32258067397742884, 0.29284165557756664, 0.1745426960502963, 0.42268896, 0.18015107253559764, 1
0.712, 0.34893617021276596, 0.0, 0.0, 0.0, 0.05802036936365828, 0.0010072371463230318, 0.04455445831291068, 0.004292153343179532, 0.9969773205180648, 0.9870017078941772, 0.9977134373780034, 1.0, 0.4498933905887862, 0.5062034736406233, 0.4056399077267657, 0.9977134373780034, 0.12984978, 0.04925148131093837, 2
0.988, 0.30638297872340425, 0.0, 0.0, 0.0, 0.8839589848221924, 1.0, 0.5965346968066885, 0.3992893803976508, 0.23522946699592967, 0.22010396325192597, 0.27057927282054045, 0.20932203990950882, 0.6993603358568111, 0.3945409481094031, 0.34707157661125243, 0.27057927282054045, 0.31248218, 0.10942938958724013, 4
0.44, 0.37021276595744684, 0.0, 0.0, 0.0, 0.03412968685715662, 0.0006337636977382439, 0.06930693267816894, 0.003052199234880783, 0.02500687168217726, 0.004332755716383969, 0.052591465077288534, 0.014406779105142195, 0.7377398658980457, 0.27915634174368487, 0.5097613846146968, 0.052591465077288534, 0.94074076, 0.0621016016055016, 3
0.792, 0.7404255319148937, 0.0, 0.0, 0.0, 0.06825939214434598, 0.0033265660945385905, 0.14108911947603242, 0.00647390263594, 0.3685078629806681, 0.3518197273592886, 0.41768295673613337, 0.32796610447428903, 0.6375266528325476, 0.5111662927516353, 0.20607374678267076, 0.41768295673613337, 0.2938097, 0.11669045414598828, 6
0.908, 0.37021276595744684, 0.0, 0.0, 0.0, 0.05460749037076865, 0.0022003170722309337, 0.3539603990172534, 0.03493340939028677, 0.3173949235100121, 0.2885615076262517, 0.37347561977385163, 0.2813559430623385, 0.5671641746936957, 0.5260546160896269, 0.2516269062210325, 0.37347561977385163, 0.31827116, 0.09583419564942153, 4
0.204, 0.2680851063829787, 0.0, 0.49999999999999994, 0.0, 0.07508550152941627, 0.003133867543889857, 0.11881182794333546, 0.014744037233569958, 0.7928002518516221, 0.7270363337153003, 0.8620427106272788, 0.7754237150459636, 0.11513859012370375, 0.7655087064340658, 0.29284165557756664, 0.8620427106272788, 0.25818166, 0.04530143933851072, 2
0.916, 0.7787234042553192, 0.0, 0.49999999999999994, 0.0, 0.061433424056193425, 0.00040741957453970423, 0.0495049487305165, 0.007916639089582816, 0.11733993669727581, 0.09705372461545864, 0.09756097929060104, 0.15847458693622532, 0.7057569369901936, 0.08188585987260578, 0.887201747850801, 0.1425305037935482, 0.40090325, 0.8937667017149531, 7
0.24, 0.8893617021276596, 0.0, 0.0, 0.0, 0.05802047687218263, 0.0033109367674564586, 0.10396041015586799, 0.010513585308474899, 0.10854631294166686, 0.10311957606727008, 0.07850610556053916, 0.14661016141195052, 0.8187633273757621, 0.028535986563244978, 0.8655097755327712, 0.13185975474861497, 0.40896538, 0.8097514810307064, 7
0.476, 0.5063829787234043, 0.0, 0.0, 0.0, 0.013651879657538047, 9.053772261493563e-05, 0.03712871377561029, 0.000500751727698938, 0.012366034843876703, 0.005199306703681569, 0.027439025854216318, 0.0025423729537489234, 0.8422174861157204, 0.21339951333669982, 0.5184381793987418, 0.027439025854216318, 0.93703705, 0.10947258147614686, 5
0.224, 0.4, 0.0, 0.0, 0.0, 0.05460750511479484, 0.0007695696521974361, 0.12623763040143166, 0.010801913699393905, 0.031876888896440414, 0.011265163614764772, 0.05792683616987693, 0.022881356126113188, 0.735607691106605, 0.2741935672976877, 0.5206073785828225, 0.05792683616987693, 0.8644824, 0.060541577110692524, 3
0.536, 0.2638297872340426, 0.0, 0.9999999999999999, 0.0, 0.11604095374436527, 0.004572149424666041, 0.1361386246029808, 0.03617329654099671, 0.19593296431599957, 0.19150778301079305, 0.23628051794179591, 0.15423728012065493, 0.7931769804115273, 0.4044665081676512, 0.23427332446205335, 0.23628051794179591, 0.4132174, 0.15363553758470844, 1
0.544, 0.7361702127659575, 0.0, 0.0, 0.0, 0.12627991201993835, 0.0041457146832102635, 0.04950496209685399, 0.004830661231942375, 0.44765046936152747, 0.41767762891036914, 0.5137195129271082, 0.4008474720410803, 0.5095948796318439, 0.6228288294491092, 0.1409978103058046, 0.5137195129271082, 0.29951125, 0.10331335303189615, 6
0.224, 0.4553191489361702, 0.0, 0.0, 0.0, 0.12627985672984013, 0.006769072284591195, 0.2722772269287324, 0.01941774067068326, 0.2536411160386464, 0.22790292291750033, 0.3041158607378889, 0.22118644255242748, 0.6140724998495186, 0.47518613335314086, 0.29284165557756664, 0.3041158607378889, 0.3496519, 0.09831849763966, 4
0.024, 0.625531914893617, 0.0, 0.49999999999999994, 0.0, 0.09897609495742632, 0.006303684465126011, 0.014851489074600781, 0.0008584306686359064, 0.06210497472988312, 0.05199306313733586, 0.08231707756264896, 0.04915254473858089, 0.80170576209328, 0.2568238344041901, 0.4837310217376166, 0.08231707756264896, 0.48480532, 0.10372278104201865, 4
0.188, 0.10638297872340426, 0.0, 0.0, 0.0, 0.061433365694423064, 0.0012883685862778791, 0.03712871377561029, 0.004652588940924091, 0.9282770815988423, 0.8890814018754782, 0.9710366676620175, 0.9135593467250793, 0.2601279727433491, 0.6861042371343347, 0.2841648549366885, 0.9710366676620175, 0.19453695, 0.055136281257191666, 2
0.032, 0.19574468085106383, 0.0, 0.49999999999999994, 0.0, 0.13651874128528224, 0.009732790727896895, 0.13861385199000037, 0.04625987141567657, 0.14069800234860688, 0.1455805908226678, 0.16615853706638536, 0.10677966192186154, 0.8827292120571374, 0.31141440914142776, 0.30585682725471824, 0.16615853706638536, 0.41952246, 0.1857566709998973, 1
0.228, 0.3574468085106383, 0.0, 0.0, 0.0, 0.047781570815035646, 0.0025350552187435077, 0.044554455639643185, 0.002289148621381876, 0.015114043658683475, 0.000866551065287197, 0.03810975637780712, 0.0033898305795748355, 0.7889125847732097, 0.2531017424034385, 0.503253798776121, 0.03810975637780712, 0.9861111, 0.08477609579711459, 3
0.892, 0.8808510638297873, 0.0, 0.49999999999999994, 0.0, 0.09215016372933925, 0.0014599210537018592, 0.07920792687971806, 0.01106421747824844, 0.10387469684355216, 0.0840554559065148, 0.09375000728849124, 0.133898301982189, 0.7142857129150169, 0.12406948397872065, 0.8047722491377326, 0.12042683188252913, 0.38572726, 0.9357867869015074, 7
0.128, 0.4297872340425532, 0.0, 0.0, 0.0, 0.3549487924611828, 0.01346129383351865, 0.0222771721267487, 0.0017955447450525423, 0.452596893389763, 0.4090120956405141, 0.524390241392772, 0.4127118594297615, 0.40724949177490505, 0.6526054761250925, 0.19305857510551916, 0.524390241392772, 0.31323463, 0.08259748173388981, 4
0.724, 0.6042553191489362, 0.0, 0.0, 0.0, 0.04095563037193219, 0.001288375522595789, 0.0940594248652105, 0.003995777487055939, 0.1459192120480996, 0.12824956327775613, 0.1280487964660181, 0.18220339984918135, 0.7142857129150169, 0.10173697663922587, 0.8438178032147415, 0.1638719675846324, 0.31418663, 0.9082867155327417, 7
0.384, 0.5106382978723405, 0.0, 0.0, 0.0, 0.03754266475788866, 0.00046400541436142313, 0.04702970797715942, 0.0024083738190677183, 0.042319323134668275, 0.05805892394789889, 0.04420732118484183, 0.02457627198793451, 1.0, 0.16004963556083754, 0.4511930534991835, 0.05106707764839591, 0.5654762, 0.3310850650421213, 1
0.972, 0.2468085106382979, 0.0, 0.0, 0.0, 0.5051194023459835, 0.01917109839833086, 0.4777227931207738, 0.04945142677608223, 0.34624899937133546, 0.2504332517068218, 0.48094517428823336, 0.28813561261131876, 0.06183368302426351, 0.9205956088640447, 0.07592191287449257, 0.48094517428823336, 0.5490324, 0.06642350241888134, 3
0.096, 0.2212765957446809, 0.0, 0.49999999999999994, 0.0, 0.06143344248622617, 0.002716134672981792, 0.10891090948436546, 0.02050695071277641, 0.14839242406221737, 0.15251298468292118, 0.17759148051174056, 0.11101694585607581, 0.8742004265374317, 0.33250621170316963, 0.27765724957533566, 0.17759148051174056, 0.4369392, 0.17997195908084695, 1
0.07999999999999999, 0.4297872340425532, 0.0, 0.0, 0.0, 0.02389077465666539, 0.00032819909322463216, 0.014851482391432035, 0.0008584306686359064, 0.04176971914582056, 0.05285961490452942, 0.04801829524487856, 0.02372881443837978, 0.9658848598401535, 0.18114144593895692, 0.44902386602876904, 0.05030488187602266, 0.57539684, 0.2746322537898261, 1
0.124, 0.4212765957446809, 0.0, 0.0, 0.0, 0.03412966596978618, 0.00022634430653733906, 0.022277222473286593, 0.001359180979924312, 0.11953833336165155, 0.09185441557208918, 0.1653963426659634, 0.09491525927894287, 0.6503198359095475, 0.4032258257224055, 0.38177874012921076, 0.1653963426659634, 0.51092404, 0.08489715602654946, 5
0.352, 0.5063829787234043, 0.0, 0.0, 0.0, 0.023890782028678486, 5.658607816215809e-05, 0.04207920686648361, 0.0009776599867887526, 0.01566364542164483, 0.00779895966557437, 0.032012199116504526, 0.00508474606004022, 0.8358208984151736, 0.22084368058882248, 0.5119305837987775, 0.032012199116504526, 0.88148147, 0.10947258147614686, 5
0.364, 0.059574468085106386, 0.0, 0.0, 0.0, 0.07508542166594104, 0.0037573340485176185, 0.06188126833889351, 0.010134300827570044, 0.9532839132150651, 0.92807620020335, 0.9794207306093378, 0.9432203266374604, 0.35394456548569964, 0.6141439630023605, 0.3145336083728193, 0.9794207306093378, 0.16648434, 0.05801529455702109, 2
0.748, 0.14042553191489365, 0.0, 0.0, 0.0, 0.044368585542290506, 0.0011907296752822355, 0.20792079803450678, 0.027716813823136677, 0.31217369155165575, 0.3024263421405165, 0.3422256356370385, 0.2864406914105143, 0.7100213249526052, 0.397022357664909, 0.3318872096545755, 0.3422256356370385, 0.24524052, 0.11125970237805427, 4
0.776, 0.9617021276595745, 0.0, 0.0, 0.0, 0.09556314163007129, 0.0034490578020483034, 0.05198020285021107, 0.00776749234816401, 0.06128057319838427, 0.04592720778604459, 0.04801829524487856, 0.0906779677176099, 0.7633262320520455, 0.09305211354235318, 0.8091106396967832, 0.081554883162227, 0.5094597, 0.8851718954916834, 7
0.08399999999999999, 0.31063829787234043, 0.0, 0.0, 0.0, 0.12286689725914084, 0.009778069300049437, 0.1311881386408208, 0.006700529608774534, 0.15278923223021126, 0.14644714103006942, 0.18750001457698248, 0.11949152897874178, 0.7953091667168272, 0.3610421871001609, 0.3080260225342435, 0.18750001457698248, 0.42490423, 0.15069320992952057, 1
0.972, 0.13617021276595748, 0.0, 0.0, 0.0, 0.05119437977380084, 0.0003734692317924023, 0.0445543442534974, 0.0031475743325809187, 1.0, 0.9939340471617129, 1.0, 1.0, 0.47761195072399176, 0.5037221087501321, 0.38177874012921076, 1.0, 0.12570898, 0.05716922891232862, 2
0.064, 0.3191489361702128, 0.0, 0.0, 0.0, 0.06484640810026972, 0.0011430384561993065, 0.02970297369375573, 0.0014307180171282661, 0.02088485957291028, 0.004332755716383969, 0.0472561008444566, 0.007627118708704396, 0.7697228197525924, 0.2717121689084354, 0.49023860757619236, 0.0472561008444566, 0.9261464, 0.08214017924832762, 3
0.16, 0.7361702127659575, 0.0, 0.0, 0.0, 0.11262795741360049, 0.005534109771111593, 0.061881197051760206, 0.011278817838016715, 0.22835946165306042, 0.21490466200751615, 0.26143293315572047, 0.20338982714737142, 0.7142857129150169, 0.38089331838291074, 0.3557483772521305, 0.26143293315572047, 0.3017472, 0.10887604887904384, 6
0.192, 0.14893617021276595, 0.0, 0.0, 0.0, 0.04778154316998652, 0.002002861185303061, 0.03465356213116984, 0.0032310271809181173, 0.9208574603957314, 0.8821490236131441, 0.9664634738204597, 0.9025424008690034, 0.26652453549720145, 0.6972704908040821, 0.25813447253683125, 0.9664634738204597, 0.19716202, 0.05972935626132592, 2
0.724, 0.7106382978723405, 0.0, 0.0, 0.0, 0.17406138761313816, 0.006401479214101124, 0.15841584039309864, 0.01649364353582424, 0.43748285047304164, 0.4124783198669997, 0.5030488256199831, 0.38644069141051435, 0.5501066420338143, 0.6166253278928516, 0.11062903734689677, 0.5030488256199831, 0.30882537, 0.11328581598798115, 6
0.096, 0.5191489361702128, 0.0, 0.0, 0.0, 0.0034129694843504144, 5.6586065939571474e-05, 0.0049504962096854, 0.00019076240872199852, 0.0019236054284026214, 0.0, 0.005335366290758872, 0.0, 0.8848614079573197, 0.15260546607546416, 0.5813449049778611, 0.005335366290758872, 0.7777778, 0.0947826928202804, 3
0.096, 0.3319148936170213, 0.0, 0.0, 0.0, 0.15358356321215566, 0.0006450804073555893, 0.0940594248652105, 0.05885017402534859, 0.15114042916721357, 0.14731369123747107, 0.1836890425748727, 0.11779661540505607, 0.8144989317374445, 0.3498759334304135, 0.3080260225342435, 0.1836890425748727, 0.4192332, 0.16060808972689145, 1
0.384, 0.5021276595744681, 0.0, 0.0, 0.0, 0.03412968685715662, 0.0005259762508419452, 0.01732673294676994, 0.0021100055240010763, 0.007144820692611252, 0.0, 0.019054878531891386, 0.0008474576258259121, 0.8443496839348793, 0.1960297882595798, 0.5466377453644582, 0.019054878531891386, 1.0, 0.08956517049469315, 3
0.8, 0.11063829787234043, 0.0, 0.0, 0.0, 0.058020679602542834, 0.0023595758481321613, 0.04950499328497482, 0.006603027126836987, 0.9128882307520001, 0.8726169011410891, 0.9588415984138049, 0.8957626855573109, 0.2579957787621433, 0.6960297860263291, 0.2689804489344576, 0.9588415984138049, 0.19934683, 0.05762528391344762, 2
0.132, 0.41276595744680855, 0.0, 0.49999999999999994, 0.0, 0.05460751924448662, 0.000905378020617487, 0.024752480602882414, 0.0010491928391434062, 0.12008793438265078, 0.09445406619429407, 0.1638719675846324, 0.09576270843866702, 0.6652452129677532, 0.39330025449790373, 0.38394793540873595, 0.1638719675846324, 0.492526, 0.08774664552789208, 5
0.0, 0.34468085106382984, 0.0, 0.0, 0.0, 0.2354948423860528, 0.04057220864309824, 0.10396040124497631, 0.04835825335979017, 0.038746911304438414, 0.016464471098342308, 0.06707317583469688, 0.028813558972996263, 0.7206823140483992, 0.2878412081904337, 0.5119305837987775, 0.06707317583469688, 0.82478386, 0.05206135866134137, 3
0.732, 0.29787234042553196, 0.0, 0.0, 0.0, 0.569965902596417, 0.2489899055796016, 0.1262376081242025, 0.05916023594824178, 0.364660640994431, 0.35095318495084665, 0.4085366170713134, 0.3271186553145649, 0.6609808058155765, 0.4838709774673823, 0.22993489485744872, 0.4085366170713134, 0.27872574, 0.12012559239465503, 4
0.336, 0.2212765957446809, 0.0, 0.0, 0.0, 0.06143344248622617, 0.0019012895042784703, 0.04702972134349692, 0.004411380021658204, 0.8076394942578438, 0.7755631765256306, 0.8612805642451521, 0.7745763116489518, 0.3582089918276413, 0.6947891035810835, 0.16919736846241012, 0.8612805642451521, 0.20770195, 0.08055339711618836, 2
0.54, 0.3361702127659575, 0.0, 0.9999999999999999, 0.0, 0.1023890912881911, 0.002444516713883028, 0.16336636199882526, 0.018599340596514857, 0.15746084090870474, 0.16117851015381654, 0.18750001457698248, 0.11949152897874178, 0.8678038407558613, 0.3399503957046728, 0.2711496832595369, 0.18750001457698248, 0.42781135, 0.17925912115878068, 1
0.508, 0.5148936170212767, 0.0, 0.0, 0.0, 0.12286688497245234, 0.00475323346237431, 0.03712871377561029, 0.0007868945971664063, 0.0458917297711633, 0.02859618570040468, 0.073170737897829, 0.032203390696638905, 0.7547974503702928, 0.28535982096743506, 0.4815618206012582, 0.073170737897829, 0.6577441, 0.080156317394104, 5
0.78, 0.9404255319148938, 0.0, 0.0, 0.0, 0.15017063445817763, 0.020868929961736886, 0.14851485955788699, 0.04893053278926, 0.11926354027077313, 0.10225302585986844, 0.11432928353890995, 0.14067797153116926, 0.7292110899732225, 0.1550868555317135, 0.7353579221018159, 0.1272865883460832, 0.29272884, 0.9778200520323954, 7
0.284, 0.3829787234042554, 0.0, 0.0, 0.0, 0.1296928407739164, 0.003349886178689877, 0.05198019839476525, 0.003362186216780344, 0.43500964587854507, 0.41594450509868686, 0.48246955622932086, 0.39830507117207686, 0.5948827348289014, 0.5272952985348724, 0.22125815278490168, 0.48246955622932086, 0.25904787, 0.10601949029919033, 4
0.9400000000000001, 0.32340425531914896, 0.0, 0.0, 0.0, 0.03754264448485264, 5.658612399685793e-05, 0.027227713781981577, 0.0012638002809643438, 0.0901346638989501, 0.05892547103571666, 0.14176830939312626, 0.06271186324332088, 0.6353944588513418, 0.42059554744964944, 0.36659435364975684, 0.14176830939312626, 0.63446367, 0.08516881836339041, 5
0.484, 0.7276595744680852, 0.0, 0.0, 0.0, 0.22184300450325567, 0.009255169321478688, 0.4207920864866194, 0.05106880021014382, 0.3841715143380099, 0.3630849112513485, 0.43673783732595167, 0.34406779105142193, 0.599147122791313, 0.53349880009113, 0.20607374678267076, 0.43673783732595167, 0.2901475, 0.10929938001288736, 6
0.28, 0.0723404255319149, 0.0, 0.49999999999999994, 0.9999999999999999, 0.24232081661754964, 0.008260092793266527, 0.10148516494706507, 0.012690314713543845, 0.4182467924792048, 0.3786828305824973, 0.4992378467581169, 0.3644067996983627, 0.4498933905887862, 0.6848635323565817, 0.09327545558791761, 0.4992378467581169, 0.3444093, 0.10089142526381262, 4
0.58, 0.2297872340425532, 0.0, 0.0, 0.0, 0.12627985672984013, 0.00888401000577609, 0.08415845739633636, 0.016500950926525634, 0.19043693926676483, 0.18284228093677674, 0.23628051794179591, 0.14576270462510768, 0.7718550175717512, 0.42928042506265196, 0.21258135214402363, 0.23628051794179591, 0.44485995, 0.14956450770078472, 1
0.056, 0.4340425531914894, 0.0, 0.0, 0.0, 0.017064844042912735, 0.00046400559770022257, 0.022277231829722837, 0.0013591817525118752, 0.04369332568716636, 0.053726167451618956, 0.05106707764839591, 0.025423728774777363, 0.9573560762394243, 0.18734491957958027, 0.4468546668446884, 0.05106707764839591, 0.5535714, 0.26015637199414776, 1