@relation wine-10-7tra.dat
@attribute Alcohol real [11.0, 14.9]
@attribute MalicAcid real [0.7, 5.8]
@attribute Ash real [1.3, 3.3]
@attribute AlcalinityOfAsh real [10.6, 30.0]
@attribute Magnesium real [70.0, 162.0]
@attribute TotalPhenols real [0.9, 3.9]
@attribute flavanoids real [0.3, 5.1]
@attribute NonflavanoidsPhenols real [0.1, 0.7]
@attribute Proanthocyanins real [0.4, 3.6]
@attribute ColorIntensity real [1.2, 13.0]
@attribute Hue real [0.4, 1.8]
@attribute OD280/OD315 real [1.2, 4.0]
@attribute Proline real [278.0, 1680.0]
@attribute Class integer [1, 3]
@inputs Alcohol, MalicAcid, Ash, AlcalinityOfAsh, Magnesium, TotalPhenols, flavanoids, NonflavanoidsPhenols, Proanthocyanins, ColorIntensity, Hue, OD280/OD315, Proline
@outputs Class
@data
0.8245614035087723, 0.19169960474308304, 0.5721925133689839, 0.25773195876288657, 0.6195652173913043, 0.6275862068965518, 0.5738396624472573, 0.30000000000000004, 0.5930599369085173, 0.3720136518771331, 0.5494505494505495, 0.9706959706959706, 0.620173364854216, 1
0.5233918128654969, 0.20553359683794467, 0.41711229946524064, 0.030927835051546393, 0.32608695652173914, 0.5758620689655173, 0.5105485232067509, 0.26, 0.2744479495268139, 0.26450511945392485, 0.5604395604395604, 0.7802197802197801, 0.6083530338849489, 1
0.5116959064327484, 0.32015810276679846, 0.7005347593582886, 0.41237113402061865, 0.3369565217391305, 0.6275862068965518, 0.6118143459915611, 0.33999999999999997, 0.7570977917981072, 0.3754266211604095, 0.5384615384615385, 0.6959706959706959, 0.7147360126083531, 1
0.8654970760233915, 0.23913043478260873, 0.6096256684491977, 0.31958762886597947, 0.46739130434782605, 0.9896551724137932, 0.6645569620253164, 0.21999999999999997, 0.5583596214511042, 0.5563139931740614, 0.3516483516483516, 0.7985347985347986, 0.9472025216706069, 1
0.5350877192982457, 0.36561264822134387, 0.8074866310160428, 0.5360824742268042, 0.5217391304347826, 0.6275862068965518, 0.4957805907172995, 0.52, 0.444794952681388, 0.2593856655290102, 0.5494505494505495, 0.6080586080586081, 0.3601260835303389, 1
0.8157894736842106, 0.20158102766798422, 0.5828877005347594, 0.2371134020618556, 0.4565217391304349, 0.7896551724137932, 0.6434599156118143, 0.42000000000000004, 0.49211356466876965, 0.4667235494880546, 0.5604395604395604, 0.5787545787545789, 0.9235618597320726, 1
0.871345029239766, 0.22332015810276687, 0.5828877005347594, 0.2061855670103092, 0.28260869565217395, 0.5241379310344828, 0.4599156118143459, 0.33999999999999997, 0.49526813880126186, 0.3387372013651877, 0.5274725274725274, 0.8461538461538463, 0.7974783293932232, 1
0.7748538011695905, 0.2786561264822135, 0.6684491978609625, 0.3608247422680413, 0.5543478260869567, 0.5586206896551725, 0.45780590717299563, 0.36, 0.26498422712933756, 0.3216723549488054, 0.5714285714285714, 0.8461538461538463, 0.8014184397163121, 1
1.0, 0.17786561264822134, 0.4331550802139036, 0.17525773195876293, 0.2934782608695653, 0.6275862068965518, 0.5569620253164557, 0.31999999999999995, 0.49526813880126186, 0.33447098976109213, 0.5934065934065935, 0.5787545787545789, 0.6044129235618598, 1
0.7163742690058479, 0.12055335968379452, 0.4866310160427806, 0.27835051546391754, 0.30434782608695665, 0.6896551724137931, 0.5928270042194091, 0.18, 0.4542586750788644, 0.5068259385665529, 0.5164835164835164, 0.8351648351648351, 0.6044129235618598, 1
0.7865497076023393, 0.2806324110671937, 0.5026737967914437, 0.38144329896907214, 0.3804347826086957, 0.6793103448275863, 0.6286919831223627, 0.18, 0.6214511041009463, 0.3813993174061433, 0.7802197802197801, 0.6959706959706959, 0.9708431836091412, 1
0.7923976608187129, 0.14624505928853757, 0.5133689839572192, 0.31958762886597947, 0.2717391304347826, 0.42068965517241386, 0.44092827004219404, 0.26, 0.3659305993690852, 0.31740614334470985, 0.6923076923076923, 0.5677655677655677, 0.7895981087470451, 1
0.6842105263157894, 0.1956521739130435, 0.5614973262032085, 0.27835051546391754, 0.2065217391304348, 0.5586206896551725, 0.5105485232067509, 0.31999999999999995, 0.44164037854889593, 0.3686006825938566, 0.6703296703296702, 0.5970695970695972, 0.8211189913317575, 1
0.9766081871345031, 0.1956521739130435, 0.5508021390374332, 0.04123711340206182, 0.2282608695652174, 0.7310344827586208, 0.7067510548523206, 0.6, 0.7570977917981072, 0.3515358361774744, 0.7802197802197801, 0.5347985347985347, 0.6871552403467298, 1
0.8684210526315788, 0.22332015810276687, 0.5454545454545453, 0.07216494845360821, 0.34782608695652184, 0.8, 0.6962025316455696, 0.31999999999999995, 0.804416403785489, 0.5307167235494881, 0.7252747252747251, 0.6336996336996337, 1.0, 1
0.6491228070175441, 0.2114624505928854, 0.716577540106952, 0.3402061855670103, 0.4565217391304349, 0.6448275862068966, 0.5421940928270041, 0.33999999999999997, 0.3312302839116719, 0.5136518771331058, 0.8131868131868132, 0.5897435897435896, 0.8132387706855794, 1
0.7076023391812862, 0.1640316205533597, 0.6737967914438502, 0.48453608247422686, 0.48913043478260876, 0.6793103448275863, 0.6455696202531644, 0.54, 0.41324921135646686, 0.4539249146757679, 0.6483516483516483, 0.4761904761904761, 0.6713947990543736, 1
0.6520467836257313, 0.46640316205533605, 0.6417112299465241, 0.2371134020618556, 0.5000000000000001, 0.5931034482758621, 0.5675105485232066, 0.08000000000000002, 0.3943217665615142, 0.325938566552901, 0.46153846153846145, 0.7655677655677655, 0.44680851063829796, 1
0.7748538011695905, 0.17588932806324112, 0.4919786096256683, 0.27835051546391754, 0.608695652173913, 0.6965517241379311, 0.5970464135021096, 0.21999999999999997, 0.5331230283911672, 0.37286689419795227, 0.6043956043956045, 0.8937728937728937, 0.3955870764381403, 1
0.4444444444444442, 0.6047430830039526, 0.6898395721925134, 0.41237113402061865, 0.34782608695652184, 0.49310344827586217, 0.43670886075949367, 0.24, 0.49526813880126186, 0.27474402730375425, 0.5384615384615385, 0.8241758241758241, 0.3877068557919622, 1
0.6725146198830414, 0.2213438735177866, 0.5347593582887699, 0.30927835051546404, 0.3369565217391305, 0.5620689655172414, 0.5358649789029535, 0.28, 0.40378548895899047, 0.21501706484641633, 0.6263736263736264, 1.0, 0.5965327029156817, 1
0.42105263157894735, 0.16996047430830044, 0.6203208556149732, 0.3711340206185567, 0.2717391304347826, 0.5172413793103449, 0.42827004219409276, 0.26, 0.3312302839116719, 0.22610921501706485, 0.6043956043956045, 0.8644688644688645, 0.5807722616233255, 1
0.6111111111111112, 0.2114624505928854, 0.6684491978609625, 0.48453608247422686, 0.28260869565217395, 0.5344827586206896, 0.4789029535864978, 0.30000000000000004, 0.3943217665615142, 0.1911262798634812, 0.6373626373626375, 0.9340659340659341, 0.44680851063829796, 1
0.47953216374269036, 0.258893280632411, 0.9946524064171124, 0.7422680412371134, 0.5869565217391305, 0.5689655172413793, 0.49367088607594933, 0.6799999999999999, 0.4763406940063091, 0.1962457337883959, 0.6483516483516483, 0.7069597069597071, 0.4349881796690308, 1
0.5526315789473686, 0.19367588932806326, 0.41711229946524064, 0.3298969072164949, 0.26086956521739124, 0.4896551724137931, 0.390295358649789, 0.28, 0.2965299684542587, 0.22781569965870305, 0.5274725274725274, 0.5494505494505495, 0.793538219070134, 1
0.7192982456140351, 0.22924901185770755, 0.7700534759358287, 0.45360824742268036, 0.4021739130434784, 0.6793103448275863, 0.5548523206751055, 0.48, 0.42586750788643535, 0.27474402730375425, 0.7802197802197801, 0.7802197802197801, 0.5019700551615446, 1
0.7631578947368416, 0.1857707509881423, 0.4545454545454545, 0.27835051546391754, 0.28260869565217395, 0.5758620689655173, 0.4198312236286919, 0.26, 0.49526813880126186, 0.29180887372013653, 0.5494505494505495, 0.8498168498168497, 0.5965327029156817, 1
0.678362573099415, 0.15019762845849807, 0.716577540106952, 0.6134020618556701, 0.3369565217391305, 0.6965517241379311, 0.6139240506329113, 0.31999999999999995, 0.6214511041009463, 0.37713310580204773, 0.7142857142857142, 0.5274725274725274, 0.793538219070134, 1
0.634502923976608, 0.18181818181818185, 0.5347593582887699, 0.4381443298969073, 0.39130434782608703, 0.6482758620689655, 0.60126582278481, 0.18, 0.48580441640378547, 0.4795221843003413, 0.6043956043956045, 0.5897435897435896, 0.9747832939322302, 1
0.6637426900584793, 0.2154150197628459, 0.5347593582887699, 0.3402061855670103, 0.3695652173913043, 0.496551724137931, 0.4957805907172995, 0.58, 0.49211356466876965, 0.21843003412969278, 0.7582417582417582, 0.5860805860805862, 0.5610717100078803, 1
0.6871345029239766, 0.15612648221343875, 0.716577540106952, 0.45876288659793807, 0.6739130434782609, 0.6793103448275863, 0.5063291139240506, 0.74, 0.2965299684542587, 0.3515358361774744, 0.7802197802197801, 0.6336996336996337, 0.7541371158392436, 1
0.6140350877192984, 0.20948616600790518, 0.6898395721925134, 0.4329896907216495, 0.4347826086956522, 0.47241379310344833, 0.4620253164556961, 0.31999999999999995, 0.35646687697160884, 0.2491467576791809, 0.6153846153846154, 0.5860805860805862, 0.6438140267927502, 1
0.6052631578947372, 0.2114624505928854, 0.5614973262032085, 0.5103092783505154, 0.32608695652173914, 0.5931034482758621, 0.5569620253164557, 0.26, 0.4574132492113565, 0.325938566552901, 0.5494505494505495, 0.8058608058608059, 0.5059101654846336, 1
0.5467836257309941, 0.17786561264822134, 0.7914438502673796, 0.25257731958762886, 0.4347826086956522, 0.5586206896551725, 0.49367088607594933, 0.42000000000000004, 0.2996845425867508, 0.2832764505119454, 0.6043956043956045, 0.5531135531135531, 0.4743892828999212, 1
0.47953216374269036, 0.17984189723320157, 0.6363636363636361, 0.38144329896907214, 0.30434782608695665, 0.5068965517241381, 0.44092827004219404, 0.31999999999999995, 0.3249211356466877, 0.2534129692832764, 0.6373626373626375, 0.4542124542124541, 0.6516942474389283, 1
0.5847953216374271, 0.6126482213438735, 0.4064171122994652, 0.4226804123711341, 0.21739130434782616, 0.5068965517241381, 0.49367088607594933, 0.28, 0.33753943217665616, 0.2559726962457338, 0.4065934065934067, 0.6336996336996337, 0.5965327029156817, 1
0.7222222222222223, 0.22727272727272727, 0.657754010695187, 0.22680412371134018, 0.3369565217391305, 0.7827586206896553, 0.6793248945147679, 0.08000000000000002, 0.4069400630914827, 0.35409556313993173, 0.37362637362637363, 0.838827838827839, 0.6438140267927502, 1
0.5350877192982457, 0.6403162055335969, 0.49732620320855603, 0.3556701030927836, 0.35869565217391297, 0.5724137931034484, 0.4831223628691982, 0.38, 0.3943217665615142, 0.2627986348122867, 0.3076923076923076, 0.6336996336996337, 0.31678486997635935, 1
0.8187134502923978, 0.6521739130434783, 0.5775401069518716, 0.4278350515463917, 0.44565217391304357, 0.6448275862068966, 0.48734177215189867, 0.33999999999999997, 0.26498422712933756, 0.33788395904436863, 0.36263736263736257, 0.7545787545787546, 0.6319936958234831, 1
0.8684210526315788, 0.5632411067193676, 0.4919786096256683, 0.27835051546391754, 0.34782608695652184, 0.7827586206896553, 0.5970464135021096, 0.28, 0.5615141955835962, 0.3088737201365188, 0.5494505494505495, 0.7948717948717949, 0.620173364854216, 1
0.7865497076023393, 0.25296442687747034, 0.5561497326203207, 0.4226804123711341, 0.35869565217391297, 0.6103448275862069, 0.5443037974683543, 0.38, 0.6214511041009463, 0.41979522184300344, 0.5824175824175826, 0.5421245421245422, 0.616233254531127, 1
0.47953216374269036, 0.1956521739130435, 0.36363636363636365, 0.09278350515463918, 0.23913043478260876, 0.6000000000000001, 0.6181434599156117, 0.08000000000000002, 0.7886435331230284, 0.5051194539249146, 0.6373626373626375, 0.6007326007326008, 0.6871552403467298, 1
0.7076023391812862, 0.17984189723320157, 0.663101604278075, 0.3402061855670103, 0.26086956521739124, 0.5068965517241381, 0.5590717299578059, 0.18, 0.5930599369085173, 0.3686006825938566, 0.7692307692307692, 0.7692307692307694, 0.7777777777777779, 1
0.7046783625730999, 0.199604743083004, 0.5668449197860962, 0.17525773195876293, 0.44565217391304357, 1.0, 0.7172995780590716, 0.38, 0.4605678233438486, 0.4923208191126279, 0.5164835164835164, 0.7289377289377288, 0.7186761229314421, 1
0.6900584795321638, 0.22924901185770755, 0.7058823529411765, 0.3350515463917527, 0.48913043478260876, 0.6965517241379311, 0.5168776371308016, 0.52, 0.4006309148264984, 0.42832764505119447, 0.6483516483516483, 0.6080586080586081, 0.8644602048857369, 1
0.628654970760234, 0.1956521739130435, 0.5882352941176471, 0.5103092783505154, 0.5000000000000001, 0.6827586206896552, 0.5147679324894514, 0.14, 0.6435331230283912, 0.424061433447099, 0.4835164835164836, 0.6446886446886446, 0.6635145784081955, 1
0.821637426900585, 0.1897233201581028, 0.5026737967914437, 0.2938144329896908, 0.5217391304347826, 0.7655172413793105, 0.561181434599156, 0.26, 0.5110410094637223, 0.4351535836177475, 0.43956043956043955, 0.7472527472527473, 0.5453112687155242, 1
0.5497076023391809, 0.24308300395256918, 0.7058823529411765, 0.31958762886597947, 0.34782608695652184, 0.6965517241379311, 0.6097046413502109, 0.36, 0.3943217665615142, 0.40273037542662116, 0.5824175824175826, 0.575091575091575, 0.781717888100867, 1
0.6754385964912286, 0.13636363636363638, 0.6096256684491977, 0.31443298969072164, 0.4130434782608695, 0.8344827586206898, 0.7025316455696201, 0.12, 0.5141955835962145, 0.4709897610921502, 0.3846153846153846, 0.5860805860805862, 0.793538219070134, 1
0.2807017543859649, 0.03952569169960474, 0.0, 0.0, 0.19565217391304357, 0.3448275862068966, 0.04852320675105483, 0.30000000000000004, 0.0031545741324921217, 0.057167235494880536, 0.5604395604395604, 0.20146520146520147, 0.19070133963750988, 2
0.26900584795321647, 0.07114624505928857, 0.4919786096256683, 0.27835051546391754, 0.3369565217391305, 0.36896551724137927, 0.15822784810126583, 1.0, 0.0, 0.1697952218430034, 0.7802197802197801, 0.1465201465201465, 0.31678486997635935, 2
0.35964912280701755, 0.12252964426877475, 0.3529411764705882, 0.31958762886597947, 0.32608695652173914, 0.35862068965517246, 0.22573839662447254, 0.8, 0.06624605678233439, 0.3813993174061433, 0.4835164835164836, 0.1172161172161173, 0.1355397951142632, 2
0.6608187134502925, 0.1007905138339921, 0.2994652406417112, 0.38144329896907214, 0.26086956521739124, 0.38620689655172424, 0.3059071729957805, 0.38, 0.10094637223974764, 0.21501706484641633, 0.7582417582417582, 0.43589743589743585, 0.27738376674546894, 2
0.2807017543859649, 0.07707509881422925, 0.4278074866310161, 0.4329896907216495, 0.18478260869565222, 0.8689655172413793, 0.5822784810126581, 0.12, 0.4605678233438486, 0.2704778156996587, 0.7472527472527473, 0.5860805860805862, 0.11189913317572894, 2
0.22222222222222232, 0.14031620553359683, 0.6256684491978607, 0.4329896907216495, 0.3695652173913043, 0.3137931034482758, 0.29746835443037967, 0.64, 0.19558359621451105, 0.1424914675767918, 1.0, 0.3516483516483517, 0.06067769897557132, 2
0.2807017543859649, 0.09288537549407117, 0.6417112299465241, 0.38659793814432997, 0.30434782608695665, 0.496551724137931, 0.48734177215189867, 0.48, 0.526813880126183, 0.2832764505119454, 0.7142857142857142, 0.3772893772893772, 0.31520882584712373, 2
0.2807017543859649, 0.0849802371541502, 0.2994652406417112, 0.463917525773196, 0.08695652173913049, 0.3896551724137931, 0.35021097046413496, 0.28, 0.1987381703470032, 0.2901023890784983, 0.6373626373626375, 0.8095238095238095, 0.18282111899133177, 2
0.564327485380117, 0.03952569169960474, 0.5347593582887699, 0.3298969072164949, 0.4347826086956522, 0.5344827586206896, 0.20253164556962022, 0.8400000000000001, 0.0031545741324921217, 0.16126279863481227, 0.5274725274725274, 0.24175824175824173, 0.3719464144996061, 2
0.2339181286549712, 0.08893280632411069, 0.20855614973262027, 0.31958762886597947, 0.8804347826086957, 0.30000000000000004, 0.1983122362869198, 0.020000000000000018, 0.6593059936908517, 0.13395904436860068, 0.8131868131868132, 0.6593406593406592, 0.34672970843183615, 2
0.2573099415204676, 0.17193675889328067, 0.4545454545454545, 0.5051546391752577, 0.35869565217391297, 0.04137931034482761, 0.14345991561181431, 0.48, 0.3312302839116719, 0.15102389078498293, 0.4021978021978022, 0.20146520146520147, 0.4665090622537432, 2
0.7163742690058479, 0.1521739130434783, 0.7005347593582886, 0.7422680412371134, 0.17391304347826086, 0.6793103448275863, 0.5316455696202531, 0.15999999999999998, 0.4605678233438486, 0.17918088737201363, 0.9010989010989012, 0.6923076923076923, 0.10401891252955084, 2
0.4619883040935675, 0.18379446640316208, 0.663101604278075, 1.0, 0.7500000000000001, 0.8, 0.5379746835443038, 0.15999999999999998, 0.48895899053627756, 0.1766211604095563, 0.8461538461538463, 0.8168498168498168, 0.5571315996847912, 2
0.16081871345029253, 0.06916996047430832, 0.5026737967914437, 0.5360824742268042, 0.3369565217391305, 0.8275862068965518, 0.37974683544303794, 0.0, 0.3911671924290221, 0.16467576791808872, 0.4945054945054945, 0.6813186813186813, 0.4791174152876281, 2
0.07309941520467822, 0.22529644268774704, 0.2994652406417112, 0.27835051546391754, 0.2934782608695653, 0.21724137931034493, 0.2594936708860759, 0.42000000000000004, 0.2334384858044164, 0.21501706484641633, 0.7582417582417582, 0.3186813186813187, 0.11820330969267143, 2
0.4736842105263155, 0.031620553359683806, 0.18716577540106938, 0.27835051546391754, 0.17391304347826086, 0.33448275862068966, 0.3565400843881856, 0.21999999999999997, 0.3312302839116719, 0.2832764505119454, 0.7142857142857142, 0.44322344322344315, 0.08983451536643025, 2
0.1257309941520468, 0.4249011857707511, 0.4652406417112299, 0.38144329896907214, 0.4565217391304349, 0.2551724137931035, 0.20675105485232065, 0.6, 0.17034700315457413, 0.11689419795221842, 0.46153846153846145, 0.45787545787545786, 0.17494089834515367, 2
0.26900584795321647, 0.04940711462450595, 0.31550802139037415, 0.21649484536082475, 0.717391304347826, 0.3172413793103448, 0.3185654008438818, 0.43999999999999995, 0.7413249211356466, 0.18088737201365188, 0.5714285714285714, 0.380952380952381, 0.3719464144996061, 2
0.37719298245613997, 0.6185770750988143, 0.5561497326203207, 0.6391752577319587, 0.3369565217391305, 0.6379310344827587, 0.4662447257383965, 0.6, 0.48580441640378547, 0.1100682593856655, 0.7142857142857142, 0.6813186813186813, 0.14578408195429474, 2
0.17251461988304095, 0.035573122529644285, 0.34224598930481276, 0.4329896907216495, 0.17391304347826086, 0.496551724137931, 0.4050632911392404, 0.33999999999999997, 0.3217665615141956, 0.10409556313993173, 0.9230769230769229, 0.6776556776556777, 0.0, 2
0.19590643274853825, 0.07707509881422925, 0.6149732620320855, 0.6907216494845361, 0.08695652173913049, 0.3517241379310345, 0.26160337552742613, 0.54, 0.3123028391167192, 0.07849829351535836, 0.8461538461538463, 0.5311355311355312, 0.27738376674546894, 2
0.1257309941520468, 0.029644268774703553, 0.6524064171122995, 0.38144329896907214, 0.26086956521739124, 0.42068965517241386, 0.3945147679324894, 0.18, 0.61198738170347, 0.15102389078498293, 0.27472527472527475, 0.6630036630036631, 0.19070133963750988, 2
0.36842105263157876, 0.047430830039525695, 0.47058823529411764, 0.38144329896907214, 0.3152173913043478, 0.42068965517241386, 0.3375527426160337, 0.33999999999999997, 0.3312302839116719, 0.1143344709897611, 0.7582417582417582, 0.6923076923076923, 0.1355397951142632, 2
0.2192982456140351, 0.17193675889328067, 0.5080213903743315, 0.6288659793814433, 0.21739130434782616, 0.27586206896551724, 0.28481012658227844, 0.6, 0.3627760252365931, 0.09982935153583619, 0.8681318681318682, 0.3626373626373625, 0.17100078802206461, 2
0.07017543859649145, 0.18379446640316208, 0.6737967914438502, 0.7938144329896908, 0.19565217391304357, 0.32413793103448274, 0.26793248945147674, 0.54, 0.29337539432176657, 0.11262798634812288, 0.9010989010989012, 0.7106227106227105, 0.22379826635145786, 2
0.06725146198830423, 0.26086956521739135, 0.5882352941176471, 0.5670103092783507, 0.15217391304347827, 0.33448275862068966, 0.28481012658227844, 0.7, 0.2965299684542587, 0.1296928327645051, 0.5054945054945055, 0.5421245421245422, 0.31678486997635935, 2
0.19590643274853825, 0.11660079051383401, 0.5026737967914437, 0.6701030927835052, 0.0, 0.42068965517241386, 0.2637130801687763, 0.58, 0.305993690851735, 0.03924914675767918, 0.5824175824175826, 0.7106227106227105, 0.2734436564223799, 2
0.19590643274853825, 0.2154150197628459, 0.5133689839572192, 0.4072164948453608, 0.11956521739130443, 0.21379310344827596, 0.24472573839662443, 0.78, 0.3880126182965299, 0.09556313993174059, 0.5934065934065935, 0.3663003663003663, 0.1591804570527975, 2
0.17251461988304095, 0.1521739130434783, 0.5668449197860962, 0.5876288659793816, 0.17391304347826086, 0.16206896551724137, 0.19198312236286919, 0.74, 0.3848580441640378, 0.1979522184300341, 0.5604395604395604, 0.5054945054945055, 0.1355397951142632, 2
0.3742690058479532, 0.15612648221343875, 0.48128342245989286, 0.5206185567010309, 0.10869565217391308, 0.13793103448275862, 0.23628691983122357, 0.8999999999999999, 0.3817034700315458, 0.15102389078498293, 0.46153846153846145, 0.2893772893772894, 0.17100078802206461, 2
0.2573099415204676, 0.4130434782608696, 0.4598930481283422, 0.38144329896907214, 0.19565217391304357, 0.5068965517241381, 0.40295358649789026, 0.24, 0.49842271293375395, 0.07423208191126279, 0.6703296703296702, 0.7435897435897436, 0.009456264775413725, 2
0.06140350877192979, 0.2470355731225297, 0.4919786096256683, 0.38144329896907214, 0.30434782608695665, 0.703448275862069, 0.4050632911392404, 0.08000000000000002, 0.2965299684542587, 0.16808873720136516, 0.6813186813186811, 0.6190476190476191, 0.052797478329393216, 2
0.30994152046783663, 0.15415019762845852, 0.449197860962567, 0.4329896907216495, 1.0, 0.5241379310344828, 0.40717299578059063, 0.38, 0.9053627760252364, 0.11262798634812288, 0.6813186813186811, 0.4981684981684981, 0.5193065405831364, 2
0.1169590643274856, 0.2727272727272728, 0.7379679144385026, 0.5618556701030928, 0.6956521739130436, 0.21379310344827596, 0.1371308016877637, 0.020000000000000018, 0.3627760252365931, 0.10409556313993173, 0.4505494505494505, 0.3626373626373625, 0.2734436564223799, 2
0.2573099415204676, 0.13241106719367587, 0.3315508021390373, 0.27835051546391754, 0.16304347826086962, 0.5413793103448276, 0.45569620253164556, 0.31999999999999995, 0.42902208201892744, 0.13822525597269622, 0.7582417582417582, 0.5384615384615385, 0.11820330969267143, 2
0.19590643274853825, 0.2648221343873518, 0.18181818181818166, 0.3556701030927836, 0.2934782608695653, 0.4310344827586208, 0.38607594936708856, 0.26, 0.3123028391167192, 0.17235494880546073, 0.8021978021978022, 0.6190476190476191, 0.34042553191489366, 2
0.2719298245614037, 0.3379446640316206, 0.5882352941176471, 0.5360824742268042, 0.30434782608695665, 0.5448275862068966, 0.3734177215189873, 0.42000000000000004, 0.28391167192429023, 0.1296928327645051, 0.2857142857142857, 0.7728937728937728, 0.12608353033884948, 2
0.3216374269005846, 0.1956521739130435, 0.3315508021390373, 0.5103092783505154, 0.16304347826086962, 0.42068965517241386, 0.33333333333333326, 0.38, 0.33753943217665616, 0.14163822525597267, 0.5494505494505495, 0.8424908424908424, 0.31048069345941687, 2
0.23684210526315796, 0.10869565217391305, 0.3101604278074864, 0.4329896907216495, 0.23913043478260876, 0.4758620689655172, 0.3586497890295358, 0.52, 0.526813880126183, 0.12116040955631399, 0.3516483516483516, 0.641025641025641, 0.026792750197005527, 2
0.058479532163742576, 0.12055335968379452, 0.716577540106952, 0.48453608247422686, 0.26086956521739124, 0.606896551724138, 0.5443037974683543, 0.31999999999999995, 0.6561514195583596, 0.11689419795221842, 0.46153846153846145, 0.7289377289377288, 0.31678486997635935, 2
0.014619883040936088, 0.5928853754940713, 0.2459893048128342, 0.45876288659793807, 0.4021739130434784, 0.7586206896551726, 0.47257383966244715, 0.21999999999999997, 0.9999999999999999, 0.13822525597269622, 0.23076923076923073, 0.5641025641025641, 0.22379826635145786, 2
0.32456140350877183, 0.33399209486166015, 0.4331550802139036, 0.5360824742268042, 0.19565217391304357, 0.5413793103448276, 0.40717299578059063, 0.26, 0.2555205047318612, 0.06143344709897611, 0.39560439560439564, 0.5531135531135531, 0.03703703703703706, 2
0.10233918128654951, 0.383399209486166, 0.8342245989304812, 0.48453608247422686, 0.35869565217391297, 0.2655172413793103, 0.3565400843881856, 0.94, 0.2018927444794953, 0.21501706484641633, 0.7582417582417582, 0.45054945054945056, 0.2592592592592593, 2
0.0, 0.0, 0.6096256684491977, 0.5360824742268042, 0.19565217391304357, 0.5172413793103449, 0.35232067510548515, 0.58, 0.3249211356466877, 0.15358361774744025, 0.6153846153846154, 0.380952380952381, 0.12293144208037829, 2
0.19590643274853825, 0.12845849802371542, 0.6096256684491977, 0.6134020618556701, 0.15217391304347827, 0.5448275862068966, 0.41139240506329106, 0.6, 0.1987381703470032, 0.13822525597269622, 0.4285714285714286, 0.7032967032967032, 0.08431836091410558, 2
0.29532163742690054, 0.17193675889328067, 0.44385026737967903, 0.6134020618556701, 0.4130434782608695, 0.3517241379310345, 0.36919831223628685, 0.42000000000000004, 0.3785488958990536, 0.06655290102389078, 0.5714285714285714, 0.6190476190476191, 0.052797478329393216, 2
0.17251461988304095, 0.5316205533596838, 0.34224598930481276, 0.4329896907216495, 0.18478260869565222, 0.3517241379310345, 0.27426160337552735, 0.48, 0.4605678233438486, 0.0, 0.4285714285714286, 0.6520146520146519, 0.22537431048069348, 2
0.011695906432748426, 0.32806324110671936, 0.5668449197860962, 0.48453608247422686, 0.28260869565217395, 0.6620689655172414, 0.5168776371308016, 0.38, 0.4479495268138801, 0.16808873720136516, 0.2857142857142857, 0.7765567765567767, 0.2734436564223799, 2
0.043859649122807376, 0.258893280632411, 0.9999999999999999, 0.9226804123711341, 0.532608695652174, 0.7586206896551726, 0.9999999999999998, 0.6799999999999999, 0.4605678233438486, 0.40273037542662116, 0.4285714285714286, 0.8864468864468864, 0.14736012608353036, 2
0.29532163742690054, 0.7292490118577075, 0.7326203208556149, 0.8195876288659794, 0.34782608695652184, 0.42068965517241386, 0.3776371308016877, 0.6, 0.41009463722397477, 0.06825938566552903, 0.41758241758241765, 0.6776556776556777, 0.06855791962174942, 2
0.47953216374269036, 1.0, 0.4117647058823529, 0.5618556701030928, 0.17391304347826086, 0.5655172413793105, 0.48734177215189867, 0.33999999999999997, 0.5047318611987381, 0.11262798634812288, 0.20879120879120872, 0.6703296703296704, 0.08037825059101658, 2
0.134502923976608, 0.7055335968379447, 0.5508021390374332, 0.5360824742268042, 0.13043478260869568, 0.6482758620689655, 0.5675105485232066, 0.15999999999999998, 0.7886435331230284, 0.1296928327645051, 0.23076923076923073, 0.8681318681318682, 0.08037825059101658, 2
0.19298245614035103, 0.2806324110671937, 0.4331550802139036, 0.5360824742268042, 0.16304347826086962, 0.5586206896551725, 0.48734177215189867, 0.48, 0.2965299684542587, 0.12627986348122863, 0.3516483516483516, 0.7362637362637363, 0.07880220646178096, 2
0.29824561403508776, 0.15612648221343875, 0.49732620320855603, 0.5618556701030928, 0.17391304347826086, 0.606896551724138, 0.5928270042194091, 0.52, 0.42902208201892744, 0.22696245733788392, 0.1648351648351647, 0.575091575091575, 0.05831363278171789, 2
0.2807017543859649, 0.17588932806324112, 0.5026737967914437, 0.7164948453608249, 0.19565217391304357, 0.4275862068965518, 0.4451476793248945, 0.54, 0.4700315457413249, 0.07167235494880547, 0.3846153846153846, 0.5531135531135531, 0.050433412135539785, 2
0.18421052631578938, 0.7035573122529645, 0.5454545454545453, 0.5876288659793816, 0.10869565217391308, 0.38620689655172424, 0.29746835443037967, 0.58, 0.2965299684542587, 0.11262798634812288, 0.27472527472527475, 0.4761904761904761, 0.23798266351457845, 2
0.42397660818713456, 0.12055335968379452, 0.5133689839572192, 0.38144329896907214, 0.5652173913043478, 0.1827586206896552, 0.19198312236286919, 0.15999999999999998, 0.16719242902208203, 0.2406143344709897, 0.24175824175824168, 0.0073260073260073555, 0.27738376674546894, 3
0.429824561403509, 0.44466403162055346, 0.5561497326203207, 0.48453608247422686, 0.3695652173913043, 0.11034482758620695, 0.18565400843881852, 0.21999999999999997, 0.13249211356466878, 0.3515358361774744, 0.21978021978021978, 0.054945054945054916, 0.19858156028368798, 3
0.4093567251461989, 0.31027667984189733, 0.5561497326203207, 0.6907216494845361, 0.30434782608695665, 0.05862068965517242, 0.15822784810126583, 0.28, 0.13249211356466878, 0.37713310580204773, 0.13186813186813184, 0.032967032967033016, 0.22222222222222224, 3
0.3216374269005846, 0.09881422924901187, 0.47593582887700536, 0.3556701030927836, 0.16304347826086962, 0.3517241379310345, 0.05063291139240504, 0.94, 0.26498422712933756, 0.35580204778157, 0.23076923076923073, 0.08791208791208788, 0.29314420803782515, 3
0.3479532163742691, 0.3399209486166008, 0.449197860962567, 0.4072164948453608, 0.26086956521739124, 0.2206896551724139, 0.06751054852320675, 1.0, 0.16719242902208203, 0.4965870307167235, 0.20879120879120872, 0.11355311355311354, 0.3286052009456265, 3
0.24561403508771917, 0.7865612648221344, 0.6310160427807486, 0.5360824742268042, 0.2065217391304348, 0.13793103448275862, 0.027426160337552727, 0.8, 0.12302839116719244, 0.21928327645051196, 0.23076923076923073, 0.0, 0.34830575256107177, 3
0.4181286549707601, 0.43873517786561267, 0.6684491978609625, 0.6907216494845361, 0.3369565217391305, 0.4620689655172414, 0.05485232067510547, 0.8, 0.1261829652996846, 0.31058020477815695, 0.3846153846153846, 0.32234432234432225, 0.2458628841607565, 3
0.4444444444444442, 0.40909090909090917, 0.716577540106952, 0.5360824742268042, 0.28260869565217395, 0.19310344827586212, 0.033755274261603366, 0.8, 0.10725552050473186, 0.2832764505119454, 0.25274725274725274, 0.380952380952381, 0.2537431048069346, 3
0.570175438596491, 0.3596837944664032, 0.5294117647058824, 0.48453608247422686, 0.2065217391304348, 0.14482758620689656, 0.033755274261603366, 0.48, 0.07255520504731863, 0.3686006825938566, 0.17582417582417575, 0.4395604395604396, 0.3955870764381403, 3
0.6169590643274852, 0.48023715415019763, 0.7272727272727274, 0.6649484536082475, 0.2934782608695653, 0.1965517241379311, 0.03797468354430379, 0.74, 0.04416403785488962, 0.26194539249146753, 0.3846153846153846, 0.2893772893772894, 0.19070133963750988, 3
0.6461988304093564, 0.8320158102766799, 0.5294117647058824, 0.48453608247422686, 0.23913043478260876, 0.3517241379310345, 0.0970464135021097, 0.6799999999999999, 0.19242902208201895, 0.2662116040955631, 0.4065934065934067, 0.28571428571428564, 0.21434200157604413, 3
0.24561403508771917, 0.6205533596837945, 0.449197860962567, 0.4072164948453608, 0.4565217391304349, 0.13793103448275862, 0.09282700421940927, 0.31999999999999995, 0.23028391167192425, 0.5912969283276451, 0.1208791208791209, 0.2673992673992674, 0.45468873128447607, 3
0.5116959064327484, 0.5592885375494071, 0.42245989304812814, 0.5360824742268042, 0.34782608695652184, 0.17931034482758623, 0.04430379746835443, 0.6, 0.28075709779179814, 0.23208191126279862, 0.06593406593406581, 0.15018315018315015, 0.4349881796690308, 3
0.7222222222222223, 0.8498023715415021, 0.4652406417112299, 0.48453608247422686, 0.10869565217391308, 0.0, 0.0, 0.54, 0.08517350157728709, 0.3088737201365188, 0.0439560439560438, 0.02197802197802201, 0.10795902285263989, 3
0.42690058479532134, 0.7648221343873519, 0.5989304812834223, 0.5618556701030928, 0.17391304347826086, 0.24827586206896557, 0.06540084388185653, 0.6799999999999999, 0.14195583596214512, 0.5435153583617748, 0.0, 0.21611721611721618, 0.2734436564223799, 3
0.4883040935672516, 0.624505928853755, 0.5347593582887699, 0.5618556701030928, 0.46739130434782605, 0.14827586206896554, 0.2215189873417721, 0.42000000000000004, 0.23028391167192425, 0.6928327645051194, 0.03296703296703285, 0.02197802197802201, 0.21434200157604413, 3
0.6111111111111112, 0.4703557312252965, 0.6737967914438502, 0.6907216494845361, 0.5760869565217391, 0.14482758620689656, 0.2594936708860759, 0.18, 0.26498422712933756, 0.6245733788395904, 0.05494505494505486, 0.010989010989011005, 0.17494089834515367, 3
0.4970760233918128, 0.22924901185770755, 0.7433155080213903, 0.7680412371134022, 0.5000000000000001, 0.42068965517241386, 0.1983122362869198, 0.26, 0.3627760252365931, 0.4965870307167235, 0.07692307692307687, 0.02197802197802201, 0.115839243498818, 3
0.5321637426900585, 0.5059288537549407, 0.4919786096256683, 0.4072164948453608, 0.30434782608695665, 0.2827586206896552, 0.10337552742616031, 0.96, 0.4605678233438486, 0.78839590443686, 0.02197802197802201, 0.08791208791208788, 0.3128447596532703, 3
0.3421052631578947, 0.10869565217391305, 0.39572192513368976, 0.48453608247422686, 0.35869565217391297, 0.1724137931034483, 0.05063291139240504, 0.8, 0.3123028391167192, 0.5392491467576791, 0.0439560439560438, 0.10256410256410259, 0.28526398739164704, 3
0.5146198830409356, 0.8794466403162058, 0.5133689839572192, 0.5876288659793816, 0.2500000000000001, 0.26206896551724146, 0.061181434599156106, 0.96, 0.359621451104101, 0.5648464163822525, 0.06593406593406581, 0.07692307692307693, 0.3522458628841608, 3
0.7105263157894735, 0.6679841897233202, 0.5454545454545453, 0.45876288659793807, 0.2065217391304348, 0.2827586206896552, 0.10337552742616031, 0.7, 0.3627760252365931, 0.659556313993174, 0.03296703296703285, 0.13553113553113555, 0.1591804570527975, 3
0.30409356725146175, 0.45256916996047425, 0.6844919786096256, 0.8453608247422681, 0.2934782608695653, 0.3172413793103448, 0.05063291139240504, 1.0, 0.23028391167192425, 0.5307167235494881, 0.1428571428571429, 0.1684981684981685, 0.4743892828999212, 3
0.8567251461988308, 0.1857707509881423, 0.716577540106952, 0.7422680412371134, 0.30434782608695665, 0.6275862068965518, 0.2046413502109704, 0.8, 0.7223974763406941, 0.9999999999999999, 0.03296703296703285, 0.2527472527472527, 0.30102442868400325, 3
0.6052631578947372, 0.18379446640316208, 0.6844919786096256, 0.6134020618556701, 0.2065217391304348, 0.5586206896551725, 0.16033755274261602, 0.78, 0.5930599369085173, 0.893344709897611, 0.03296703296703285, 0.18681318681318687, 0.26950354609929084, 3
0.6666666666666661, 0.4980237154150198, 0.6310160427807486, 0.48453608247422686, 0.4021739130434784, 0.2931034482758621, 0.046413502109704644, 0.74, 0.12302839116719244, 0.39249146757679176, 0.46153846153846145, 0.20146520146520147, 0.31678486997635935, 3
0.42105263157894735, 0.5, 0.6524064171122995, 0.5876288659793816, 0.39130434782608703, 0.2310344827586207, 0.05485232067510547, 0.94, 0.17350157728706622, 0.36689419795221845, 0.36263736263736257, 0.30769230769230765, 0.23010244286840034, 3
0.4532163742690063, 0.5355731225296444, 0.5294117647058824, 0.4072164948453608, 0.39130434782608703, 0.1413793103448276, 0.07594936708860757, 0.54, 0.16719242902208203, 0.341296928327645, 0.15384615384615385, 0.1758241758241758, 0.3128447596532703, 3
0.692982456140351, 0.39920948616600793, 0.5026737967914437, 0.5876288659793816, 0.21739130434782616, 0.12758620689655176, 0.07172995780590717, 0.5599999999999999, 0.19558359621451105, 0.7081911262798635, 0.17582417582417575, 0.15018315018315015, 0.2655634357762018, 3
0.678362573099415, 0.7154150197628459, 0.48128342245989286, 0.6134020618556701, 0.19565217391304357, 0.103448275862069, 0.027426160337552727, 0.78, 0.2334384858044164, 0.45563139931740615, 0.2637362637362637, 0.1758241758241758, 0.19070133963750988, 3
0.5964912280701751, 0.5849802371541503, 0.663101604278075, 0.6391752577319587, 0.44565217391304357, 0.24827586206896557, 0.12236286919831223, 0.6, 0.3312302839116719, 0.8020477815699658, 0.34065934065934056, 0.10622710622710624, 0.3286052009456265, 3
0.634502923976608, 0.36363636363636365, 0.711229946524064, 0.7164948453608249, 0.3804347826086957, 0.1965517241379311, 0.10548523206751052, 0.52, 0.35646687697160884, 0.6296928327645052, 0.21978021978021978, 0.19413919413919417, 0.3719464144996061, 3
0.23099415204678353, 0.45256916996047425, 0.5133689839572192, 0.4329896907216495, 0.28260869565217395, 0.09310344827586209, 0.03164556962025315, 0.54, 0.10094637223974764, 0.36006825938566556, 0.13186813186813184, 0.20512820512820512, 0.18282111899133177, 3
0.39766081871345005, 0.32608695652173925, 0.4919786096256683, 0.45876288659793807, 0.17391304347826086, 0.1413793103448276, 0.03586497890295358, 0.7, 0.07255520504731863, 0.7354947952218429, 0.03296703296703285, 0.1318681318681318, 0.1513002364066194, 3
0.8040935672514617, 0.34980237154150196, 0.5989304812834223, 0.48453608247422686, 0.2282608695652174, 0.24137931034482762, 0.07594936708860757, 0.62, 0.2618296529968454, 0.7184300341296928, 0.08791208791208782, 0.1611721611721612, 0.30102442868400325, 3
0.6725146198830414, 0.9703557312252966, 0.5828877005347594, 0.5103092783505154, 0.2717391304347826, 0.24137931034482762, 0.05696202531645568, 0.78, 0.20504731861198738, 0.5477815699658704, 0.10989010989010983, 0.17216117216117216, 0.364066193853428, 3
0.5438596491228069, 0.699604743083004, 0.48128342245989286, 0.48453608247422686, 0.5434782608695653, 0.21034482758620698, 0.07383966244725736, 0.6, 0.2965299684542587, 0.7610921501706484, 0.05494505494505486, 0.10622710622710624, 0.43892828999211986, 3
0.5146198830409356, 0.36561264822134387, 0.5401069518716578, 0.48453608247422686, 0.5434782608695653, 0.2310344827586207, 0.07172995780590717, 0.8, 0.3312302839116719, 0.6843003412969284, 0.06593406593406581, 0.12820512820512825, 0.4428684003152089, 3
0.795321637426901, 0.6640316205533596, 0.7379679144385026, 0.7164948453608249, 0.28260869565217395, 0.36896551724137927, 0.08860759493670885, 0.8600000000000001, 0.2965299684542587, 0.6757679180887372, 0.07692307692307687, 0.12087912087912095, 0.22222222222222224, 3
0.48538011695906436, 0.15019762845849807, 0.39572192513368976, 0.25257731958762886, 0.30434782608695665, 0.4896551724137931, 0.4852320675105485, 0.30000000000000004, 0.30283911671924296, 0.20648464163822525, 0.7032967032967032, 0.5201465201465201, 0.5847123719464146, 1
0.821637426900585, 0.6422924901185771, 0.6149732620320855, 0.134020618556701, 0.6304347826086957, 0.6965517241379311, 0.5696202531645569, 0.14, 0.526813880126183, 0.325938566552901, 0.3846153846153846, 0.8278388278388278, 0.3798266351457842, 1
0.628654970760234, 0.19169960474308304, 0.5080213903743315, 0.28865979381443296, 0.5108695652173912, 0.7482758620689656, 0.6223628691983122, 0.42000000000000004, 0.6088328075709779, 0.4138225255972696, 0.4505494505494505, 0.7728937728937728, 0.40740740740740744, 1
0.6812865497076022, 0.18379446640316208, 0.47593582887700536, 0.2989690721649484, 0.5217391304347826, 0.5586206896551725, 0.540084388185654, 0.15999999999999998, 0.3817034700315458, 0.38993174061433444, 0.41758241758241765, 0.7069597069597071, 0.616233254531127, 1
0.4970760233918128, 0.0533596837944664, 0.18181818181818166, 0.22680412371134018, 0.08695652173913049, 0.6896551724137931, 0.5991561181434598, 0.26, 0.5899053627760251, 0.3430034129692833, 0.6373626373626375, 0.6996336996336998, 0.1765169424743893, 2
0.6081871345029239, 0.18181818181818185, 0.47058823529411764, 0.6907216494845361, 0.18478260869565222, 0.31034482758620685, 0.3164556962025316, 0.28, 0.19558359621451105, 0.2098976109215017, 0.4835164835164836, 0.5531135531135531, 0.15287628053585503, 2
0.47953216374269036, 0.616600790513834, 0.5133689839572192, 0.6134020618556701, 0.16304347826086962, 0.2310344827586207, 0.2637130801687763, 0.96, 0.3817034700315458, 0.30034129692832756, 0.3296703296703296, 0.27106227106227093, 0.18676122931442082, 2
0.11988304093567281, 0.19367588932806326, 0.2780748663101603, 0.45876288659793807, 0.17391304347826086, 0.5241379310344828, 0.27426160337552735, 0.48, 0.31861198738170343, 0.06655290102389078, 0.43956043956043955, 0.42857142857142855, 0.10795902285263989, 2
0.24561403508771917, 0.1956521739130435, 0.4064171122994652, 0.4329896907216495, 0.10869565217391308, 0.2310344827586207, 0.3565400843881856, 0.48, 0.3848580441640378, 0.18088737201365188, 0.5054945054945055, 0.6959706959706959, 0.18282111899133177, 2
0.38304093567251485, 0.199604743083004, 0.4919786096256683, 0.6134020618556701, 0.15217391304347827, 0.13793103448275862, 0.2995780590717299, 0.7, 0.3848580441640378, 0.17235494880546073, 0.37362637362637363, 0.42124542124542125, 0.16548463356973994, 2
0.11988304093567281, 0.14426877470355734, 0.33689839572192504, 0.5257731958762888, 0.17391304347826086, 0.3448275862068966, 0.26582278481012656, 0.33999999999999997, 0.35331230283911674, 0.057167235494880536, 0.4505494505494505, 0.7545787545787546, 0.17100078802206461, 2
0.11111111111111072, 0.27470355731225293, 0.7593582887700533, 0.9226804123711341, 0.23913043478260876, 0.39655172413793105, 0.4008438818565401, 0.8999999999999999, 0.42586750788643535, 0.14675767918088736, 0.4725274725274724, 0.42857142857142855, 0.14814814814814817, 2
0.37719298245613997, 0.5553359683794467, 0.5347593582887699, 0.5618556701030928, 0.39130434782608703, 0.24827586206896557, 0.1814345991561181, 0.08000000000000002, 0.13564668769716087, 0.31740614334470985, 0.2637362637362637, 0.0073260073260073555, 0.2537431048069346, 3
0.5584795321637426, 0.4940711462450593, 0.5454545454545453, 0.5618556701030928, 0.23913043478260876, 0.3275862068965517, 0.08860759493670885, 0.64, 0.26498422712933756, 0.6092150170648464, 0.01098901098901095, 0.12820512820512825, 0.29314420803782515, 3
0.2777777777777777, 0.6106719367588933, 0.5454545454545453, 0.5360824742268042, 0.19565217391304357, 0.45517241379310347, 0.12236286919831223, 0.74, 0.1987381703470032, 0.5435153583617748, 0.02197802197802201, 0.11355311355311354, 0.19070133963750988, 3
0.5818713450292399, 0.6264822134387352, 0.5989304812834223, 0.6391752577319587, 0.34782608695652184, 0.2827586206896552, 0.08649789029535863, 0.6, 0.31545741324921134, 0.5136518771331058, 0.17582417582417575, 0.10622710622710624, 0.3719464144996061, 3