@relation winequality-white-10-2tst.dat
@attribute FixedAcidity real [3.8, 14.2]
@attribute VolatileAcidity real [0.08, 1.1]
@attribute CitricAcid real [0.0, 1.66]
@attribute ResidualSugar real [0.6, 65.8]
@attribute Chlorides real [0.009, 0.346]
@attribute FreeSulfurDioxide real [2.0, 289.0]
@attribute TotalSulfurDioxide real [9.0, 440.0]
@attribute Density real [0.98711, 1.03898]
@attribute PH real [2.72, 3.82]
@attribute Sulphates real [0.22, 1.08]
@attribute Alcohol real [8.0, 14.2]
@attribute Quality integer [0, 10]
@inputs FixedAcidity, VolatileAcidity, CitricAcid, ResidualSugar, Chlorides, FreeSulfurDioxide, TotalSulfurDioxide, Density, PH, Sulphates, Alcohol
@outputs Quality
@data
0.390625, 0.21568627450980388, 0.34, 0.04568527918781727, 0.09726443768996962, 0.09205020920502091, 0.5082644628099173, 0.5032870708546398, 0.4891304347826084, 0.30666666666666664, 0.18181818181818188, 6
0.4375, 0.18627450980392157, 0.41, 0.03045685279187818, 0.10638297872340424, 0.10878661087866108, 0.5495867768595042, 0.5836376917458068, 0.6195652173913042, 0.2799999999999999, 0.27272727272727293, 6
0.484375, 0.15686274509803919, 0.35, 0.01522842639593909, 0.10638297872340424, 0.26778242677824265, 0.5661157024793388, 0.43024105186268, 0.6521739130434785, 0.24, 0.27272727272727293, 6
0.53125, 0.23529411764705882, 0.36, 0.06598984771573604, 0.04863221884498481, 0.2845188284518828, 0.43388429752066116, 0.2549306062819596, 0.2717391304347827, 0.5999999999999999, 0.6909090909090914, 7
0.5625, 0.16666666666666666, 0.36, 0.06852791878172589, 0.10030395136778117, 0.2343096234309623, 0.3760330578512397, 0.3571950328707203, 0.3695652173913042, 0.24, 0.41818181818181843, 6
0.421875, 0.30392156862745096, 0.23, 0.23857868020304568, 0.10334346504559269, 0.18410041841004182, 0.578512396694215, 0.45945945945946676, 0.4239130434782612, 0.11999999999999994, 0.27272727272727293, 5
0.5, 0.2450980392156863, 0.32, 0.025380710659898477, 0.10942249240121579, 0.2928870292887029, 0.5330578512396694, 0.2549306062819596, 0.3043478260869561, 0.026666666666666672, 0.49090909090909074, 6
0.453125, 0.15686274509803919, 0.39, 0.1116751269035533, 0.4741641337386019, 0.502092050209205, 0.6115702479338844, 0.48137326515706036, 0.2717391304347827, 0.10666666666666669, 0.1636363636363638, 6
0.453125, 0.14705882352941177, 0.26, 0.035532994923857864, 0.13069908814589665, 0.2510460251046025, 0.5991735537190083, 0.45945945945946676, 0.4239130434782612, 0.4, 0.18181818181818188, 6
0.5625, 0.0980392156862745, 0.31, 0.035532994923857864, 0.12462006079027357, 0.2928870292887029, 0.6528925619834711, 0.43754565376187315, 0.3369565217391304, 0.36, 0.27272727272727293, 7
0.484375, 0.16666666666666666, 0.35, 0.03045685279187818, 0.0668693009118541, 0.21757322175732213, 0.7520661157024794, 0.2695398100803601, 0.3043478260869561, 0.3466666666666667, 0.4545454545454546, 6
0.515625, 0.11764705882352941, 0.34, 0.7766497461928934, 0.10030395136778117, 0.40167364016736395, 0.6487603305785125, 0.8319941563185012, 0.3913043478260869, 0.45333333333333325, 0.1272727272727272, 6
0.515625, 0.25490196078431376, 0.2, 0.27411167512690354, 0.13981762917933133, 0.36820083682008364, 0.640495867768595, 0.547114682249827, 0.3478260869565215, 0.21333333333333326, 0.27272727272727293, 5
0.515625, 0.3529411764705882, 0.62, 0.5634517766497462, 0.08206686930091184, 0.41004184100418406, 0.5909090909090909, 0.7589481373265272, 0.2934782608695654, 0.2666666666666666, 0.036363636363636376, 6
0.9375, 0.2745098039215686, 0.46, 0.4974619289340102, 0.06382978723404255, 0.008368200836820085, 0.3057851239669422, 0.6201607012418009, 0.043478260869564966, 0.05333333333333329, 0.290909090909091, 4
0.515625, 0.14705882352941177, 0.35, 0.8020304568527918, 0.06990881458966566, 0.47698744769874474, 0.6694214876033058, 0.868517165814481, 0.3369565217391304, 0.43999999999999995, 0.10909090909090913, 6
0.34375, 0.22549019607843135, 0.24, 0.1319796954314721, 0.07294832826747721, 0.18410041841004182, 0.5537190082644629, 0.3133674214755331, 0.5, 0.24, 0.5090909090909093, 6
0.40625, 0.04901960784313725, 0.47, 0.04568527918781727, 0.2279635258358663, 0.30962343096234307, 0.615702479338843, 0.41563184806429376, 0.3913043478260869, 0.1333333333333333, 0.23636363636363655, 6
0.359375, 0.21568627450980388, 0.56, 0.10659898477157359, 0.08206686930091184, 0.36820083682008364, 0.7024793388429752, 0.3864134404674928, 0.4891304347826084, 0.4133333333333332, 0.4363636363636365, 7
0.734375, 0.12745098039215685, 0.41, 0.18274111675126903, 0.05775075987841945, 0.17573221757322172, 0.37190082644628103, 0.5544192841490201, 0.3586956521739131, 0.36, 0.21818181818181803, 6
0.53125, 0.0980392156862745, 0.41, 0.025380710659898477, 0.09422492401215807, 0.3179916317991631, 0.36363636363636365, 0.34989043097151296, 0.31521739130434767, 0.2533333333333333, 0.3454545454545457, 5
0.21875, 0.3529411764705882, 0.04, 0.035532994923857864, 0.05775075987841945, 0.33472803347280333, 0.4545454545454546, 0.16727538349159943, 0.5543478260869561, 0.09333333333333332, 0.6545454545454548, 8
0.5, 0.14705882352941177, 0.36, 0.6243654822335025, 0.10334346504559269, 0.5774058577405857, 0.6942148760330579, 0.7370343316289336, 0.3369565217391304, 0.30666666666666664, 0.23636363636363655, 5
0.59375, 0.392156862745098, 0.37, 0.005076142131979704, 0.060790273556231, 0.008368200836820085, 0.3760330578512397, 0.2257121986851729, 0.19565217391304301, 0.17333333333333334, 0.5272727272727273, 4
0.484375, 0.18627450980392157, 0.4, 0.6751269035532995, 0.10030395136778117, 0.5104602510460251, 0.9008264462809917, 0.788166544923314, 0.3586956521739131, 0.4266666666666665, 0.19999999999999996, 6
1.0, 0.3529411764705882, 0.88, 0.27918781725888325, 0.09726443768996962, 0.1422594142259414, 0.475206611570248, 0.7078159240321469, 0.1521739130434785, 0.33333333333333326, 0.25454545454545463, 4
0.3125, 0.1764705882352941, 0.24, 0.4314720812182741, 0.08206686930091184, 0.4351464435146443, 0.5909090909090909, 0.6566837107377808, 0.5, 0.15999999999999992, 0.1636363636363638, 5
0.40625, 0.08823529411764708, 0.32, 0.08629441624365482, 0.09422492401215807, 0.3179916317991631, 0.7892561983471075, 0.4886778670562535, 0.7065217391304346, 0.31999999999999995, 0.21818181818181803, 6
0.484375, 0.20588235294117646, 0.4, 0.9517766497461928, 0.07902735562310029, 0.2761506276150627, 0.6074380165289257, 0.912344777209654, 0.08695652173913038, 0.2799999999999999, 0.07272727272727297, 5
0.3125, 0.16666666666666666, 0.26, 0.6294416243654822, 0.10334346504559269, 0.3430962343096234, 0.5743801652892562, 0.7370343316289336, 0.4782608695652173, 0.15999999999999992, 0.14545454545454573, 5
0.421875, 0.19607843137254904, 0.33, 0.7614213197969543, 0.10942249240121579, 0.40167364016736395, 0.7479338842975207, 0.7808619430241208, 0.4021739130434785, 0.33333333333333326, 0.21818181818181803, 6
0.46875, 0.16666666666666666, 0.34, 0.20304568527918782, 0.042553191489361694, 0.25941422594142255, 0.5165289256198348, 0.40832724616510063, 0.3913043478260869, 0.15999999999999992, 0.38181818181818183, 6
0.703125, 0.32352941176470584, 0.51, 0.06598984771573604, 0.08814589665653497, 0.06694560669456066, 0.8181818181818182, 0.43024105186268, 0.18478260869565188, 0.3866666666666667, 0.5272727272727273, 5
0.40625, 0.25490196078431376, 0.23, 0.28426395939086296, 0.0668693009118541, 0.2845188284518828, 0.5537190082644629, 0.5325054784514265, 0.3695652173913042, 0.52, 0.27272727272727293, 6
0.40625, 0.23529411764705882, 0.35, 0.2081218274111675, 0.039513677811550144, 0.25941422594142255, 0.38016528925619836, 0.29875821767714683, 0.5543478260869561, 0.45333333333333325, 0.7272727272727275, 8
0.46875, 0.15686274509803919, 0.34, 0.1979695431472081, 0.04559270516717326, 0.2845188284518828, 0.5206611570247934, 0.40832724616510063, 0.3804347826086958, 0.17333333333333334, 0.38181818181818183, 5
0.390625, 0.14705882352941177, 0.3, 0.05583756345177665, 0.04863221884498481, 0.10878661087866108, 0.3388429752066116, 0.2549306062819596, 0.4673913043478257, 0.18666666666666665, 0.6000000000000001, 6
0.328125, 0.1764705882352941, 0.4, 0.03045685279187818, 0.09118541033434652, 0.07531380753138074, 0.5371900826446281, 0.5398100803506338, 0.6521739130434785, 0.36, 0.3454545454545457, 5
0.5625, 0.11764705882352941, 0.43, 0.36040609137055835, 0.08510638297872339, 0.20083682008368198, 0.5950413223140496, 0.6785975164353601, 0.3695652173913042, 0.3866666666666667, 0.09090909090909105, 7
0.96875, 0.11764705882352941, 0.39, 0.035532994923857864, 0.10030395136778117, 0.13389121338912136, 0.5909090909090909, 0.5032870708546398, 0.16304347826086918, 0.21333333333333326, 0.3454545454545457, 6
0.4375, 0.8088235294117647, 0.19, 0.005076142131979704, 0.09422492401215807, 0.11715481171548116, 0.8057851239669422, 0.45945945945946676, 0.5326086956521738, 0.4, 0.27272727272727293, 5
0.34375, 0.2745098039215686, 0.39, 0.1269035532994924, 0.030395136778115506, 0.1422594142259414, 0.4793388429752067, 0.28414901387874636, 0.5760869565217388, 0.17333333333333334, 0.5090909090909093, 7
0.359375, 0.46078431372549017, 0.15, 0.46192893401015234, 0.042553191489361694, 0.13389121338912136, 0.4793388429752067, 0.627465303140994, 0.5543478260869561, 0.2799999999999999, 0.3090909090909091, 6
0.46875, 0.28431372549019607, 0.51, 0.5634517766497462, 0.08206686930091184, 0.49372384937238484, 0.6363636363636364, 0.7662527392257203, 0.3695652173913042, 0.24, 0.054545454545454675, 5
0.46875, 0.20588235294117646, 0.5, 0.6395939086294417, 0.10942249240121579, 0.3765690376569037, 0.7644628099173554, 0.7516435354273199, 0.26086956521739113, 0.2533333333333333, 0.1636363636363638, 5
0.390625, 0.12745098039215685, 0.58, 0.47208121827411165, 0.19452887537993924, 0.25941422594142255, 0.48347107438016534, 0.6639883126369739, 0.10869565217391308, 0.2666666666666666, 0.07272727272727297, 5
0.515625, 0.46078431372549017, 0.13, 0.050761421319796954, 0.1702127659574468, 0.1506276150627615, 0.6446280991735538, 0.5032870708546398, 0.1304347826086958, 0.4266666666666665, 0.1272727272727272, 6
0.375, 0.28431372549019607, 0.3, 0.29949238578680204, 1.0, 0.6359832635983264, 0.7892561983471075, 0.6055514974434004, 0.4782608695652173, 0.4266666666666665, 0.19999999999999996, 5
0.5625, 0.20588235294117646, 0.29, 0.04568527918781727, 0.08510638297872339, 0.4184100418410041, 0.7066115702479339, 0.47406866325786723, 0.5326086956521738, 0.56, 0.36363636363636376, 6
0.46875, 0.11764705882352941, 0.38, 0.20304568527918782, 0.06990881458966566, 0.20083682008368198, 0.38842975206611574, 0.5032870708546398, 0.5652173913043477, 0.4266666666666665, 0.3999999999999999, 6
0.46875, 0.14705882352941177, 0.32, 0.04568527918781727, 0.02735562310030394, 0.33472803347280333, 0.5702479338842975, 0.24032140248357337, 0.4782608695652173, 0.3733333333333333, 0.7272727272727275, 6
0.46875, 0.10784313725490197, 0.58, 0.6852791878172588, 0.06382978723404255, 0.40167364016736395, 0.640495867768595, 0.7589481373265272, 0.2934782608695654, 0.2933333333333332, 0.19999999999999996, 6
0.40625, 0.21568627450980388, 0.3, 0.07868020304568528, 0.06382978723404255, 0.04184100418410042, 0.8305785123966942, 0.48137326515706036, 0.3804347826086958, 0.48, 0.25454545454545463, 6
0.625, 0.0980392156862745, 0.31, 0.583756345177665, 0.10942249240121579, 0.35983263598326354, 0.5413223140495869, 0.7954711468225071, 0.2282608695652173, 0.36, 0.07272727272727297, 6
0.34375, 0.15686274509803919, 0.27, 0.06091370558375635, 0.09422492401215807, 0.30962343096234307, 0.6652892561983471, 0.4886778670562535, 0.8586956521739131, 0.3733333333333333, 0.27272727272727293, 7
0.5625, 0.2745098039215686, 0.33, 0.035532994923857864, 0.024316109422492405, 0.20083682008368198, 0.1900826446280992, 0.32067202337474043, 0.3913043478260869, 0.09333333333333332, 0.49090909090909074, 6
0.625, 0.19607843137254904, 0.32, 0.4213197969543147, 0.05775075987841945, 0.25941422594142255, 0.4380165289256199, 0.590942293645, 0.3478260869565215, 0.17333333333333334, 0.3272727272727276, 7
0.484375, 0.16666666666666666, 0.4, 0.03045685279187818, 0.06382978723404255, 0.15899581589958156, 0.38016528925619836, 0.21840759678597976, 0.19565217391304301, 0.17333333333333334, 0.5272727272727273, 6
0.21875, 0.2745098039215686, 0.02, 0.04568527918781727, 0.042553191489361694, 0.17573221757322172, 0.3925619834710744, 0.1818845872899999, 0.6413043478260869, 0.11999999999999994, 0.6727272727272728, 6
0.5, 0.21568627450980388, 0.51, 0.6548223350253807, 0.10030395136778117, 0.30962343096234307, 0.6570247933884298, 0.7662527392257203, 0.23913043478260843, 0.3466666666666667, 0.19999999999999996, 7
0.84375, 0.16666666666666666, 0.34, 0.025380710659898477, 0.02735562310030394, 0.2343096234309623, 0.34710743801652894, 0.32797662527393356, 0.08695652173913038, 0.1466666666666666, 0.5090909090909093, 7
0.359375, 0.32352941176470584, 0.24, 0.04568527918781727, 0.09726443768996962, 0.10878661087866108, 0.5289256198347108, 0.43024105186268, 0.5108695652173911, 0.31999999999999995, 0.3454545454545457, 6
0.5625, 0.21568627450980388, 0.22, 0.035532994923857864, 0.08814589665653497, 0.10878661087866108, 0.5206611570247934, 0.41563184806429376, 0.25, 0.6799999999999999, 0.3454545454545457, 7
0.515625, 0.1372549019607843, 0.33, 0.10659898477157359, 0.04863221884498481, 0.3765690376569037, 0.5950413223140496, 0.2037983929875935, 0.3260869565217388, 0.15999999999999992, 0.7636363636363637, 7
0.421875, 0.19607843137254904, 0.29, 0.10152284263959391, 0.06382978723404255, 0.19246861924686193, 0.40495867768595045, 0.29875821767714683, 0.5108695652173911, 0.19999999999999996, 0.5636363636363635, 7
0.5625, 0.15686274509803919, 0.22, 0.5076142131979695, 0.07598784194528876, 0.19246861924686193, 0.2975206611570248, 0.6055514974434004, 0.01086956521739113, 0.1333333333333333, 0.21818181818181803, 6
0.5625, 0.15686274509803919, 0.22, 0.5076142131979695, 0.07598784194528876, 0.19246861924686193, 0.2975206611570248, 0.6055514974434004, 0.01086956521739113, 0.1333333333333333, 0.21818181818181803, 6
0.484375, 0.19607843137254904, 0.27, 0.07106598984771574, 0.05775075987841945, 0.3263598326359832, 0.4628099173553719, 0.4010226442658933, 0.6195652173913042, 0.30666666666666664, 0.41818181818181843, 7
0.546875, 0.11764705882352941, 0.37, 0.025380710659898477, 0.060790273556231, 0.3765690376569037, 0.4545454545454546, 0.3571950328707203, 0.5108695652173911, 0.30666666666666664, 0.4363636363636365, 6
0.40625, 0.3627450980392157, 0.07, 0.020304568527918787, 0.039513677811550144, 0.058577405857740586, 0.5041322314049587, 0.2476260043827665, 0.1304347826086958, 0.026666666666666672, 0.41818181818181843, 5
0.546875, 0.16666666666666666, 0.29, 0.34517766497461927, 0.09726443768996962, 0.2928870292887029, 0.615702479338843, 0.6859021183345675, 0.6304347826086958, 0.15999999999999992, 0.19999999999999996, 5
0.5625, 0.15686274509803919, 0.4, 0.18274111675126903, 0.04559270516717326, 0.050209205020920494, 0.3553719008264463, 0.3571950328707203, 0.26086956521739113, 0.17333333333333334, 0.47272727272727266, 6
0.609375, 0.15686274509803919, 0.27, 0.05583756345177665, 0.10334346504559269, 0.41004184100418406, 0.7479338842975207, 0.41563184806429376, 0.4130434782608696, 0.31999999999999995, 0.41818181818181843, 6
0.53125, 0.15686274509803919, 0.34, 0.020304568527918787, 0.08510638297872339, 0.0, 0.2272727272727273, 0.30606281957633996, 0.4130434782608696, 0.33333333333333326, 0.5272727272727273, 5
0.5, 0.14705882352941177, 0.42, 0.8807106598984772, 0.10030395136778117, 0.26778242677824265, 0.5578512396694215, 0.9342585829072476, 0.4021739130434785, 0.21333333333333326, 0.054545454545454675, 5
0.390625, 0.12745098039215685, 0.33, 0.6700507614213198, 0.08814589665653497, 0.5439330543933054, 0.7024793388429752, 0.7297297297297405, 0.5543478260869561, 0.31999999999999995, 0.3454545454545457, 6
0.46875, 0.20588235294117646, 0.16, 0.035532994923857864, 0.06382978723404255, 1.0, 0.9318181818181819, 0.37180423666910656, 0.3260869565217388, 0.2799999999999999, 0.27272727272727293, 4
0.515625, 0.08823529411764708, 0.38, 0.3401015228426396, 0.10638297872340424, 0.3849372384937238, 0.7148760330578513, 0.6347699050401872, 0.5434782608695654, 0.3466666666666667, 0.19999999999999996, 6
0.625, 0.3333333333333333, 0.26, 0.4314720812182741, 0.12462006079027357, 0.25941422594142255, 0.7851239669421488, 0.7370343316289336, 0.31521739130434767, 0.3866666666666667, 0.14545454545454573, 6
0.40625, 0.23529411764705882, 0.5, 0.5076142131979695, 0.09118541033434652, 0.4518828451882845, 0.8140495867768596, 0.7078159240321469, 0.25, 0.45333333333333325, 0.1636363636363638, 5
0.3125, 0.23529411764705882, 0.38, 0.20558375634517767, 0.04863221884498481, 0.16736401673640167, 0.35123966942148765, 0.28414901387874636, 0.6195652173913042, 0.21333333333333326, 0.6000000000000001, 7
0.453125, 0.19607843137254904, 0.14, 0.035532994923857864, 0.07902735562310029, 0.5104602510460251, 0.6198347107438017, 0.3571950328707203, 0.3478260869565215, 0.17333333333333334, 0.27272727272727293, 5
0.53125, 0.19607843137254904, 0.3, 0.5076142131979695, 0.08206686930091184, 0.48535564853556484, 0.8801652892561984, 0.7370343316289336, 0.31521739130434767, 0.31999999999999995, 0.10909090909090913, 6
0.578125, 0.22549019607843135, 0.51, 0.7157360406091371, 0.0668693009118541, 0.49372384937238484, 0.8057851239669422, 0.8100803506209076, 0.2282608695652173, 0.45333333333333325, 0.18181818181818188, 5
0.609375, 0.11764705882352941, 0.44, 0.6700507614213198, 0.10030395136778117, 0.3430962343096234, 0.5, 0.8356464572680977, 0.28260869565217384, 0.2933333333333332, 0.27272727272727293, 6
0.5, 0.12745098039215685, 0.34, 0.37055837563451777, 0.12158054711246202, 0.13389121338912136, 0.38016528925619836, 0.6055514974434004, 0.1521739130434785, 0.43999999999999995, 0.1636363636363638, 5
0.34375, 0.2450980392156863, 0.27, 0.005076142131979704, 0.5106382978723405, 0.07531380753138074, 0.7396694214876034, 0.3864134404674928, 0.2934782608695654, 0.48, 0.1636363636363638, 5
0.3125, 0.11764705882352941, 0.3, 0.040609137055837574, 0.042553191489361694, 0.1506276150627615, 0.19834710743801653, 0.29510591672753606, 0.6413043478260869, 0.3866666666666667, 0.4545454545454546, 6
0.484375, 0.11764705882352941, 0.5, 0.47208121827411165, 0.05775075987841945, 0.6276150627615062, 0.6528925619834711, 0.6785975164353601, 0.3260869565217388, 0.3866666666666667, 0.3090909090909091, 6
0.453125, 0.11764705882352941, 0.42, 0.6751269035532995, 0.06382978723404255, 0.6694560669456067, 0.6239669421487604, 0.8466033601168874, 0.3369565217391304, 0.31999999999999995, 0.1636363636363638, 6
0.390625, 0.21568627450980388, 0.28, 0.2182741116751269, 0.07598784194528876, 0.2761506276150627, 0.6570247933884298, 0.5799853907962103, 0.4021739130434785, 0.5733333333333333, 0.18181818181818188, 6
0.453125, 0.029411764705882346, 0.34, 0.41116751269035534, 0.07902735562310029, 0.3179916317991631, 0.4297520661157025, 0.6639883126369739, 0.6195652173913042, 0.18666666666666665, 0.14545454545454573, 7
0.484375, 0.1372549019607843, 0.37, 0.7258883248730964, 0.10942249240121579, 0.46861924686192463, 0.6983471074380165, 0.8831263696128673, 0.5652173913043477, 0.7466666666666666, 0.18181818181818188, 7
0.515625, 0.0784313725490196, 0.36, 0.025380710659898477, 0.07902735562310029, 0.1506276150627615, 0.3347107438016529, 0.39371804236670016, 0.3369565217391304, 0.21333333333333326, 0.4545454545454546, 7
0.546875, 0.12254901960784312, 0.31, 0.050761421319796954, 0.13069908814589665, 0.25941422594142255, 0.4173553719008265, 0.671292914536167, 0.9456521739130439, 0.5733333333333333, 0.36363636363636376, 6
0.765625, 0.14705882352941177, 0.32, 0.6446700507614214, 0.08206686930091184, 0.26778242677824265, 0.6611570247933884, 0.9233016800584579, 0.2934782608695654, 0.2799999999999999, 0.054545454545454675, 7
0.34375, 0.3627450980392157, 0.65, 0.45685279187817257, 0.1914893617021277, 0.06694560669456066, 0.6198347107438017, 0.6201607012418009, 0.2065217391304346, 0.2933333333333332, 0.1636363636363638, 5
0.609375, 0.25490196078431376, 0.58, 0.5279187817258884, 0.0668693009118541, 0.3179916317991631, 0.5867768595041323, 0.7808619430241208, 0.2282608695652173, 0.30666666666666664, 0.0181818181818183, 5
0.515625, 0.12745098039215685, 0.32, 0.07614213197969544, 0.060790273556231, 0.20920502092050208, 0.5454545454545455, 0.43024105186268, 0.3804347826086958, 0.4133333333333332, 0.27272727272727293, 7
0.46875, 0.14705882352941177, 0.29, 0.583756345177665, 0.05471124620060791, 0.2928870292887029, 0.9380165289256199, 0.7662527392257203, 0.5434782608695654, 0.3466666666666667, 0.23636363636363655, 6
0.578125, 0.15686274509803919, 0.31, 0.6243654822335025, 0.09726443768996962, 0.35983263598326354, 0.859504132231405, 0.8319941563185012, 0.25, 0.36, 0.054545454545454675, 5
0.609375, 0.23529411764705882, 0.62, 0.5025380710659898, 0.05775075987841945, 0.44351464435146437, 0.5950413223140496, 0.7808619430241208, 0.3043478260869561, 0.24, 0.07272727272727297, 6
0.609375, 0.08823529411764708, 0.52, 0.2639593908629442, 0.0, 0.1506276150627615, 0.30991735537190085, 0.4229364499634869, 0.31521739130434767, 0.18666666666666665, 0.6181818181818182, 7
0.375, 0.19607843137254904, 0.43, 0.6243654822335025, 0.0668693009118541, 0.5104602510460251, 0.9256198347107438, 0.7552958363769307, 0.25, 0.15999999999999992, 0.07272727272727297, 5
0.390625, 0.18627450980392157, 0.46, 0.5609137055837563, 0.060790273556231, 0.48535564853556484, 0.8388429752066116, 0.7297297297297405, 0.4347826086956519, 0.36, 0.18181818181818188, 6
0.546875, 0.15686274509803919, 0.34, 0.7461928934010152, 0.10030395136778117, 0.2928870292887029, 0.6818181818181819, 0.8173849525201007, 0.19565217391304301, 0.21333333333333326, 0.09090909090909105, 6
0.65625, 0.3333333333333333, 0.36, 0.2182741116751269, 0.060790273556231, 0.25941422594142255, 0.38016528925619836, 0.3571950328707203, 0.3043478260869561, 0.4133333333333332, 0.6909090909090914, 7
0.265625, 0.3333333333333333, 0.09, 0.04568527918781727, 0.006079027355623094, 0.12552301255230125, 0.243801652892562, 0.2549306062819596, 0.5217391304347827, 0.33333333333333326, 0.5272727272727273, 7
0.421875, 0.0, 0.33, 0.06091370558375635, 0.033434650455927056, 0.16736401673640167, 0.34710743801652894, 0.28414901387874636, 0.5326086956521738, 0.5866666666666666, 0.6363636363636362, 7
0.34375, 0.10784313725490197, 0.71, 0.040609137055837574, 0.41033434650455924, 0.050209205020920494, 0.1900826446280992, 0.40832724616510063, 0.2934782608695654, 0.2666666666666666, 0.23636363636363655, 6
0.4375, 0.0980392156862745, 0.28, 0.1319796954314721, 0.08206686930091184, 0.12552301255230125, 0.3388429752066116, 0.43024105186268, 0.6195652173913042, 0.5066666666666666, 0.41818181818181843, 6
0.703125, 0.0784313725490196, 0.48, 0.050761421319796954, 0.12158054711246202, 0.2343096234309623, 0.3677685950413223, 0.5252008765522334, 0.3260869565217388, 0.19999999999999996, 0.3272727272727276, 6
0.46875, 0.28431372549019607, 0.47, 0.532994923857868, 0.1641337386018237, 0.3430962343096234, 0.5247933884297521, 0.7078159240321469, 0.14130434782608692, 0.8266666666666667, 0.1272727272727272, 5
0.375, 0.06862745098039214, 0.46, 0.04568527918781727, 0.0668693009118541, 0.2928870292887029, 0.47107438016528924, 0.43024105186268, 0.5760869565217388, 0.33333333333333326, 0.21818181818181803, 6
0.390625, 0.5098039215686274, 0.44, 0.5228426395939086, 0.10030395136778117, 0.3933054393305439, 0.975206611570248, 0.7370343316289336, 0.3695652173913042, 0.4133333333333332, 0.14545454545454573, 4
0.53125, 0.12745098039215685, 0.37, 0.04568527918781727, 0.09726443768996962, 0.16736401673640167, 0.35123966942148765, 0.3864134404674928, 0.3369565217391304, 0.2933333333333332, 0.4363636363636365, 7
0.5, 0.22549019607843135, 0.52, 0.050761421319796954, 0.03647416413373861, 0.01673640167364017, 0.21487603305785125, 0.3425858290723198, 0.23913043478260843, 0.22666666666666657, 0.3454545454545457, 5
0.65625, 0.1764705882352941, 0.36, 0.06598984771573604, 0.11246200607902737, 0.22594142259414224, 0.4628099173553719, 0.3571950328707203, 0.26086956521739113, 0.6133333333333333, 0.5636363636363635, 7
0.609375, 0.25490196078431376, 0.3, 0.37055837563451777, 0.09422492401215807, 0.18410041841004182, 0.756198347107438, 0.5836376917458068, 0.1304347826086958, 0.2799999999999999, 0.4363636363636365, 5
0.390625, 0.18627450980392157, 0.25, 0.25888324873096447, 0.06382978723404255, 0.41004184100418406, 0.6033057851239669, 0.5763330898466137, 0.4673913043478257, 0.15999999999999992, 0.1636363636363638, 6
0.703125, 0.12745098039215685, 0.58, 0.8324873096446701, 0.09726443768996962, 0.49372384937238484, 0.8429752066115703, 0.9853907962016137, 0.1739130434782603, 0.33333333333333326, 0.14545454545454573, 6
0.3125, 0.20588235294117646, 0.21, 0.09644670050761422, 0.024316109422492405, 0.07531380753138074, 0.45867768595041325, 0.16727538349159943, 0.5869565217391304, 0.7066666666666666, 1.0, 7
0.546875, 0.22549019607843135, 0.69, 0.48223350253807107, 0.07294832826747721, 0.4602510460251045, 0.6239669421487604, 0.7735573411249277, 0.2282608695652173, 0.2533333333333333, 0.0181818181818183, 5
0.265625, 0.23529411764705882, 0.45, 0.21319796954314724, 0.033434650455927056, 0.18410041841004182, 0.7520661157024794, 0.37180423666910656, 0.7173913043478257, 0.30666666666666664, 0.5454545454545454, 7
0.3125, 0.32843137254901955, 0.13, 0.035532994923857864, 0.06990881458966566, 0.06694560669456066, 0.2272727272727273, 0.37180423666910656, 0.4782608695652173, 0.3466666666666667, 0.36363636363636376, 5
0.53125, 0.16666666666666666, 0.32, 0.040609137055837574, 0.09118541033434652, 0.20083682008368198, 0.5082644628099173, 0.4521548575602736, 0.445652173913043, 0.24, 0.36363636363636376, 5
0.796875, 0.25490196078431376, 0.32, 0.03045685279187818, 0.07294832826747721, 0.07531380753138074, 0.7396694214876034, 0.5982468955441931, 0.3478260869565215, 0.30666666666666664, 0.18181818181818188, 5
0.359375, 0.3627450980392157, 0.27, 0.005076142131979704, 0.0668693009118541, 0.08368200836820083, 0.30165289256198347, 0.40832724616510063, 0.4130434782608696, 0.07999999999999996, 0.18181818181818188, 5
0.40625, 0.16666666666666666, 0.41, 0.4010152284263959, 0.07598784194528876, 0.4518828451882845, 0.6776859504132232, 0.6859021183345675, 0.16304347826086918, 0.24, 0.10909090909090913, 5
0.40625, 0.1764705882352941, 0.3, 0.07614213197969544, 0.024316109422492405, 0.2510460251046025, 0.5165289256198348, 0.3571950328707203, 0.3913043478260869, 0.2799999999999999, 0.38181818181818183, 6
0.59375, 0.12745098039215685, 0.44, 0.06091370558375635, 0.05775075987841945, 0.058577405857740586, 0.4545454545454546, 0.30606281957633996, 0.1739130434782603, 0.5866666666666666, 0.7818181818181822, 6
0.5, 0.08823529411764708, 0.37, 0.040609137055837574, 0.033434650455927056, 0.19246861924686193, 0.27272727272727276, 0.37180423666910656, 0.4891304347826084, 0.2666666666666666, 0.41818181818181843, 7
0.6875, 0.28431372549019607, 0.36, 0.01522842639593909, 0.05167173252279636, 0.11715481171548116, 0.34710743801652894, 0.2549306062819596, 0.2065217391304346, 0.07999999999999996, 0.5818181818181816, 8
0.640625, 0.3529411764705882, 0.37, 0.2614213197969543, 0.04863221884498481, 0.20083682008368198, 0.34710743801652894, 0.3571950328707203, 0.3369565217391304, 0.3733333333333333, 0.7454545454545456, 7
0.609375, 0.30392156862745096, 0.3, 0.2284263959390863, 0.060790273556231, 0.21757322175732213, 0.5041322314049587, 0.5252008765522334, 0.5760869565217388, 0.24, 0.4545454545454546, 6
0.625, 0.23529411764705882, 0.31, 0.050761421319796954, 0.05775075987841945, 0.35983263598326354, 0.768595041322314, 0.43024105186268, 0.19565217391304301, 0.2933333333333332, 0.36363636363636376, 5
0.546875, 0.15686274509803919, 0.39, 0.14720812182741116, 0.021276595744680854, 0.26778242677824265, 0.44214876033057854, 0.41563184806429376, 0.3478260869565215, 0.33333333333333326, 0.4363636363636365, 5
0.515625, 0.3529411764705882, 0.37, 0.10152284263959391, 0.07294832826747721, 0.26778242677824265, 0.49173553719008267, 0.1818845872899999, 0.23913043478260843, 0.22666666666666657, 0.9090909090909092, 7
0.53125, 0.12745098039215685, 0.34, 0.020304568527918787, 0.08814589665653497, 0.18410041841004182, 0.29338842975206614, 0.3571950328707203, 0.4347826086956519, 0.18666666666666665, 0.5090909090909093, 6
0.5625, 0.22549019607843135, 0.74, 0.5076142131979695, 0.0668693009118541, 0.40167364016736395, 0.5702479338842975, 0.7735573411249277, 0.18478260869565188, 0.22666666666666657, 0.036363636363636376, 5
0.4375, 0.0784313725490196, 0.29, 0.05583756345177665, 0.10030395136778117, 0.30962343096234307, 0.5702479338842975, 0.29875821767714683, 0.2282608695652173, 0.24, 0.5272727272727273, 7
0.375, 0.08823529411764708, 0.3, 0.020304568527918787, 0.060790273556231, 0.09205020920502091, 0.2892561983471075, 0.43024105186268, 0.7065217391304346, 0.3733333333333333, 0.3272727272727276, 6
0.46875, 0.15686274509803919, 0.4, 0.05583756345177665, 0.09118541033434652, 0.25941422594142255, 0.39669421487603307, 0.21110299488678663, 0.3043478260869561, 0.30666666666666664, 0.7818181818181822, 8
0.390625, 0.14705882352941177, 0.22, 0.1548223350253807, 0.0668693009118541, 0.2845188284518828, 0.44214876033057854, 0.40832724616510063, 0.4130434782608696, 0.31999999999999995, 0.3999999999999999, 6
0.5, 0.06862745098039214, 0.34, 0.035532994923857864, 0.0668693009118541, 0.1506276150627615, 0.6942148760330579, 0.40832724616510063, 0.5108695652173911, 0.48, 0.41818181818181843, 5
0.625, 0.12745098039215685, 0.39, 0.05583756345177665, 0.05167173252279636, 0.49372384937238484, 0.7066115702479339, 0.28414901387874636, 0.26086956521739113, 0.6533333333333333, 0.7454545454545456, 8
0.453125, 0.0980392156862745, 0.3, 0.2893401015228427, 0.09422492401215807, 0.30962343096234307, 1.0, 0.6201607012418009, 0.4782608695652173, 0.3466666666666667, 0.27272727272727293, 5
0.421875, 0.28431372549019607, 0.33, 0.16243654822335024, 0.030395136778115506, 0.30962343096234307, 0.5, 0.2549306062819596, 0.4673913043478257, 0.17333333333333334, 0.7636363636363637, 7
0.453125, 0.04901960784313725, 0.28, 0.025380710659898477, 0.08814589665653497, 0.26778242677824265, 0.5413223140495869, 0.40832724616510063, 0.5217391304347827, 0.09333333333333332, 0.290909090909091, 7
0.5, 0.05882352941176472, 0.41, 0.010152284263959394, 0.060790273556231, 0.15899581589958156, 0.3553719008264463, 0.3133674214755331, 0.4347826086956519, 0.22666666666666657, 0.4363636363636365, 6
0.484375, 0.18627450980392157, 0.41, 0.050761421319796954, 0.09118541033434652, 0.025104602510460247, 0.5165289256198348, 0.4229364499634869, 0.3260869565217388, 0.5733333333333333, 0.5272727272727273, 6
0.375, 0.2450980392156863, 0.29, 0.03045685279187818, 0.07598784194528876, 0.19246861924686193, 0.5330578512396694, 0.6201607012418009, 1.0, 0.5066666666666666, 0.18181818181818188, 5
0.515625, 0.1764705882352941, 0.31, 0.07614213197969544, 0.08206686930091184, 0.21757322175732213, 0.49173553719008267, 0.48137326515706036, 0.5326086956521738, 0.5066666666666666, 0.4363636363636365, 8
0.390625, 0.30392156862745096, 0.24, 0.3147208121827411, 0.15805471124620063, 0.050209205020920494, 0.4462809917355372, 0.5178962746530402, 0.3260869565217388, 0.11999999999999994, 0.3090909090909091, 4
0.484375, 0.2647058823529411, 0.74, 0.01522842639593909, 0.08206686930091184, 0.12552301255230125, 0.5082644628099173, 0.3571950328707203, 0.3043478260869561, 0.3866666666666667, 0.3090909090909091, 5
0.9375, 0.16666666666666666, 0.74, 0.47208121827411165, 0.11854103343465047, 0.2761506276150627, 0.8925619834710744, 0.7735573411249277, 0.2282608695652173, 0.22666666666666657, 0.27272727272727293, 4
0.53125, 0.1764705882352941, 0.74, 0.6548223350253807, 0.10030395136778117, 0.44351464435146437, 0.6322314049586777, 0.7954711468225071, 0.19565217391304301, 0.24, 0.054545454545454675, 5
0.625, 0.3431372549019608, 0.49, 0.6243654822335025, 0.04863221884498481, 0.2845188284518828, 0.615702479338843, 0.6128560993425936, 0.31521739130434767, 0.11999999999999994, 0.5090909090909093, 6
0.53125, 0.0, 0.49, 0.03045685279187818, 0.10030395136778117, 0.12552301255230125, 0.5743801652892562, 0.5398100803506338, 0.6630434782608696, 0.24, 0.3090909090909091, 6
0.59375, 0.4215686274509804, 0.24, 0.025380710659898477, 0.06990881458966566, 0.058577405857740586, 0.3925619834710744, 0.3571950328707203, 0.21739130434782572, 0.039999999999999925, 0.41818181818181843, 6
0.53125, 0.0, 0.49, 0.03045685279187818, 0.10030395136778117, 0.12552301255230125, 0.5743801652892562, 0.5398100803506338, 0.6630434782608696, 0.24, 0.3090909090909091, 6
0.609375, 0.2647058823529411, 0.49, 0.40355329949238583, 0.04863221884498481, 0.3263598326359832, 0.731404958677686, 0.43754565376187315, 0.31521739130434767, 0.15999999999999992, 0.7090909090909094, 8
0.78125, 0.14705882352941177, 0.74, 0.1269035532994924, 0.07598784194528876, 0.100418410041841, 0.48347107438016534, 0.45945945945946676, 0.18478260869565188, 0.33333333333333326, 0.49090909090909074, 6
0.671875, 0.21568627450980388, 0.49, 0.3756345177664974, 0.060790273556231, 0.19246861924686193, 0.6818181818181819, 0.5252008765522334, 0.2717391304347827, 0.05333333333333329, 0.49090909090909074, 7
0.734375, 0.06862745098039214, 0.49, 0.040609137055837574, 0.042553191489361694, 0.11715481171548116, 0.4669421487603306, 0.4448502556610663, 0.19565217391304301, 0.18666666666666665, 0.3272727272727276, 6
0.484375, 0.15686274509803919, 0.49, 0.03045685279187818, 0.04559270516717326, 0.26778242677824265, 0.5743801652892562, 0.4448502556610663, 0.6521739130434785, 0.4133333333333332, 0.3999999999999999, 7
0.375, 0.3431372549019608, 0.49, 0.2893401015228427, 0.08510638297872339, 0.07531380753138074, 0.4380165289256199, 0.671292914536167, 0.4565217391304346, 0.4133333333333332, 0.09090909090909105, 4
0.828125, 0.19607843137254904, 0.49, 0.06598984771573604, 0.1276595744680851, 0.058577405857740586, 0.4256198347107438, 0.6347699050401872, 0.3260869565217388, 0.2666666666666666, 0.290909090909091, 5
0.40625, 0.16666666666666666, 0.74, 0.36040609137055835, 0.08510638297872339, 0.41004184100418406, 0.8264462809917356, 0.6201607012418009, 0.3913043478260869, 0.21333333333333326, 0.1272727272727272, 6
0.5, 0.20588235294117646, 0.49, 0.15736040609137056, 0.09118541033434652, 0.2845188284518828, 0.5247933884297521, 0.4886778670562535, 0.10869565217391308, 0.18666666666666665, 0.1636363636363638, 6
0.375, 0.11764705882352941, 0.49, 0.04568527918781727, 0.14589665653495443, 0.11715481171548116, 0.5537190082644629, 0.48137326515706036, 0.4021739130434785, 0.3466666666666667, 0.1272727272727272, 6
0.796875, 0.23529411764705882, 0.49, 0.04568527918781727, 0.10030395136778117, 0.11715481171548116, 0.5041322314049587, 0.6201607012418009, 0.3043478260869561, 0.10666666666666669, 0.1636363636363638, 5
0.6875, 0.11764705882352941, 0.49, 0.14213197969543148, 0.12158054711246202, 0.09205020920502091, 0.4090909090909091, 0.41563184806429376, 0.3695652173913042, 0.11999999999999994, 0.5454545454545454, 6
0.59375, 0.38235294117647056, 0.49, 0.6243654822335025, 0.6747720364741642, 0.3263598326359832, 0.8719008264462811, 0.8539079620160805, 0.11956521739130421, 0.33333333333333326, 0.1272727272727272, 5
0.40625, 0.3333333333333333, 0.74, 0.6142131979695432, 0.17933130699088146, 0.3765690376569037, 0.8264462809917356, 0.7808619430241208, 0.2934782608695654, 0.4266666666666665, 0.09090909090909105, 6
0.78125, 0.30392156862745096, 0.34, 0.2639593908629442, 0.11550151975683892, 0.2510460251046025, 0.49173553719008267, 0.40832724616510063, 0.10869565217391308, 0.33333333333333326, 0.6000000000000001, 6
0.625, 0.15686274509803919, 0.18, 0.30456852791878175, 0.08814589665653497, 0.2510460251046025, 0.6239669421487604, 0.671292914536167, 0.3804347826086958, 0.4, 0.23636363636363655, 6
0.4375, 0.18627450980392157, 0.31, 0.23350253807106597, 0.36474164133738607, 0.26778242677824265, 0.6363636363636364, 0.5836376917458068, 0.3804347826086958, 0.15999999999999992, 0.14545454545454573, 5
0.375, 0.18627450980392157, 0.32, 0.41116751269035534, 0.09118541033434652, 0.5188284518828452, 0.8884297520661157, 0.6566837107377808, 0.3478260869565215, 0.2799999999999999, 0.07272727272727297, 5
0.390625, 0.22549019607843135, 0.3, 0.47208121827411165, 0.08814589665653497, 0.3849372384937238, 0.8388429752066116, 0.6639883126369739, 0.9673913043478262, 0.3866666666666667, 0.6181818181818182, 6
0.5, 0.15686274509803919, 0.3, 0.17766497461928935, 0.06990881458966566, 0.3179916317991631, 0.8429752066115703, 0.40832724616510063, 0.4673913043478257, 0.30666666666666664, 0.6000000000000001, 6
0.421875, 0.18627450980392157, 0.19, 0.17766497461928935, 0.08814589665653497, 0.025104602510460247, 0.43388429752066116, 0.6128560993425936, 0.4347826086956519, 0.11999999999999994, 0.0181818181818183, 4
0.40625, 0.15686274509803919, 0.22, 0.040609137055837574, 0.06382978723404255, 0.2928870292887029, 0.6115702479338844, 0.45945945945946676, 0.6086956521739131, 0.3866666666666667, 0.25454545454545463, 6
0.5, 0.5196078431372548, 0.26, 0.050761421319796954, 0.10334346504559269, 0.18410041841004182, 0.628099173553719, 0.547114682249827, 0.5543478260869561, 0.45333333333333325, 0.38181818181818183, 4
0.671875, 0.22549019607843135, 0.24, 0.04568527918781727, 0.04559270516717326, 0.058577405857740586, 0.23966942148760334, 0.3864134404674928, 0.25, 0.2799999999999999, 0.36363636363636376, 5
0.46875, 0.18627450980392157, 0.32, 0.040609137055837574, 0.08206686930091184, 0.13389121338912136, 0.5495867768595042, 0.3644996347699134, 0.2717391304347827, 0.22666666666666657, 0.25454545454545463, 6
0.4375, 0.45588235294117646, 0.04, 0.09137055837563451, 0.042553191489361694, 0.3765690376569037, 0.42148760330578516, 0.2549306062819596, 0.31521739130434767, 0.07999999999999996, 0.6181818181818182, 5
0.390625, 0.16666666666666666, 0.23, 0.7208121827411168, 0.0668693009118541, 0.36820083682008364, 0.5495867768595042, 0.7260774287801439, 0.31521739130434767, 0.11999999999999994, 0.21818181818181803, 6
0.4375, 0.1372549019607843, 0.58, 0.020304568527918787, 0.35258358662613987, 0.41004184100418406, 0.5247933884297521, 0.4448502556610663, 0.2717391304347827, 0.05333333333333329, 0.10909090909090913, 5
0.359375, 0.1715686274509804, 0.44, 0.5888324873096447, 0.08510638297872339, 0.4184100418410041, 0.7768595041322315, 0.7005113221329538, 0.4239130434782612, 0.3733333333333333, 0.18181818181818188, 6
0.453125, 0.18627450980392157, 0.25, 0.37055837563451777, 0.10942249240121579, 0.4267782426778242, 0.7975206611570248, 0.6566837107377808, 0.4021739130434785, 0.22666666666666657, 0.14545454545454573, 5
0.484375, 0.20588235294117646, 0.23, 0.4010152284263959, 0.11854103343465047, 0.44351464435146437, 0.8512396694214877, 0.7005113221329538, 0.3478260869565215, 0.24, 0.054545454545454675, 5
0.65625, 0.21568627450980388, 0.28, 0.25380710659898476, 0.08206686930091184, 0.2343096234309623, 0.475206611570248, 0.5617238860482274, 0.3369565217391304, 0.33333333333333326, 0.3090909090909091, 6
0.5625, 0.23529411764705882, 0.22, 0.050761421319796954, 0.10334346504559269, 0.3933054393305439, 0.7024793388429752, 0.6128560993425936, 0.4673913043478257, 0.5733333333333333, 0.07272727272727297, 5
0.484375, 0.10784313725490197, 0.28, 0.11675126903553301, 0.11246200607902737, 0.2510460251046025, 0.37190082644628103, 0.3864134404674928, 0.3369565217391304, 0.18666666666666665, 0.41818181818181843, 6
0.46875, 0.14705882352941177, 0.29, 0.7461928934010152, 0.1702127659574468, 0.44351464435146437, 0.6776859504132232, 0.8246895544192938, 0.2282608695652173, 0.19999999999999996, 0.036363636363636376, 6
0.78125, 0.11764705882352941, 0.43, 0.7258883248730964, 0.10942249240121579, 0.47698744769874474, 0.7231404958677686, 1.0, 0.4673913043478257, 0.7066666666666666, 0.054545454545454675, 6
0.28125, 0.37254901960784315, 0.24, 0.2081218274111675, 0.07598784194528876, 0.17573221757322172, 0.2603305785123967, 0.2695398100803601, 0.4782608695652173, 0.1466666666666666, 0.7454545454545456, 6
0.453125, 0.18627450980392157, 0.3, 0.6700507614213198, 0.03647416413373861, 0.25941422594142255, 0.5041322314049587, 0.5982468955441931, 0.5543478260869561, 0.31999999999999995, 0.6363636363636362, 7
0.46875, 0.21568627450980388, 0.35, 0.10659898477157359, 0.06382978723404255, 0.058577405857740586, 0.640495867768595, 0.29875821767714683, 0.26086956521739113, 0.36, 0.6363636363636362, 6
0.515625, 0.23529411764705882, 0.4, 0.040609137055837574, 0.05167173252279636, 0.08368200836820083, 0.30991735537190085, 0.5325054784514265, 0.6195652173913042, 0.45333333333333325, 0.3454545454545457, 5
0.421875, 0.23529411764705882, 0.12, 0.5482233502538071, 0.04863221884498481, 0.26778242677824265, 0.6446280991735538, 0.7516435354273199, 0.4021739130434785, 0.07999999999999996, 0.09090909090909105, 5
0.5, 0.10784313725490197, 0.23, 0.25380710659898476, 0.3221884498480243, 0.20083682008368198, 0.3925619834710744, 0.6055514974434004, 0.2065217391304346, 0.3733333333333333, 0.1636363636363638, 6
0.53125, 0.15686274509803919, 0.29, 0.07614213197969544, 0.060790273556231, 0.2845188284518828, 0.3842975206611571, 0.3571950328707203, 0.4565217391304346, 0.5066666666666666, 0.4545454545454546, 7
0.5, 0.44117647058823534, 0.02, 0.01522842639593909, 0.05775075987841945, 0.30125523012552297, 0.40495867768595045, 0.43024105186268, 0.3804347826086958, 0.07999999999999996, 0.09090909090909105, 5
0.46875, 0.3431372549019608, 0.3, 0.14213197969543148, 0.04863221884498481, 0.20083682008368198, 0.5206611570247934, 0.2549306062819596, 0.16304347826086918, 0.1466666666666666, 0.6363636363636362, 6
0.84375, 0.6176470588235294, 0.23, 0.27918781725888325, 0.07598784194528876, 0.100418410041841, 0.34710743801652894, 0.5617238860482274, 0.043478260869564966, 0.10666666666666669, 0.290909090909091, 6
0.84375, 0.18627450980392157, 0.34, 0.4974619289340102, 0.07902735562310029, 0.3849372384937238, 0.9049586776859504, 0.7516435354273199, 0.2065217391304346, 0.19999999999999996, 0.3454545454545457, 6
0.296875, 0.3627450980392157, 0.42, 0.020304568527918787, 0.10334346504559269, 0.48535564853556484, 0.7768595041322315, 0.4448502556610663, 0.18478260869565188, 0.18666666666666665, 0.09090909090909105, 5
0.65625, 0.14705882352941177, 0.35, 0.4314720812182741, 0.08206686930091184, 0.4184100418410041, 0.731404958677686, 0.7224251278305474, 0.26086956521739113, 0.4, 0.18181818181818188, 7
0.390625, 0.32352941176470584, 0.3, 0.1269035532994924, 0.039513677811550144, 0.3849372384937238, 0.640495867768595, 0.40832724616510063, 0.7391304347826084, 0.7066666666666666, 0.5818181818181816, 7
0.703125, 0.40196078431372545, 0.43, 0.09137055837563451, 0.05775075987841945, 0.2426778242677824, 0.44214876033057854, 0.5325054784514265, 0.4130434782608696, 0.2799999999999999, 0.3999999999999999, 6
0.390625, 0.32352941176470584, 0.3, 0.1269035532994924, 0.039513677811550144, 0.3849372384937238, 0.640495867768595, 0.40832724616510063, 0.7391304347826084, 0.7066666666666666, 0.5818181818181816, 7
0.65625, 0.1372549019607843, 0.32, 0.4923857868020305, 0.07902735562310029, 0.502092050209205, 0.7933884297520661, 0.7224251278305474, 0.28260869565217384, 0.36, 0.18181818181818188, 6
0.59375, 0.11764705882352941, 0.3, 0.6852791878172588, 0.11854103343465047, 0.4184100418410041, 0.8409090909090909, 0.868517165814481, 0.31521739130434767, 0.2666666666666666, 0.07272727272727297, 8
0.5, 0.03921568627450979, 0.28, 0.28426395939086296, 0.12158054711246202, 0.11715481171548116, 0.38842975206611574, 0.627465303140994, 0.7065217391304346, 0.24, 0.19999999999999996, 5
0.71875, 0.11764705882352941, 0.38, 0.5634517766497462, 0.11550151975683892, 0.40167364016736395, 0.6652892561983471, 0.9707815924032275, 0.5326086956521738, 0.7466666666666666, 0.07272727272727297, 6
0.5, 0.16666666666666666, 0.56, 0.06598984771573604, 0.05471124620060791, 0.1422594142259414, 0.3553719008264463, 0.3425858290723198, 0.4130434782608696, 0.36, 0.4545454545454546, 6
0.390625, 0.12745098039215685, 0.28, 0.040609137055837574, 0.10334346504559269, 0.35983263598326354, 0.5495867768595042, 0.41563184806429376, 0.4130434782608696, 0.21333333333333326, 0.290909090909091, 6
0.59375, 0.0980392156862745, 0.36, 0.08629441624365482, 0.09726443768996962, 0.2928870292887029, 0.47107438016528924, 0.6493791088385734, 0.8152173913043477, 0.2666666666666666, 0.3272727272727276, 5
0.46875, 0.2745098039215686, 0.32, 0.04568527918781727, 0.0668693009118541, 0.058577405857740586, 0.475206611570248, 0.5617238860482274, 0.4891304347826084, 0.5466666666666666, 0.19999999999999996, 5
0.875, 0.21568627450980388, 0.32, 0.5076142131979695, 0.03647416413373861, 0.09205020920502091, 0.42148760330578516, 0.6347699050401872, 0.0, 0.21333333333333326, 0.38181818181818183, 5
0.609375, 0.14705882352941177, 0.31, 0.5076142131979695, 0.06382978723404255, 0.46861924686192463, 0.731404958677686, 0.7151205259313542, 0.2934782608695654, 0.3866666666666667, 0.18181818181818188, 6
0.46875, 0.11764705882352941, 0.27, 0.025380710659898477, 0.05167173252279636, 0.13389121338912136, 0.243801652892562, 0.2257121986851729, 0.31521739130434767, 0.1466666666666666, 0.5818181818181816, 4
0.515625, 0.2450980392156863, 0.64, 0.6345177664974619, 0.11854103343465047, 0.07531380753138074, 0.39669421487603307, 0.7370343316289336, 0.21739130434782572, 0.17333333333333334, 0.1272727272727272, 5
0.40625, 0.20588235294117646, 0.2, 0.7563451776649746, 0.06990881458966566, 0.1422594142259414, 0.5495867768595042, 0.6639883126369739, 0.2717391304347827, 0.3733333333333333, 0.38181818181818183, 5
0.34375, 0.2450980392156863, 0.38, 0.45685279187817257, 0.06990881458966566, 0.21757322175732213, 0.475206611570248, 0.6055514974434004, 0.6739130434782612, 0.2933333333333332, 0.4545454545454546, 6
0.5, 0.2647058823529411, 0.31, 0.05583756345177665, 0.15805471124620063, 0.100418410041841, 0.6322314049586777, 0.5325054784514265, 0.3586956521739131, 0.2799999999999999, 0.1636363636363638, 5
0.40625, 0.0980392156862745, 0.32, 0.45177664974619286, 0.10638297872340424, 0.17573221757322172, 0.3347107438016529, 0.671292914536167, 0.5434782608695654, 0.30666666666666664, 0.1636363636363638, 6
0.46875, 0.16666666666666666, 0.18, 0.035532994923857864, 0.11854103343465047, 0.08368200836820083, 0.5289256198347108, 0.4667640613586741, 0.28260869565217384, 0.21333333333333326, 0.18181818181818188, 5
0.4375, 0.14705882352941177, 0.24, 0.16243654822335024, 0.08510638297872339, 0.2761506276150627, 0.5330578512396694, 0.37180423666910656, 0.3260869565217388, 0.5066666666666666, 0.5090909090909093, 7
0.5625, 0.08823529411764708, 0.29, 0.035532994923857864, 0.09118541033434652, 0.16736401673640167, 0.40495867768595045, 0.4959824689554466, 0.7282608695652173, 0.52, 0.3454545454545457, 6
0.734375, 0.19607843137254904, 0.34, 0.6649746192893401, 0.07294832826747721, 0.2426778242677824, 0.628099173553719, 0.8027757487217002, 0.3043478260869561, 0.18666666666666665, 0.25454545454545463, 6
0.65625, 0.3627450980392157, 0.28, 0.5126903553299492, 0.10334346504559269, 0.18410041841004182, 0.6115702479338844, 0.627465303140994, 0.2282608695652173, 0.2799999999999999, 0.5272727272727273, 7
0.609375, 0.18627450980392157, 0.61, 0.5736040609137056, 0.08814589665653497, 0.5104602510460251, 0.7024793388429752, 0.8100803506209076, 0.23913043478260843, 0.2666666666666666, 0.07272727272727297, 5
0.5625, 0.0980392156862745, 0.29, 0.035532994923857864, 0.07598784194528876, 0.25941422594142255, 0.38016528925619836, 0.4915997078159222, 0.75, 0.45333333333333325, 0.36363636363636376, 7
0.453125, 0.22549019607843135, 0.18, 0.3553299492385787, 0.07902735562310029, 0.4518828451882845, 0.7892561983471075, 0.6245434623813111, 0.3478260869565215, 0.24, 0.1636363636363638, 6
0.5625, 0.05882352941176472, 0.3, 0.03045685279187818, 0.04863221884498481, 0.18410041841004182, 0.3388429752066116, 0.40686632578525916, 0.7391304347826084, 0.17333333333333334, 0.38181818181818183, 6
0.546875, 0.21568627450980388, 0.33, 0.08121827411167512, 0.07902735562310029, 0.20920502092050208, 0.4793388429752067, 0.27246165084004303, 0.5326086956521738, 0.24, 0.7454545454545456, 7
0.34375, 0.1764705882352941, 0.18, 0.3197969543147208, 0.11550151975683892, 0.3933054393305439, 0.7644628099173554, 0.6428049671292939, 0.3913043478260869, 0.22666666666666657, 0.09090909090909105, 5
0.578125, 0.3333333333333333, 0.2, 0.035532994923857864, 0.13069908814589665, 0.100418410041841, 0.6570247933884298, 0.5325054784514265, 0.2282608695652173, 0.18666666666666665, 0.1636363636363638, 6
0.359375, 0.32352941176470584, 0.04, 0.03045685279187818, 0.05775075987841945, 0.16736401673640167, 0.4628099173553719, 0.37764791818847243, 0.4239130434782612, 0.46666666666666656, 0.25454545454545463, 6
0.609375, 0.3137254901960784, 0.27, 0.19289340101522842, 0.05167173252279636, 0.20083682008368198, 0.3553719008264463, 0.33893352812272326, 0.3913043478260869, 0.43999999999999995, 0.6909090909090914, 8
0.640625, 0.37254901960784315, 0.4, 0.47715736040609136, 0.45896656534954416, 0.13389121338912136, 0.7231404958677686, 0.7823228634039623, 0.2282608695652173, 0.48, 0.18181818181818188, 5
0.515625, 0.25490196078431376, 0.32, 0.06598984771573604, 0.10334346504559269, 0.21757322175732213, 0.5, 0.4696859021183428, 0.4891304347826084, 0.31999999999999995, 0.3454545454545457, 6
0.40625, 0.18627450980392157, 0.19, 0.06598984771573604, 0.2036474164133739, 0.1506276150627615, 0.7520661157024794, 0.5880204528853312, 0.6956521739130435, 0.4933333333333333, 0.19999999999999996, 4
0.453125, 0.1764705882352941, 0.29, 0.25888324873096447, 0.024316109422492405, 0.19246861924686193, 0.26859504132231404, 0.4229364499634869, 0.4673913043478257, 0.36, 0.4545454545454546, 6
0.78125, 0.2450980392156863, 0.36, 0.07106598984771574, 0.05167173252279636, 0.13389121338912136, 0.4793388429752067, 0.33235938641344376, 0.11956521739130421, 0.96, 0.7636363636363637, 6
0.390625, 0.32352941176470584, 0.16, 0.010152284263959394, 0.04559270516717326, 0.18410041841004182, 0.3677685950413223, 0.41124908692476936, 0.3369565217391304, 0.21333333333333326, 0.18181818181818188, 5
0.46875, 0.1764705882352941, 0.43, 0.5609137055837563, 0.08510638297872339, 0.4184100418410041, 0.7809917355371901, 0.7151205259313542, 0.445652173913043, 0.3866666666666667, 0.18181818181818188, 5
0.671875, 0.25490196078431376, 0.28, 0.34517766497461927, 0.06990881458966566, 0.5606694560669456, 0.9132231404958678, 0.6186997808619594, 0.31521739130434767, 0.3866666666666667, 0.23636363636363655, 6
0.40625, 0.18627450980392157, 0.17, 0.39086294416243655, 0.08206686930091184, 0.47698744769874474, 0.7809917355371901, 0.6333089846603457, 0.3913043478260869, 0.2799999999999999, 0.1636363636363638, 5
0.484375, 0.3431372549019608, 0.28, 0.4416243654822335, 0.11854103343465047, 0.21757322175732213, 0.71900826446281, 0.6449963476990632, 0.3478260869565215, 0.22666666666666657, 0.1636363636363638, 5
0.453125, 0.18627450980392157, 0.26, 0.08121827411167512, 0.07902735562310029, 0.48535564853556484, 0.7107438016528926, 0.49890430971512956, 0.6521739130434785, 0.4933333333333333, 0.38181818181818183, 6
0.625, 0.23529411764705882, 0.33, 0.4923857868020305, 0.042553191489361694, 0.36820083682008364, 0.7644628099173554, 0.7165814463111957, 0.23913043478260843, 0.4266666666666665, 0.19999999999999996, 6
0.390625, 0.0980392156862745, 0.22, 0.040609137055837574, 0.07902735562310029, 0.3514644351464435, 0.6033057851239669, 0.38495252008766556, 0.3695652173913042, 0.2933333333333332, 0.3090909090909091, 5
0.734375, 0.21568627450980388, 0.28, 0.1218274111675127, 0.11246200607902737, 0.4267782426778242, 0.6818181818181819, 0.6077428780131555, 0.3913043478260869, 0.22666666666666657, 0.1636363636363638, 6
0.375, 0.21568627450980388, 0.49, 0.532994923857868, 0.12462006079027357, 0.5439330543933054, 0.8512396694214877, 0.6902848794740777, 0.3695652173913042, 0.45333333333333325, 0.1636363636363638, 6
0.546875, 0.4215686274509804, 0.29, 0.5380710659898478, 0.05167173252279636, 0.48535564853556484, 0.8884297520661157, 0.7100073046019162, 0.31521739130434767, 0.4, 0.18181818181818188, 6
0.40625, 0.0784313725490196, 0.37, 0.040609137055837574, 0.060790273556231, 0.20083682008368198, 0.4132231404958678, 0.4631117604090633, 0.5760869565217388, 0.31999999999999995, 0.23636363636363655, 6
0.8125, 0.1764705882352941, 0.34, 0.30456852791878175, 0.03647416413373861, 0.1506276150627615, 0.6322314049586777, 0.5741417092768586, 0.25, 0.31999999999999995, 0.38181818181818183, 6
0.8125, 0.1764705882352941, 0.34, 0.30456852791878175, 0.03647416413373861, 0.1506276150627615, 0.6322314049586777, 0.5741417092768586, 0.25, 0.31999999999999995, 0.38181818181818183, 6
0.296875, 0.1715686274509804, 0.65, 0.025380710659898477, 0.1884498480243161, 0.11715481171548116, 0.5289256198347108, 0.43535427319211806, 0.3804347826086958, 0.21333333333333326, 0.1636363636363638, 5
0.40625, 0.19607843137254904, 0.56, 0.050761421319796954, 0.42249240121580545, 0.3849372384937238, 0.40082644628099173, 0.4696859021183428, 0.2717391304347827, 0.1466666666666666, 0.1272727272727272, 6
0.203125, 0.05882352941176472, 0.25, 0.0, 0.0668693009118541, 0.100418410041841, 0.3305785123966942, 0.34989043097151296, 0.4021739130434785, 0.22666666666666657, 0.1272727272727272, 6
0.53125, 0.11764705882352941, 0.36, 0.09137055837563451, 0.033434650455927056, 0.15899581589958156, 0.6115702479338844, 0.4886778670562535, 0.6847826086956519, 0.30666666666666664, 0.38181818181818183, 6
0.4375, 0.2647058823529411, 0.35, 0.2690355329949239, 0.13981762917933133, 0.2343096234309623, 0.5826446280991736, 0.6033601168736311, 0.2717391304347827, 0.2799999999999999, 0.1636363636363638, 6
0.421875, 0.19607843137254904, 0.28, 1.0, 0.07294832826747721, 0.30962343096234307, 0.5578512396694215, 0.956172388604827, 0.31521739130434767, 0.15999999999999992, 0.036363636363636376, 5
0.4375, 0.2745098039215686, 0.52, 0.47715736040609136, 0.10030395136778117, 0.21757322175732213, 0.5413223140495869, 0.6698319941563255, 0.23913043478260843, 0.18666666666666665, 0.1636363636363638, 5
0.46875, 0.3529411764705882, 0.2, 0.7766497461928934, 0.14589665653495443, 0.48535564853556484, 0.731404958677686, 0.8568298027757635, 0.3043478260869561, 0.2533333333333333, 0.0181818181818183, 5
0.59375, 0.14705882352941177, 0.4, 0.2284263959390863, 0.14893617021276598, 0.09205020920502091, 0.3388429752066116, 0.5675675675675791, 0.3478260869565215, 0.72, 0.21818181818181803, 5
0.515625, 0.22549019607843135, 0.17, 0.01522842639593909, 0.07598784194528876, 0.1506276150627615, 0.5578512396694215, 0.43316289262236296, 0.3043478260869561, 0.18666666666666665, 0.19999999999999996, 5
0.296875, 0.14705882352941177, 0.28, 0.45431472081218277, 0.024316109422492405, 0.19246861924686193, 0.4628099173553719, 0.39371804236670016, 0.4673913043478257, 0.15999999999999992, 0.5090909090909093, 6
0.421875, 0.14705882352941177, 0.36, 0.7918781725888325, 0.06382978723404255, 0.33472803347280333, 0.5123966942148761, 0.8860482103725502, 0.445652173913043, 0.19999999999999996, 0.054545454545454675, 5
0.59375, 0.3137254901960784, 0.27, 0.2284263959390863, 0.039513677811550144, 0.2426778242677824, 0.38016528925619836, 0.33674214755296816, 0.4021739130434785, 0.48, 0.6909090909090914, 7
0.484375, 0.14705882352941177, 0.32, 0.7969543147208121, 0.08510638297872339, 0.49372384937238484, 0.5950413223140496, 0.7370343316289336, 0.4021739130434785, 0.21333333333333326, 0.36363636363636376, 5
0.46875, 0.21568627450980388, 0.22, 0.27918781725888325, 0.13069908814589665, 0.3179916317991631, 0.7479338842975207, 0.8378378378378528, 0.3586956521739131, 0.33333333333333326, 0.1272727272727272, 5
0.546875, 0.1764705882352941, 0.33, 0.5634517766497462, 0.12158054711246202, 0.3765690376569037, 0.487603305785124, 0.7173119065011093, 0.2717391304347827, 0.3866666666666667, 0.27272727272727293, 6
0.609375, 0.0980392156862745, 0.35, 0.25888324873096447, 0.11550151975683892, 0.18410041841004182, 0.5578512396694215, 0.6318480642805042, 0.4239130434782612, 0.3733333333333333, 0.3090909090909091, 6
0.640625, 0.0784313725490196, 0.3, 0.3401015228426396, 0.10030395136778117, 0.4602510460251045, 0.5909090909090909, 0.658144631117608, 0.2934782608695654, 0.1466666666666666, 0.18181818181818188, 6
0.484375, 0.3137254901960784, 0.42, 0.27918781725888325, 0.14893617021276598, 0.3179916317991631, 0.6900826446280992, 0.614317019722435, 0.2934782608695654, 0.3733333333333333, 0.1636363636363638, 5
0.515625, 0.11764705882352941, 0.31, 0.31218274111675126, 0.10942249240121579, 0.2426778242677824, 0.8347107438016529, 0.6398831263696252, 0.5, 0.43999999999999995, 0.3454545454545457, 6
0.421875, 0.28431372549019607, 0.3, 0.07614213197969544, 0.04863221884498481, 0.30125523012552297, 0.40495867768595045, 0.1336742147553025, 0.4021739130434785, 0.36, 0.9090909090909092, 7
0.46875, 0.2647058823529411, 0.53, 0.47715736040609136, 0.10942249240121579, 0.2845188284518828, 0.5867768595041323, 0.671292914536167, 0.23913043478260843, 0.18666666666666665, 0.1636363636363638, 5
0.34375, 0.12745098039215685, 0.34, 0.06598984771573604, 0.07598784194528876, 0.502092050209205, 0.47107438016528924, 0.24908692476260796, 0.6413043478260869, 0.21333333333333326, 0.5272727272727273, 6
0.53125, 0.1764705882352941, 0.4, 0.28426395939086296, 0.09118541033434652, 0.41004184100418406, 0.6735537190082646, 0.6296566837107491, 0.3586956521739131, 0.36, 0.18181818181818188, 6
0.40625, 0.05882352941176472, 0.31, 0.025380710659898477, 0.05167173252279636, 0.4184100418410041, 0.5330578512396694, 0.27246165084004303, 0.5760869565217388, 0.11999999999999994, 0.5454545454545454, 7
0.484375, 0.06862745098039214, 0.29, 0.08121827411167512, 0.04863221884498481, 0.09205020920502091, 0.30165289256198347, 0.30752373995618143, 0.2717391304347827, 0.4266666666666665, 0.49090909090909074, 7
0.28125, 0.0980392156862745, 0.58, 0.027918781725888325, 0.05167173252279636, 0.21757322175732213, 0.49586776859504134, 0.1994156318480691, 0.7173913043478257, 0.45333333333333325, 0.6363636363636362, 7
0.40625, 0.11764705882352941, 0.28, 0.09137055837563451, 0.04559270516717326, 0.17573221757322172, 0.30991735537190085, 0.3338203067932852, 0.5, 0.3866666666666667, 0.5454545454545454, 5
0.484375, 0.11764705882352941, 0.3, 0.20304568527918782, 0.07294832826747721, 0.30962343096234307, 0.5743801652892562, 0.4448502556610663, 0.3369565217391304, 0.11999999999999994, 0.3090909090909091, 6
0.375, 0.2745098039215686, 0.14, 0.41624365482233505, 0.05775075987841945, 0.2928870292887029, 0.6033057851239669, 0.6654492330168154, 0.4565217391304346, 0.31999999999999995, 0.1636363636363638, 5
0.4375, 0.1764705882352941, 0.46, 0.3147208121827411, 0.09118541033434652, 0.46861924686192463, 0.71900826446281, 0.6449963476990632, 0.3804347826086958, 0.2533333333333333, 0.14545454545454573, 5
0.359375, 0.28431372549019607, 0.2, 0.350253807106599, 0.042553191489361694, 0.3849372384937238, 0.6652892561983471, 0.6186997808619594, 0.4021739130434785, 0.2933333333333332, 0.18181818181818188, 5
0.484375, 0.05882352941176472, 0.38, 0.01522842639593909, 0.07294832826747721, 0.15899581589958156, 0.2975206611570248, 0.24251278305332846, 0.19565217391304301, 0.3733333333333333, 0.5272727272727273, 6
0.453125, 0.30392156862745096, 0.31, 0.10152284263959391, 0.11246200607902737, 0.20083682008368198, 0.7975206611570248, 0.5617238860482274, 0.6630434782608696, 0.4133333333333332, 0.36363636363636376, 6
0.234375, 0.12745098039215685, 0.29, 0.0, 0.033434650455927056, 0.06694560669456066, 0.23553719008264462, 0.36815193571951, 0.4891304347826084, 0.18666666666666665, 0.23636363636363655, 5
0.46875, 0.1764705882352941, 0.46, 0.3857868020304569, 0.060790273556231, 0.3849372384937238, 0.6776859504132232, 0.6501095690285013, 0.3478260869565215, 0.2799999999999999, 0.14545454545454573, 5
0.515625, 0.20588235294117646, 0.34, 0.36040609137055835, 0.05775075987841945, 0.3849372384937238, 0.49173553719008267, 0.5010956902848847, 0.3913043478260869, 0.18666666666666665, 0.3999999999999999, 6
0.40625, 0.20588235294117646, 0.3, 0.1116751269035533, 0.05775075987841945, 0.18410041841004182, 0.2892561983471075, 0.23813002191380406, 0.4782608695652173, 0.45333333333333325, 0.7090909090909094, 7
0.3125, 0.10784313725490197, 0.24, 0.03045685279187818, 0.08206686930091184, 0.2928870292887029, 0.49173553719008267, 0.4755295836376945, 1.0, 0.45333333333333325, 0.38181818181818183, 5
0.4375, 0.14705882352941177, 0.2, 0.5431472081218274, 0.08206686930091184, 0.3514644351464435, 0.5041322314049587, 0.6523009495982564, 0.11956521739130421, 0.33333333333333326, 0.21818181818181803, 6
0.4375, 0.19607843137254904, 0.34, 0.005076142131979704, 0.060790273556231, 0.3263598326359832, 0.4545454545454546, 0.12344777209642643, 0.19565217391304301, 0.1466666666666666, 0.7272727272727275, 6
0.46875, 0.1372549019607843, 0.31, 0.3147208121827411, 0.060790273556231, 0.2510460251046025, 0.4628099173553719, 0.3396639883126369, 0.18478260869565188, 0.17333333333333334, 0.6181818181818182, 8
0.25, 0.1372549019607843, 0.29, 0.025380710659898477, 0.08510638297872339, 0.5523012552301255, 0.5909090909090909, 0.34112490869247836, 0.9891304347826084, 0.4933333333333333, 0.4545454545454546, 7
0.34375, 0.15686274509803919, 0.33, 0.09137055837563451, 0.02735562310030394, 0.2343096234309623, 0.3140495867768595, 0.2213294375456627, 0.3043478260869561, 0.31999999999999995, 0.5090909090909093, 7
0.484375, 0.15686274509803919, 0.37, 0.27411167512690354, 0.030395136778115506, 0.2928870292887029, 0.4256198347107438, 0.2739225712198703, 0.3695652173913042, 0.10666666666666669, 0.7090909090909094, 6
0.5, 0.06862745098039214, 0.38, 0.7411167512690355, 0.08510638297872339, 0.4267782426778242, 0.45867768595041325, 0.7589481373265272, 0.3586956521739131, 0.21333333333333326, 0.23636363636363655, 6
0.390625, 0.19607843137254904, 0.3, 0.1218274111675127, 0.0668693009118541, 0.17573221757322172, 0.4380165289256199, 0.5178962746530402, 0.21739130434782572, 0.22666666666666657, 0.0181818181818183, 5
0.46875, 0.04901960784313725, 0.39, 0.035532994923857864, 0.05167173252279636, 0.13389121338912136, 0.3842975206611571, 0.29948867786706046, 0.4130434782608696, 0.45333333333333325, 0.5090909090909093, 7
0.59375, 0.12745098039215685, 0.49, 0.09137055837563451, 0.09118541033434652, 0.1422594142259414, 0.5, 0.34112490869247836, 0.3260869565217388, 0.2933333333333332, 0.47272727272727266, 5
0.609375, 0.1764705882352941, 0.51, 0.09644670050761422, 0.08510638297872339, 0.19246861924686193, 0.6198347107438017, 0.303140978816657, 0.16304347826086918, 0.31999999999999995, 0.49090909090909074, 6
0.390625, 0.08823529411764708, 0.32, 0.17766497461928935, 0.06990881458966566, 0.2845188284518828, 0.4462809917355372, 0.3440467494521613, 0.4239130434782612, 0.22666666666666657, 0.5090909090909093, 6
0.328125, 0.10784313725490197, 0.37, 0.005076142131979704, 0.030395136778115506, 0.0, 0.049586776859504134, 0.18918918918919303, 0.26086956521739113, 0.06666666666666665, 0.41818181818181843, 5
0.59375, 0.14705882352941177, 0.34, 0.04568527918781727, 0.07902735562310029, 0.17573221757322172, 0.49586776859504134, 0.4338933528122766, 0.2934782608695654, 0.5866666666666666, 0.3454545454545457, 5
0.375, 0.14705882352941177, 0.36, 0.8375634517766497, 0.0668693009118541, 0.2845188284518828, 0.5, 0.902118334550778, 0.4130434782608696, 0.22666666666666657, 0.054545454545454675, 6
0.46875, 0.30392156862745096, 0.34, 0.3401015228426396, 0.009118541033434652, 0.2928870292887029, 0.5123966942148761, 0.3659605551497549, 0.3586956521739131, 0.24, 0.6363636363636362, 7
0.546875, 0.11764705882352941, 0.39, 0.08121827411167512, 0.09422492401215807, 0.17573221757322172, 0.3223140495867769, 0.2432432432432421, 0.09782608695652151, 0.11999999999999994, 0.6363636363636362, 6
0.59375, 0.15686274509803919, 0.44, 0.15736040609137056, 0.060790273556231, 0.3849372384937238, 0.5661157024793388, 0.2914536157779395, 0.2282608695652173, 0.1466666666666666, 0.5636363636363635, 6
0.703125, 0.0784313725490196, 0.37, 0.3654822335025381, 0.024316109422492405, 0.2928870292887029, 0.40495867768595045, 0.43462381300220443, 0.08695652173913038, 0.1466666666666666, 0.6181818181818182, 6
0.515625, 0.05882352941176472, 0.33, 0.01522842639593909, 0.2644376899696048, 0.1422594142259414, 0.1859504132231405, 0.25273922571220453, 0.3695652173913042, 0.5066666666666666, 0.5454545454545454, 6
0.484375, 0.1372549019607843, 0.39, 0.2690355329949239, 0.05471124620060791, 0.3430962343096234, 0.5454545454545455, 0.30094959824690193, 0.28260869565217384, 0.09333333333333332, 0.7272727272727275, 6
0.40625, 0.14705882352941177, 0.35, 0.1979695431472081, 0.0668693009118541, 0.33472803347280333, 0.5702479338842975, 0.36888239590943783, 0.3586956521739131, 0.18666666666666665, 0.4545454545454546, 7
0.5625, 0.10784313725490197, 0.31, 0.700507614213198, 0.08510638297872339, 0.30125523012552297, 0.7603305785123967, 0.8392987582176943, 0.2717391304347827, 0.31999999999999995, 0.1272727272727272, 6
0.421875, 0.23529411764705882, 0.34, 0.25380710659898476, 0.08206686930091184, 0.20083682008368198, 0.3388429752066116, 0.34550766983200276, 0.4673913043478257, 0.45333333333333325, 0.6363636363636362, 7
0.421875, 0.392156862745098, 0.02, 0.010152284263959394, 0.07902735562310029, 0.2426778242677824, 0.37190082644628103, 0.37618699780863096, 0.31521739130434767, 0.2799999999999999, 0.23636363636363655, 4
0.28125, 0.03921568627450979, 0.33, 0.1116751269035533, 0.08206686930091184, 0.1506276150627615, 0.2644628099173554, 0.13513513513512976, 0.3478260869565215, 0.07999999999999996, 0.8000000000000003, 8
0.40625, 0.2647058823529411, 0.28, 0.6040609137055838, 0.0668693009118541, 0.13389121338912136, 0.475206611570248, 0.6048210372534726, 0.3804347826086958, 0.22666666666666657, 0.38181818181818183, 6
0.4375, 0.3480392156862745, 0.38, 0.4314720812182741, 0.12462006079027357, 0.5271966527196653, 0.9669421487603307, 0.8195763330898558, 0.4130434782608696, 0.3733333333333333, 0.10909090909090913, 6
0.53125, 0.18627450980392157, 0.28, 0.7360406091370558, 0.08814589665653497, 0.025104602510460247, 0.1322314049586777, 0.6968590211833572, 0.3478260869565215, 0.17333333333333334, 0.4363636363636365, 6
0.421875, 0.3431372549019608, 0.28, 0.5355329949238579, 0.04559270516717326, 0.2343096234309623, 0.3223140495867769, 0.37180423666910656, 0.18478260869565188, 0.15999999999999992, 0.7090909090909094, 6
0.421875, 0.3431372549019608, 0.28, 0.5355329949238579, 0.04559270516717326, 0.2343096234309623, 0.3223140495867769, 0.37180423666910656, 0.18478260869565188, 0.15999999999999992, 0.7090909090909094, 6
0.34375, 0.1372549019607843, 0.28, 0.020304568527918787, 0.05167173252279636, 0.36820083682008364, 0.3347107438016529, 0.11029948867788164, 0.4021739130434785, 0.15999999999999992, 0.7454545454545456, 6
0.28125, 0.06862745098039214, 0.26, 0.24619289340101524, 0.10334346504559269, 0.40167364016736395, 0.5371900826446281, 0.4565376186997838, 0.6739130434782612, 0.31999999999999995, 0.4545454545454546, 6
0.59375, 0.2745098039215686, 0.49, 0.5380710659898478, 0.08814589665653497, 0.702928870292887, 0.8760330578512397, 0.8246895544192938, 0.1739130434782603, 0.22666666666666657, 0.1272727272727272, 5
0.46875, 0.14705882352941177, 0.3, 0.31725888324873097, 0.08206686930091184, 0.3263598326359832, 0.7024793388429752, 0.547114682249827, 0.4347826086956519, 0.4, 0.38181818181818183, 6
0.59375, 0.2745098039215686, 0.49, 0.5380710659898478, 0.08814589665653497, 0.702928870292887, 0.8760330578512397, 0.8246895544192938, 0.1739130434782603, 0.22666666666666657, 0.1272727272727272, 5
0.4375, 0.15686274509803919, 0.3, 0.5380710659898478, 0.02735562310030394, 0.06694560669456066, 0.2809917355371901, 0.4894083272461671, 0.3043478260869561, 0.3866666666666667, 0.7818181818181822, 7
0.375, 0.14705882352941177, 0.35, 0.0, 0.10334346504559269, 0.17573221757322172, 0.42148760330578516, 0.32797662527393356, 0.5652173913043477, 0.22666666666666657, 0.4545454545454546, 3
0.359375, 0.21568627450980388, 0.3, 0.07106598984771574, 0.042553191489361694, 0.3933054393305439, 0.6363636363636364, 0.17457998539080677, 0.5869565217391304, 0.22666666666666657, 0.7636363636363637, 7
0.625, 0.20588235294117646, 0.29, 0.12436548223350255, 0.08206686930091184, 0.3179916317991631, 0.4462809917355372, 0.32286340394449553, 0.4239130434782612, 0.11999999999999994, 0.5454545454545454, 5
0.359375, 0.024509803921568624, 0.31, 0.03045685279187818, 0.060790273556231, 0.4351464435146443, 0.5619834710743802, 0.29875821767714683, 0.6086956521739131, 0.19999999999999996, 0.47272727272727266, 7
0.4375, 0.15686274509803919, 0.27, 0.4873096446700508, 0.09118541033434652, 0.4267782426778242, 0.8677685950413223, 0.7531044558071613, 0.2065217391304346, 0.2533333333333333, 0.054545454545454675, 5
0.421875, 0.21568627450980388, 0.27, 0.16751269035532995, 0.06382978723404255, 0.2845188284518828, 0.36363636363636365, 0.2300949598246973, 0.3804347826086958, 0.45333333333333325, 0.7454545454545456, 8
0.375, 0.28431372549019607, 0.24, 0.27411167512690354, 0.04559270516717326, 0.13389121338912136, 0.31818181818181823, 0.16289262235208923, 0.2065217391304346, 0.0, 0.8909090909090911, 8
0.59375, 0.22549019607843135, 0.24, 0.05583756345177665, 0.060790273556231, 0.30125523012552297, 0.5826446280991736, 0.30606281957633996, 0.21739130434782572, 0.24, 0.6000000000000001, 7
0.34375, 0.19607843137254904, 0.27, 0.751269035532995, 0.05775075987841945, 0.2343096234309623, 0.5165289256198348, 0.5091307523740056, 0.3695652173913042, 0.24, 0.8181818181818183, 7
0.609375, 0.3431372549019608, 1.0, 0.9771573604060912, 0.04559270516717326, 0.3263598326359832, 0.640495867768595, 0.7531044558071613, 0.4782608695652173, 0.31999999999999995, 0.6363636363636362, 6
0.46875, 0.10784313725490197, 0.33, 0.03045685279187818, 0.042553191489361694, 0.15899581589958156, 0.3223140495867769, 0.2016070124178242, 0.25, 0.48, 0.6909090909090914, 7
0.34375, 0.14705882352941177, 0.15, 0.45685279187817257, 0.09422492401215807, 0.8200836820083681, 0.8181818181818182, 0.6281957633309077, 0.21739130434782572, 0.05333333333333329, 0.10909090909090913, 5
0.234375, 0.2745098039215686, 0.27, 0.28426395939086296, 0.033434650455927056, 0.30962343096234307, 0.5082644628099173, 0.34696859021184423, 0.5652173913043477, 0.18666666666666665, 0.5636363636363635, 6
0.40625, 0.19607843137254904, 0.44, 0.3248730964467005, 0.09422492401215807, 0.3849372384937238, 0.7024793388429752, 0.5967859751643658, 0.3260869565217388, 0.2933333333333332, 0.1272727272727272, 5
0.671875, 0.1764705882352941, 0.27, 0.18274111675126903, 0.039513677811550144, 0.33472803347280333, 0.47107438016528924, 0.3659605551497549, 0.3369565217391304, 0.09333333333333332, 0.49090909090909074, 6
0.546875, 0.11764705882352941, 0.29, 0.9543147208121827, 0.0668693009118541, 0.5523012552301255, 0.9421487603305786, 0.9685902118334724, 0.2717391304347827, 0.2933333333333332, 0.1272727272727272, 6
0.375, 0.38235294117647056, 0.19, 0.3857868020304569, 0.03647416413373861, 0.17573221757322172, 0.5495867768595042, 0.3571950328707203, 0.4021739130434785, 0.2533333333333333, 0.6909090909090914, 6
0.671875, 0.11764705882352941, 0.28, 0.010152284263959394, 0.018237082066869303, 0.3849372384937238, 0.3223140495867769, 0.2563915266618011, 0.0760869565217388, 0.1333333333333333, 0.47272727272727266, 6
0.15625, 0.12745098039215685, 0.21, 0.48223350253807107, 0.060790273556231, 0.11715481171548116, 0.4256198347107438, 0.4477720964207492, 0.8804347826086958, 0.2933333333333332, 0.6727272727272728, 7
0.53125, 0.0784313725490196, 0.29, 0.01522842639593909, 0.042553191489361694, 0.30962343096234307, 0.47107438016528924, 0.18042366691015843, 0.2934782608695654, 0.18666666666666665, 0.6545454545454548, 7
0.5, 0.23529411764705882, 0.27, 0.3248730964467005, 0.030395136778115506, 0.2845188284518828, 0.4669421487603306, 0.33162892622353013, 0.3260869565217388, 0.45333333333333325, 0.7454545454545456, 7
0.453125, 0.2647058823529411, 0.48, 0.41116751269035534, 0.11854103343465047, 0.26778242677824265, 0.6528925619834711, 0.6698319941563255, 0.2065217391304346, 0.2799999999999999, 0.1636363636363638, 5
0.46875, 0.0784313725490196, 0.18, 0.05583756345177665, 0.08814589665653497, 0.2343096234309623, 0.43388429752066116, 0.37618699780863096, 0.4565217391304346, 0.3866666666666667, 0.41818181818181843, 6
0.4375, 0.21568627450980388, 0.25, 0.37055837563451777, 0.05775075987841945, 0.1506276150627615, 0.475206611570248, 0.4755295836376945, 0.2282608695652173, 0.15999999999999992, 0.41818181818181843, 6
0.5, 0.20588235294117646, 0.37, 0.04568527918781727, 0.05471124620060791, 0.25941422594142255, 0.48347107438016534, 0.25346968590213237, 0.445652173913043, 0.2799999999999999, 0.6909090909090914, 6
0.3125, 0.19117647058823528, 0.3, 0.23857868020304568, 0.07902735562310029, 0.3179916317991631, 0.578512396694215, 0.4010226442658933, 0.5217391304347827, 0.21333333333333326, 0.41818181818181843, 7
0.421875, 0.1764705882352941, 0.31, 0.03045685279187818, 0.05167173252279636, 0.46861924686192463, 0.5619834710743802, 0.17019722425128236, 0.3369565217391304, 0.3733333333333333, 0.7090909090909094, 6
0.28125, 0.16666666666666666, 0.19, 0.08629441624365482, 0.09726443768996962, 0.3263598326359832, 0.6487603305785125, 0.3571950328707203, 0.4347826086956519, 0.22666666666666657, 0.3454545454545457, 6
0.515625, 0.11764705882352941, 0.27, 0.45177664974619286, 0.060790273556231, 0.13389121338912136, 0.39669421487603307, 0.5354273192111094, 0.2065217391304346, 0.1466666666666666, 0.36363636363636376, 7
0.46875, 0.22549019607843135, 0.3, 0.37055837563451777, 0.033434650455927056, 0.2510460251046025, 0.4669421487603306, 0.3308984660336023, 0.3043478260869561, 0.4933333333333333, 0.7454545454545456, 7
0.5, 0.1372549019607843, 0.26, 0.4314720812182741, 0.030395136778115506, 0.2845188284518828, 0.4669421487603306, 0.37764791818847243, 0.2282608695652173, 0.10666666666666669, 0.7272727272727275, 8
0.46875, 0.06862745098039214, 0.41, 0.6192893401015228, 0.08206686930091184, 0.6401673640167364, 0.7148760330578513, 0.7531044558071613, 0.4239130434782612, 0.6933333333333334, 0.3090909090909091, 6
0.140625, 0.5784313725490196, 0.09, 0.01522842639593909, 0.009118541033434652, 0.01673640167364017, 0.0, 0.00803506208912097, 0.4891304347826084, 0.10666666666666669, 0.9272727272727272, 5
0.25, 0.1715686274509804, 0.33, 0.025380710659898477, 0.10334346504559269, 0.21757322175732213, 0.4669421487603306, 0.24616508400292503, 0.5652173913043477, 0.5333333333333333, 0.5090909090909093, 6
0.15625, 0.08823529411764708, 0.28, 0.1116751269035533, 0.039513677811550144, 0.15899581589958156, 0.42148760330578516, 0.2257121986851729, 0.5760869565217388, 0.10666666666666669, 0.5090909090909093, 7
0.578125, 0.19607843137254904, 0.41, 0.03045685279187818, 0.08206686930091184, 0.06694560669456066, 0.48347107438016534, 0.425127830533242, 0.4673913043478257, 0.2533333333333333, 0.3272727272727276, 5
0.5, 0.06862745098039214, 0.28, 0.7106598984771573, 0.10334346504559269, 0.21757322175732213, 0.578512396694215, 0.7896274653031554, 0.11956521739130421, 0.17333333333333334, 0.09090909090909105, 7
0.4375, 0.18627450980392157, 0.33, 0.035532994923857864, 0.07598784194528876, 0.17573221757322172, 0.71900826446281, 0.36815193571951, 0.4782608695652173, 0.2666666666666666, 0.3999999999999999, 5
0.484375, 0.3137254901960784, 0.17, 0.6192893401015228, 0.04863221884498481, 0.46861924686192463, 0.731404958677686, 0.7618699780862102, 0.25, 0.30666666666666664, 0.1636363636363638, 5
0.265625, 0.15686274509803919, 0.45, 0.050761421319796954, 0.08814589665653497, 0.15899581589958156, 0.4297520661157025, 0.3747260774287895, 0.4021739130434785, 0.2933333333333332, 0.27272727272727293, 5
0.5, 0.30392156862745096, 0.21, 0.5076142131979695, 0.2462006079027356, 0.08368200836820083, 0.3388429752066116, 0.6910153396639913, 0.19565217391304301, 0.2799999999999999, 0.14545454545454573, 5
0.5, 0.30392156862745096, 0.21, 0.5076142131979695, 0.2462006079027356, 0.08368200836820083, 0.3388429752066116, 0.6910153396639913, 0.19565217391304301, 0.2799999999999999, 0.14545454545454573, 5
0.46875, 0.12745098039215685, 0.62, 0.2893401015228427, 0.07294832826747721, 0.03347280334728033, 0.4297520661157025, 0.47260774287802576, 0.11956521739130421, 0.43999999999999995, 0.3090909090909091, 5
0.46875, 0.1764705882352941, 0.34, 0.7309644670050761, 0.13069908814589665, 0.3263598326359832, 0.6322314049586777, 0.7260774287801439, 0.4239130434782612, 0.3466666666666667, 0.36363636363636376, 3
0.53125, 0.19607843137254904, 0.38, 0.06598984771573604, 0.10638297872340424, 0.16736401673640167, 0.6074380165289257, 0.29875821767714683, 0.3043478260869561, 0.3466666666666667, 0.47272727272727266, 5
0.453125, 0.37254901960784315, 0.21, 0.16751269035532995, 0.05167173252279636, 0.07531380753138074, 0.32644628099173556, 0.22279035792550417, 0.445652173913043, 0.3733333333333333, 0.8181818181818183, 6
0.578125, 0.25490196078431376, 0.28, 0.16751269035532995, 0.033434650455927056, 0.35983263598326354, 0.3760330578512397, 0.18042366691015843, 0.3804347826086958, 0.31999999999999995, 0.8545454545454545, 7
0.328125, 0.08823529411764708, 0.29, 0.1218274111675127, 0.039513677811550144, 0.2426778242677824, 0.47107438016528924, 0.14755295836377513, 0.6086956521739131, 0.09333333333333332, 0.9454545454545453, 7
0.421875, 0.18627450980392157, 0.19, 0.29949238578680204, 0.08510638297872339, 0.7949790794979079, 0.6859504132231405, 0.47699050401753595, 0.3369565217391304, 0.10666666666666669, 0.290909090909091, 6
0.375, 0.1372549019607843, 0.3, 0.5939086294416244, 0.11246200607902737, 0.8786610878661087, 0.5909090909090909, 0.7428780131482995, 0.2717391304347827, 0.2799999999999999, 0.18181818181818188, 6
0.34375, 0.12745098039215685, 0.3, 0.4060913705583756, 0.05775075987841945, 0.36820083682008364, 0.487603305785124, 0.4799123447772189, 0.3586956521739131, 0.17333333333333334, 0.38181818181818183, 5
0.328125, 0.3480392156862745, 0.16, 0.2893401015228427, 0.042553191489361694, 0.1506276150627615, 0.5165289256198348, 0.32140248356465406, 0.4239130434782612, 0.2666666666666666, 0.6727272727272728, 6
0.734375, 0.14705882352941177, 0.34, 0.03045685279187818, 0.05471124620060791, 0.4267782426778242, 0.4173553719008265, 0.3396639883126369, 0.23913043478260843, 0.3866666666666667, 0.4545454545454546, 7
0.5, 0.25490196078431376, 0.1, 0.14213197969543148, 0.08206686930091184, 0.11715481171548116, 0.22314049586776863, 0.48137326515706036, 0.1739130434782603, 0.17333333333333334, 0.1272727272727272, 5
0.515625, 0.28431372549019607, 0.3, 0.27918781725888325, 0.06990881458966566, 0.3849372384937238, 0.5371900826446281, 0.22644265887510073, 0.3478260869565215, 0.013333333333333308, 0.9272727272727272, 6
0.546875, 0.2745098039215686, 0.34, 0.7157360406091371, 0.12158054711246202, 0.35983263598326354, 0.6776859504132232, 0.7596785975164408, 0.31521739130434767, 0.4133333333333332, 0.3090909090909091, 5
0.484375, 0.05882352941176472, 0.29, 0.46700507614213205, 0.11854103343465047, 0.22594142259414224, 0.3388429752066116, 0.5850986121256483, 0.3695652173913042, 0.09333333333333332, 0.25454545454545463, 6
0.421875, 0.1372549019607843, 0.31, 0.16243654822335024, 0.08814589665653497, 0.11715481171548116, 0.40082644628099173, 0.2826880934989049, 0.3260869565217388, 0.06666666666666665, 0.5454545454545454, 5
0.171875, 0.2598039215686274, 0.34, 0.01522842639593909, 0.15501519756838908, 0.2426778242677824, 0.5537190082644629, 0.31190650109570583, 0.4239130434782612, 0.18666666666666665, 0.290909090909091, 5
0.375, 0.18627450980392157, 0.32, 0.28426395939086296, 0.09422492401215807, 0.36820083682008364, 0.6198347107438017, 0.41709276844413523, 0.3913043478260869, 0.45333333333333325, 0.4545454545454546, 6
0.5, 0.0784313725490196, 0.3, 0.09644670050761422, 0.07902735562310029, 0.25941422594142255, 0.3347107438016529, 0.2454346238130114, 0.03260869565217339, 0.2799999999999999, 0.49090909090909074, 6
0.609375, 0.22549019607843135, 0.36, 0.18274111675126903, 0.02735562310030394, 0.100418410041841, 0.3223140495867769, 0.3221329437545677, 0.28260869565217384, 0.2933333333333332, 0.6363636363636362, 5
0.59375, 0.30392156862745096, 0.46, 0.5583756345177665, 0.2036474164133739, 0.4351464435146443, 0.6652892561983471, 0.7757487216946828, 0.06521739130434767, 0.33333333333333326, 0.09090909090909105, 5
0.359375, 0.1372549019607843, 0.25, 0.5786802030456852, 0.05471124620060791, 0.4267782426778242, 0.5206611570247934, 0.5624543462381411, 0.3913043478260869, 0.18666666666666665, 0.3999999999999999, 5
0.46875, 0.029411764705882346, 0.27, 0.4010152284263959, 0.08206686930091184, 0.3514644351464435, 0.3925619834710744, 0.5427319211103026, 0.3804347826086958, 0.1466666666666666, 0.25454545454545463, 6
0.40625, 0.15686274509803919, 0.49, 0.25888324873096447, 0.10942249240121579, 0.18410041841004182, 0.45867768595041325, 0.5178962746530402, 0.1739130434782603, 0.96, 0.36363636363636376, 6
0.375, 0.23529411764705882, 0.12, 0.2081218274111675, 0.11246200607902737, 0.025104602510460247, 0.36363636363636365, 0.5208181154127232, 0.3369565217391304, 0.31999999999999995, 0.14545454545454573, 5
0.328125, 0.14705882352941177, 0.24, 0.04568527918781727, 0.060790273556231, 0.2426778242677824, 0.4380165289256199, 0.26661796932067716, 0.3913043478260869, 0.33333333333333326, 0.5272727272727273, 6
0.40625, 0.0980392156862745, 0.48, 0.8781725888324873, 0.11246200607902737, 0.44351464435146437, 0.71900826446281, 0.969320672023386, 0.14130434782608692, 0.46666666666666656, 0.0, 6
0.328125, 0.16666666666666666, 0.27, 0.040609137055837574, 0.03647416413373861, 0.2845188284518828, 0.2975206611570248, 0.15266617969321317, 0.3804347826086958, 0.2666666666666666, 0.6727272727272728, 6
0.578125, 0.1764705882352941, 0.38, 0.25380710659898476, 0.012158054711246202, 0.16736401673640167, 0.4793388429752067, 0.4579985390796253, 0.3043478260869561, 0.48, 0.47272727272727266, 6
0.546875, 0.2450980392156863, 0.22, 0.035532994923857864, 0.07294832826747721, 0.30962343096234307, 0.6942148760330579, 0.4207450693937318, 0.31521739130434767, 0.2933333333333332, 0.25454545454545463, 5
0.546875, 0.25490196078431376, 0.22, 0.035532994923857864, 0.08206686930091184, 0.33472803347280333, 0.6900826446280992, 0.42001460920380396, 0.31521739130434767, 0.2666666666666666, 0.25454545454545463, 5
0.359375, 1.0, 0.16, 0.18781725888324874, 0.04863221884498481, 0.04184100418410042, 0.4132231404958678, 0.25346968590213237, 0.5434782608695654, 0.2799999999999999, 0.7090909090909094, 4
0.390625, 0.15686274509803919, 0.29, 0.04568527918781727, 0.10638297872340424, 0.3765690376569037, 0.7272727272727273, 0.45945945945946676, 0.3913043478260869, 0.31999999999999995, 0.1636363636363638, 5
0.46875, 0.21568627450980388, 0.27, 0.5532994923857868, 0.033434650455927056, 0.15899581589958156, 0.36363636363636365, 0.4404674945215561, 0.11956521739130421, 0.15999999999999992, 0.5818181818181816, 6
0.484375, 0.10784313725490197, 0.35, 0.649746192893401, 0.06382978723404255, 0.3849372384937238, 0.4504132231404959, 0.6099342585829106, 0.16304347826086918, 0.4933333333333333, 0.3999999999999999, 6
0.484375, 0.29411764705882354, 0.28, 0.3857868020304569, 0.13677811550151975, 0.15899581589958156, 0.6487603305785125, 0.5807158509861239, 0.3369565217391304, 0.6133333333333333, 0.38181818181818183, 5
0.5625, 0.1764705882352941, 0.29, 0.15228426395939088, 0.09422492401215807, 0.09205020920502091, 0.2644628099173554, 0.32067202337474043, 0.2282608695652173, 0.2533333333333333, 0.5272727272727273, 6
0.484375, 0.28431372549019607, 0.23, 0.4467005076142132, 0.12158054711246202, 0.4267782426778242, 0.6487603305785125, 0.6260043827611526, 0.4130434782608696, 0.21333333333333326, 0.27272727272727293, 5
0.328125, 0.5588235294117647, 0.23, 0.2182741116751269, 0.05471124620060791, 0.1422594142259414, 0.49173553719008267, 0.22279035792550417, 0.6630434782608696, 0.2933333333333332, 0.7818181818181822, 6
0.3125, 0.15686274509803919, 0.28, 0.035532994923857864, 0.06382978723404255, 0.30962343096234307, 0.2768595041322314, 0.0, 0.2717391304347827, 0.039999999999999925, 0.9818181818181819, 7
0.4375, 0.1372549019607843, 0.37, 0.04568527918781727, 0.06990881458966566, 0.2343096234309623, 0.38016528925619836, 0.21767713659606613, 0.3260869565217388, 0.5333333333333333, 0.6363636363636362, 5
0.5, 0.3529411764705882, 0.24, 0.5786802030456852, 0.11854103343465047, 0.5439330543933054, 0.8305785123966942, 0.7355734112490921, 0.21739130434782572, 0.31999999999999995, 0.18181818181818188, 5
0.390625, 0.19607843137254904, 0.34, 0.3756345177664974, 0.06382978723404255, 0.3430962343096234, 0.49586776859504134, 0.3922571219868587, 0.445652173913043, 0.039999999999999925, 0.6545454545454548, 6
0.21875, 0.11764705882352941, 0.27, 0.1269035532994924, 0.09118541033434652, 0.10878661087866108, 0.34710743801652894, 0.38276113951789625, 0.6413043478260869, 0.36, 0.290909090909091, 7
0.46875, 0.1764705882352941, 0.26, 0.06598984771573604, 0.006079027355623094, 0.17154811715481172, 0.2603305785123967, 0.241051862673487, 0.3369565217391304, 0.2799999999999999, 0.6000000000000001, 6
0.453125, 0.029411764705882346, 0.26, 0.7157360406091371, 0.10942249240121579, 0.3430962343096234, 0.3553719008264463, 0.704894083272464, 0.3804347826086958, 0.11999999999999994, 0.23636363636363655, 6
0.0, 0.22549019607843135, 0.02, 0.5279187817258884, 0.05775075987841945, 0.1422594142259414, 0.43388429752066116, 0.3922571219868587, 0.9782608695652177, 0.24, 0.7090909090909094, 6
0.3125, 0.11764705882352941, 0.16, 0.035532994923857864, 0.07598784194528876, 0.3430962343096234, 0.37190082644628103, 0.1468224981738615, 0.4130434782608696, 0.1466666666666666, 0.6727272727272728, 6
0.34375, 0.20588235294117646, 0.27, 0.08121827411167512, 0.08206686930091184, 0.1422594142259414, 0.4462809917355372, 0.17457998539080677, 0.5, 0.19999999999999996, 0.7636363636363637, 7
0.484375, 0.1764705882352941, 0.29, 0.17766497461928935, 0.07902735562310029, 0.2510460251046025, 0.43388429752066116, 0.2257121986851729, 0.3369565217391304, 0.06666666666666665, 0.7272727272727275, 6
0.40625, 0.15686274509803919, 0.26, 0.38071065989847713, 0.11246200607902737, 0.36820083682008364, 0.7148760330578513, 0.604090577063559, 0.2934782608695654, 0.31999999999999995, 0.18181818181818188, 5
0.546875, 0.10784313725490197, 0.27, 0.6700507614213198, 0.12158054711246202, 0.3514644351464435, 0.6033057851239669, 0.8005843681519451, 0.09782608695652151, 0.19999999999999996, 0.054545454545454675, 8
0.546875, 0.10784313725490197, 0.27, 0.6700507614213198, 0.12158054711246202, 0.3514644351464435, 0.6033057851239669, 0.8005843681519451, 0.09782608695652151, 0.19999999999999996, 0.054545454545454675, 8
0.296875, 0.22549019607843135, 0.29, 0.3350253807106599, 0.10030395136778117, 0.2510460251046025, 0.5537190082644629, 0.4536157779401151, 0.5, 0.31999999999999995, 0.466666666666673, 6
0.421875, 0.04901960784313725, 0.27, 0.09644670050761422, 0.05471124620060791, 0.2426778242677824, 0.2768595041322314, 0.3133674214755331, 0.3913043478260869, 0.6666666666666665, 0.5151515151515094, 6
0.40625, 0.1764705882352941, 0.21, 0.38071065989847713, 0.10030395136778117, 0.40167364016736395, 0.7148760330578513, 0.6070124178232419, 0.4130434782608696, 0.2933333333333332, 0.18181818181818188, 5
0.40625, 0.1764705882352941, 0.21, 0.38071065989847713, 0.10030395136778117, 0.40167364016736395, 0.7148760330578513, 0.6070124178232419, 0.4130434782608696, 0.2933333333333332, 0.18181818181818188, 5
0.515625, 0.18627450980392157, 0.27, 0.4923857868020305, 0.07294832826747721, 0.19246861924686193, 0.43388429752066116, 0.4558071585098702, 0.2065217391304346, 0.3466666666666667, 0.5454545454545454, 7
0.375, 0.1372549019607843, 0.28, 0.07614213197969544, 0.06990881458966566, 0.17573221757322172, 0.4793388429752067, 0.3352812271731267, 0.3695652173913042, 0.2933333333333332, 0.36363636363636376, 6
0.1875, 0.2647058823529411, 0.25, 0.36040609137055835, 0.042553191489361694, 0.17573221757322172, 0.44214876033057854, 0.38714390065742066, 0.5869565217391304, 0.18666666666666665, 0.5090909090909093, 6
0.546875, 0.21568627450980388, 0.25, 0.09137055837563451, 0.08510638297872339, 0.2426778242677824, 0.4669421487603306, 0.4514243973703458, 0.3586956521739131, 0.3733333333333333, 0.3272727272727276, 5
0.515625, 0.3333333333333333, 0.2, 0.10659898477157359, 0.06382978723404255, 0.20920502092050208, 0.4132231404958678, 0.18772826880935156, 0.4130434782608696, 0.2799999999999999, 0.8909090909090911, 6
0.296875, 0.16666666666666666, 0.22, 0.46192893401015234, 0.09726443768996962, 0.3933054393305439, 0.4793388429752067, 0.6281957633309077, 0.3804347826086958, 0.2533333333333333, 0.290909090909091, 6
0.40625, 0.23529411764705882, 0.26, 0.3654822335025381, 0.10030395136778117, 0.4184100418410041, 0.7066115702479339, 0.5865595325054898, 0.31521739130434767, 0.31999999999999995, 0.19999999999999996, 5
0.3125, 0.19607843137254904, 0.18, 0.025380710659898477, 0.12462006079027357, 0.03347280334728033, 0.4090909090909091, 0.4214755295836454, 0.4130434782608696, 0.4266666666666665, 0.19090909090909114, 4
0.453125, 0.392156862745098, 0.49, 0.1116751269035533, 0.039513677811550144, 0.20920502092050208, 0.4669421487603306, 0.15704894083273757, 0.3043478260869561, 0.18666666666666665, 0.8181818181818183, 6
0.46875, 0.22549019607843135, 0.25, 0.4974619289340102, 0.07902735562310029, 0.22594142259414224, 0.6446280991735538, 0.7370343316289336, 0.5543478260869561, 0.3866666666666667, 0.372727272727273, 6
0.203125, 0.22058823529411764, 0.13, 0.05329949238578681, 0.05775075987841945, 0.11715481171548116, 0.2644628099173554, 0.21110299488678663, 0.5978260869565215, 0.33333333333333326, 0.696969696969691, 5
0.46875, 0.08823529411764708, 0.17, 0.2233502538071066, 0.09726443768996962, 0.19246861924686193, 0.30165289256198347, 0.43024105186268, 0.16304347826086918, 0.15999999999999992, 0.23636363636363655, 6
0.484375, 0.19607843137254904, 0.37, 0.4263959390862944, 0.060790273556231, 0.10878661087866108, 0.2768595041322314, 0.5617238860482274, 0.21739130434782572, 0.3733333333333333, 0.47272727272727266, 5
0.328125, 0.21568627450980388, 0.29, 0.020304568527918787, 0.05775075987841945, 0.16736401673640167, 0.19421487603305787, 0.24032140248357337, 0.3695652173913042, 0.15999999999999992, 0.5090909090909093, 5
0.390625, 0.28431372549019607, 0.51, 0.28426395939086296, 0.09422492401215807, 0.26778242677824265, 0.5661157024793388, 0.5252008765522334, 0.2717391304347827, 1.0, 0.36363636363636376, 6
0.5, 0.2450980392156863, 0.78, 0.46700507614213205, 0.07598784194528876, 0.1506276150627615, 1.0, 0.5288531775018299, 0.1739130434782603, 0.3866666666666667, 0.4545454545454546, 6
0.453125, 0.5686274509803921, 0.0, 0.6243654822335025, 0.04863221884498481, 0.2426778242677824, 0.27272727272727276, 0.6135865595325214, 0.3260869565217388, 0.31999999999999995, 0.3999999999999999, 6
0.296875, 0.16666666666666666, 0.32, 0.583756345177665, 0.07294832826747721, 0.33472803347280333, 0.487603305785124, 0.5938641344046829, 0.4130434782608696, 0.36, 0.3454545454545457, 7
0.328125, 0.0980392156862745, 0.28, 0.01522842639593909, 0.060790273556231, 0.17573221757322172, 0.32644628099173556, 0.27976625273923617, 0.4782608695652173, 0.3866666666666667, 0.3909090909090911, 7
0.3125, 0.1764705882352941, 0.29, 0.01522842639593909, 0.07598784194528876, 0.26778242677824265, 0.38016528925619836, 0.2432432432432421, 0.5543478260869561, 0.2933333333333332, 0.5272727272727273, 7
0.28125, 0.6029411764705881, 0.06, 0.3096446700507614, 0.07598784194528876, 0.050209205020920494, 0.30991735537190085, 0.5266617969320748, 0.6413043478260869, 0.24, 0.3090909090909091, 5
0.546875, 0.08823529411764708, 0.36, 0.38071065989847713, 0.033434650455927056, 0.3430962343096234, 0.42148760330578516, 0.4097881665449279, 0.31521739130434767, 0.19999999999999996, 0.7090909090909094, 6
0.296875, 0.12745098039215685, 0.37, 0.19289340101522842, 0.06990881458966566, 0.4602510460251045, 0.5413223140495869, 0.4536157779401151, 0.4782608695652173, 0.48, 0.38181818181818183, 6
0.46875, 0.5392156862745099, 0.04, 0.03045685279187818, 0.12462006079027357, 0.18410041841004182, 0.5123966942148761, 0.40905770635501426, 0.3478260869565215, 0.17333333333333334, 0.3090909090909091, 4
0.453125, 0.0784313725490196, 0.32, 0.5989847715736041, 0.05471124620060791, 0.12552301255230125, 0.6074380165289257, 0.6975894813732708, 0.03260869565217339, 0.1333333333333333, 0.09090909090909105, 6
0.484375, 0.10784313725490197, 0.31, 0.9416243654822335, 0.07902735562310029, 0.2928870292887029, 0.6528925619834711, 0.9079620160701296, 0.08695652173913038, 0.3466666666666667, 0.10909090909090913, 7
0.328125, 0.12745098039215685, 0.31, 0.05583756345177665, 0.04863221884498481, 0.3514644351464435, 0.5495867768595042, 0.1994156318480691, 0.5434782608695654, 0.31999999999999995, 0.7636363636363637, 6
0.21875, 0.15686274509803919, 0.15, 0.3248730964467005, 0.07902735562310029, 0.2426778242677824, 0.5165289256198348, 0.487216946676412, 0.4239130434782612, 0.2933333333333332, 0.25454545454545463, 6
0.46875, 0.23529411764705882, 0.43, 0.04568527918781727, 0.10030395136778117, 0.008368200836820085, 0.23140495867768596, 0.46384222059899116, 0.4565217391304346, 0.2799999999999999, 0.3999999999999999, 5
0.34375, 0.18627450980392157, 0.32, 0.14720812182741116, 0.05471124620060791, 0.2761506276150627, 0.5123966942148761, 0.36815193571951, 0.4130434782608696, 0.2666666666666666, 0.41818181818181843, 6
0.34375, 0.29411764705882354, 0.26, 0.14213197969543148, 0.05471124620060791, 0.2928870292887029, 0.42148760330578516, 0.11760409057707477, 0.3586956521739131, 0.2799999999999999, 0.9272727272727272, 7
0.34375, 0.29411764705882354, 0.26, 0.14213197969543148, 0.05471124620060791, 0.2928870292887029, 0.42148760330578516, 0.11760409057707477, 0.3586956521739131, 0.2799999999999999, 0.9272727272727272, 7
0.40625, 0.23529411764705882, 0.25, 0.2182741116751269, 0.11550151975683892, 0.20920502092050208, 0.5330578512396694, 0.3360116873630403, 0.4565217391304346, 0.31999999999999995, 0.7090909090909094, 8
0.40625, 0.19607843137254904, 0.45, 0.4010152284263959, 0.12158054711246202, 0.36820083682008364, 0.8842975206611571, 0.6888239590942362, 0.3369565217391304, 0.33333333333333326, 0.10909090909090913, 5
0.515625, 0.15686274509803919, 0.34, 0.025380710659898477, 0.08510638297872339, 0.025104602510460247, 0.5082644628099173, 0.30752373995618143, 0.3369565217391304, 0.2666666666666666, 0.49090909090909074, 4
0.140625, 0.6911764705882353, 0.0, 0.13705583756345177, 0.05775075987841945, 0.16736401673640167, 0.5165289256198348, 0.197224251278314, 0.7391304347826084, 0.8799999999999999, 0.9636363636363638, 6
0.40625, 0.024509803921568624, 0.29, 0.020304568527918787, 0.05471124620060791, 0.3430962343096234, 0.5413223140495869, 0.31482834185537456, 0.3478260869565215, 0.3866666666666667, 0.3999999999999999, 7
0.328125, 0.23529411764705882, 0.19, 0.700507614213198, 0.07598784194528876, 0.2845188284518828, 0.4380165289256199, 0.7107377647918298, 0.3369565217391304, 0.22666666666666657, 0.3272727272727276, 5
0.40625, 0.22549019607843135, 0.5, 0.25888324873096447, 0.06382978723404255, 0.3263598326359832, 0.42148760330578516, 0.3491599707815993, 0.3586956521739131, 0.36, 0.6181818181818182, 7
0.34375, 0.08823529411764708, 0.3, 0.3350253807106599, 0.0668693009118541, 0.30125523012552297, 0.3925619834710744, 0.39517896274654163, 0.06521739130434767, 0.4133333333333332, 0.4545454545454546, 6
0.546875, 0.2647058823529411, 0.67, 0.3857868020304569, 0.10942249240121579, 0.058577405857740586, 0.3760330578512397, 0.6420745069393803, 0.3695652173913042, 0.31999999999999995, 0.4363636363636365, 5
0.375, 0.6666666666666667, 0.01, 0.1269035532994924, 0.07294832826747721, 0.12552301255230125, 0.45867768595041325, 0.2300949598246973, 0.3804347826086958, 0.9066666666666665, 0.9454545454545453, 7
0.421875, 0.19607843137254904, 0.34, 0.1979695431472081, 0.11246200607902737, 0.15899581589958156, 0.5, 0.35208181154128226, 0.3804347826086958, 0.2666666666666666, 0.6363636363636362, 7
0.328125, 0.28431372549019607, 0.3, 0.040609137055837574, 0.04863221884498481, 0.26778242677824265, 0.3553719008264463, 0.20087655222791057, 0.5543478260869561, 0.4, 0.6363636363636362, 7
0.28125, 0.21078431372549017, 0.26, 0.020304568527918787, 0.05471124620060791, 0.30962343096234307, 0.3842975206611571, 0.32359386413440916, 0.6739130434782612, 0.4, 0.38181818181818183, 6
0.453125, 0.4117647058823529, 0.36, 0.5482233502538071, 0.2401215805471125, 0.12552301255230125, 0.34297520661157027, 0.6800584368152016, 0.28260869565217384, 0.30666666666666664, 0.19999999999999996, 5
0.4375, 0.29411764705882354, 0.29, 0.08629441624365482, 0.36170212765957455, 0.100418410041841, 0.34710743801652894, 0.4565376186997838, 0.3586956521739131, 0.45333333333333325, 0.18181818181818188, 5
0.375, 0.2696078431372549, 0.35, 0.06598984771573604, 0.08814589665653497, 0.2343096234309623, 0.3553719008264463, 0.0810810810810807, 0.2282608695652173, 0.2666666666666666, 0.9272727272727272, 6
0.5625, 0.1372549019607843, 0.26, 0.025380710659898477, 0.05471124620060791, 0.12552301255230125, 0.36363636363636365, 0.3900657414171036, 0.2934782608695654, 0.19999999999999996, 0.21818181818181803, 6
0.171875, 0.15196078431372548, 0.27, 0.5609137055837563, 0.039513677811550144, 0.25941422594142255, 0.4504132231404959, 0.6055514974434004, 0.23913043478260843, 0.31999999999999995, 0.1636363636363638, 6
0.375, 0.12745098039215685, 0.29, 0.04568527918781727, 0.0668693009118541, 0.17573221757322172, 0.34297520661157027, 0.2943754565376224, 0.4565217391304346, 0.31999999999999995, 0.49090909090909074, 6
0.4375, 0.23529411764705882, 0.36, 0.37055837563451777, 0.09118541033434652, 0.4518828451882845, 0.6570247933884298, 0.5690284879474206, 0.3260869565217388, 0.2666666666666666, 0.19999999999999996, 5
0.34375, 0.12745098039215685, 0.38, 0.005076142131979704, 0.009118541033434652, 0.15899581589958156, 0.3677685950413223, 0.16800584368152727, 0.445652173913043, 0.07999999999999996, 0.6000000000000001, 6